rundate,this_period,last_period,reporting_airport_group_name,reporting_airport_name,total_pax_this_period,total_pax_last_period,total_pax_percent,terminal_pax_this_period,terminal_pax_last_period,terminal_pax_percent,transit_pax_this_period,transit_pax_last_period,transit_pax_percent
8/10/2018 12:01:47 PM,201804,201704,Other UK Airports,ABERDEEN,254237,248554,2.286425,254237,248392,2.353135,0,162,Null
8/10/2018 12:01:47 PM,201804,201704,Non UK Reporting Airports,ALDERNEY,4096,4629,-11.514366,4096,4629,-11.514366,0,0,Null
8/10/2018 12:01:47 PM,201804,201704,Other UK Airports,BARRA,1402,1338,4.783259,1402,1338,4.783259,0,0,Null
8/10/2018 12:01:47 PM,201804,201704,Other UK Airports,BELFAST CITY (GEORGE BEST),204267,217699,-6.169987,203961,217699,-6.310548,306,0,Null
8/10/2018 12:01:47 PM,201804,201704,Other UK Airports,BELFAST INTERNATIONAL,498574,499007,-0.086772,498574,499007,-0.086772,0,0,Null
8/10/2018 12:01:47 PM,201804,201704,Other UK Airports,BENBECULA,2721,2812,-3.236131,2721,2788,-2.403156,0,24,Null
8/10/2018 12:01:47 PM,201804,201704,Other UK Airports,BIGGIN HILL,124,9,1277.777778,124,9,1277.777778,0,0,Null
8/10/2018 12:01:47 PM,201804,201704,Other UK Airports,BIRMINGHAM,962715,1063571,-9.482771,962676,1063293,-9.462773,39,278,-85.971223
8/10/2018 12:01:47 PM,201804,201704,Other UK Airports,BLACKPOOL,2297,1504,52.726064,2297,1504,52.726064,0,0,Null
8/10/2018 12:01:47 PM,201804,201704,Other UK Airports,BOURNEMOUTH,64431,63469,1.515701,64431,63469,1.515701,0,0,Null
8/10/2018 12:01:47 PM,201804,201704,Other UK Airports,BRISTOL,703428,673997,4.366637,702940,673440,4.380494,488,557,-12.387792
8/10/2018 12:01:47 PM,201804,201704,Other UK Airports,CAMPBELTOWN,651,657,-0.913242,645,657,-1.826484,6,0,Null
8/10/2018 12:01:47 PM,201804,201704,Other UK Airports,CARDIFF WALES,105117,95780,9.748382,104874,95780,9.494675,243,0,Null
8/10/2018 12:01:47 PM,201804,201704,Other UK Airports,CITY OF DERRY (EGLINTON),14988,10568,41.824375,14988,10568,41.824375,0,0,Null
8/10/2018 12:01:47 PM,201804,201704,Other UK Airports,DONCASTER SHEFFIELD,94263,103062,-8.537579,94261,103062,-8.539520,2,0,Null
8/10/2018 12:01:47 PM,201804,201704,Other UK Airports,DUNDEE,1562,1921,-18.688183,1562,1921,-18.688183,0,0,Null
8/10/2018 12:01:47 PM,201804,201704,Other UK Airports,DURHAM TEES VALLEY,11905,10069,18.234184,11811,9971,18.453515,94,98,-4.081633
8/10/2018 12:01:47 PM,201804,201704,Other UK Airports,EAST MIDLANDS INTERNATIONAL,405286,404227,0.261982,405286,404227,0.261982,0,0,Null
8/10/2018 12:01:47 PM,201804,201704,Other UK Airports,EDINBURGH,1205233,1140823,5.645924,1205233,1140823,5.645924,0,0,Null
8/10/2018 12:01:47 PM,201804,201704,Other UK Airports,EXETER,74967,75665,-0.922487,74967,75665,-0.922487,0,0,Null
8/10/2018 12:01:47 PM,201804,201704,London Area Airports,GATWICK,3742717,3795636,-1.394206,3742456,3795583,-1.399706,261,53,392.452830
8/10/2018 12:01:47 PM,201804,201704,Other UK Airports,GLASGOW,798259,785992,1.560703,798259,785719,1.595990,0,273,Null
8/10/2018 12:01:47 PM,201804,201704,Non UK Reporting Airports,GUERNSEY,66049,71125,-7.136731,63653,68498,-7.073199,2396,2627,-8.793300
8/10/2018 12:01:47 PM,201804,201704,London Area Airports,HEATHROW,6537414,6732994,-2.904800,6535698,6731652,-2.910935,1716,1342,27.868852
8/10/2018 12:01:47 PM,201804,201704,Other UK Airports,HUMBERSIDE,13992,15310,-8.608752,13938,15300,-8.901961,54,10,440.000000
8/10/2018 12:01:47 PM,201804,201704,Other UK Airports,INVERNESS,79455,76965,3.235237,79431,76892,3.302034,24,73,-67.123288
8/10/2018 12:01:47 PM,201804,201704,Other UK Airports,ISLAY,3023,2695,12.170686,3000,2676,12.107623,23,19,21.052632
8/10/2018 12:01:47 PM,201804,201704,Non UK Reporting Airports,ISLE OF MAN,65462,63338,3.353437,65462,63303,3.410581,0,35,Null
8/10/2018 12:01:47 PM,201804,201704,Other UK Airports,ISLES OF SCILLY (ST.MARYS),9098,10755,-15.406788,9098,10755,-15.406788,0,0,Null
8/10/2018 12:01:47 PM,201804,201704,Non UK Reporting Airports,JERSEY,117734,143292,-17.836306,117734,141122,-16.572894,0,2170,Null
8/10/2018 12:01:47 PM,201804,201704,Other UK Airports,KIRKWALL,15096,14042,7.506053,14039,12846,9.286938,1057,1196,-11.622074
8/10/2018 12:01:47 PM,201804,201704,Other UK Airports,LANDS END (ST JUST),5958,7208,-17.341842,5957,6951,-14.300101,1,257,-99.610895
8/10/2018 12:01:47 PM,201804,201704,Other UK Airports,LEEDS BRADFORD,300208,331000,-9.302719,299961,330975,-9.370496,247,25,888.000000
8/10/2018 12:01:47 PM,201804,201704,Other UK Airports,LERWICK (TINGWALL),337,250,34.800000,337,250,34.800000,0,0,Null
8/10/2018 12:01:47 PM,201804,201704,Other UK Airports,LIVERPOOL (JOHN LENNON),438296,438601,-0.069539,438117,438082,0.007989,179,519,-65.510597
8/10/2018 12:01:47 PM,201804,201704,London Area Airports,LONDON CITY,385190,359802,7.056103,385190,359802,7.056103,0,0,Null
8/10/2018 12:01:47 PM,201804,201704,London Area Airports,LUTON,1404430,1358471,3.383142,1403688,1358471,3.328522,742,0,Null
8/10/2018 12:01:47 PM,201804,201704,Other UK Airports,LYDD,0,67,Null,0,67,Null,0,0,Null
8/10/2018 12:01:47 PM,201804,201704,Other UK Airports,MANCHESTER,2202186,2247266,-2.005993,2198411,2242804,-1.979353,3775,4462,-15.396683
8/10/2018 12:01:47 PM,201804,201704,Other UK Airports,NEWCASTLE,402096,404141,-0.506012,401971,404024,-0.508138,125,117,6.837607
8/10/2018 12:01:47 PM,201804,201704,Other UK Airports,NEWQUAY,38445,41795,-8.015313,38440,41551,-7.487184,5,244,-97.950820
8/10/2018 12:01:47 PM,201804,201704,Other UK Airports,NORWICH,35774,36838,-2.888322,35774,36838,-2.888322,0,0,Null
8/10/2018 12:01:47 PM,201804,201704,Other UK Airports,PRESTWICK,74901,72435,3.404432,74896,72430,3.404667,5,5,(None)
8/10/2018 12:01:47 PM,201804,201704,Other UK Airports,SCATSTA,16213,13622,19.020702,16213,13622,19.020702,0,0,Null
8/10/2018 12:01:47 PM,201804,201704,Other UK Airports,SOUTHAMPTON,168899,166198,1.625170,168899,166084,1.694925,0,114,Null
8/10/2018 12:01:47 PM,201804,201704,London Area Airports,SOUTHEND,113203,87666,29.129879,113203,87666,29.129879,0,0,Null
8/10/2018 12:01:47 PM,201804,201704,London Area Airports,STANSTED,2363926,2187964,8.042271,2363800,2187508,8.059033,126,456,-72.368421
8/10/2018 12:01:47 PM,201804,201704,Other UK Airports,STORNOWAY,10409,10590,-1.709160,10287,10462,-1.672720,122,128,-4.687500
8/10/2018 12:01:47 PM,201804,201704,Other UK Airports,SUMBURGH,19154,17056,12.300657,19148,17056,12.265478,6,0,Null
8/10/2018 12:01:47 PM,201804,201704,Other UK Airports,TIREE,1031,1070,-3.644860,995,1050,-5.238095,36,20,80.000000
8/10/2018 12:01:47 PM,201804,201704,Other UK Airports,WICK JOHN O GROATS,1346,1334,0.899550,1346,1324,1.661631,0,10,Null

