rundate,this_period,foreign_region,foreign_country,UK_airport,foreign_airport,total_pax_this_period,total_pax_scheduled_this_period,total_pax_charter_this_period,total_pax_last_period,total_pax_scheduled_last_period,total_pax_charter_last_period,total_pax_percent
24/07/2020 10:40,202003,WESTERN EUROPE-EU,AUSTRIA,GATWICK,INNSBRUCK,16748,14261,2487,42602,33738,8864,-60.687292
24/07/2020 10:40,202003,WESTERN EUROPE-EU,AUSTRIA,GATWICK,KLAGENFURT,803,803,0,2423,2423,0,-66.859265
24/07/2020 10:40,202003,WESTERN EUROPE-EU,AUSTRIA,GATWICK,SALZBURG,11753,11036,717,22264,19343,2921,-47.210744
24/07/2020 10:40,202003,WESTERN EUROPE-EU,AUSTRIA,GATWICK,VIENNA,6138,6138,0,22693,22693,0,-72.952012
24/07/2020 10:40,202003,WESTERN EUROPE-EU,AUSTRIA,HEATHROW,INNSBRUCK,3044,3044,0,8966,8966,0,-66.04952
24/07/2020 10:40,202003,WESTERN EUROPE-EU,AUSTRIA,HEATHROW,SALZBURG,2053,2053,0,4447,4447,0,-53.834045
24/07/2020 10:40,202003,WESTERN EUROPE-EU,AUSTRIA,HEATHROW,VIENNA,20745,20745,0,57164,57164,0,-63.709677
24/07/2020 10:40,202003,WESTERN EUROPE-EU,AUSTRIA,LUTON,INNSBRUCK,1964,1964,0,2657,2657,0,-26.082047
24/07/2020 10:40,202003,WESTERN EUROPE-EU,AUSTRIA,LUTON,SALZBURG,1338,1338,0,2769,2398,371,-51.679307
24/07/2020 10:40,202003,WESTERN EUROPE-EU,AUSTRIA,LUTON,VIENNA,1999,1999,0,4916,4916,0,-59.336859
24/07/2020 10:40,202003,WESTERN EUROPE-EU,AUSTRIA,STANSTED,GRAZ,0,0,0,167,167,0,-100
24/07/2020 10:40,202003,WESTERN EUROPE-EU,AUSTRIA,STANSTED,INNSBRUCK,1451,433,1018,3097,1127,1970,-53.148208
24/07/2020 10:40,202003,WESTERN EUROPE-EU,AUSTRIA,STANSTED,SALZBURG,4144,3958,186,11177,10759,418,-62.923862
24/07/2020 10:40,202003,WESTERN EUROPE-EU,AUSTRIA,STANSTED,VIENNA,7513,7513,0,21003,21003,0,-64.22892
24/07/2020 10:40,202003,WESTERN EUROPE-EU,AUSTRIA,BELFAST CITY (GEORGE BEST),SALZBURG,0,0,0,244,0,244,-100
24/07/2020 10:40,202003,WESTERN EUROPE-EU,AUSTRIA,BELFAST INTERNATIONAL,SALZBURG,1126,460,666,2932,2049,883,-61.59618
24/07/2020 10:40,202003,WESTERN EUROPE-EU,AUSTRIA,BIRMINGHAM,INNSBRUCK,1682,473,1209,3187,0,3187,-47.223094
24/07/2020 10:40,202003,WESTERN EUROPE-EU,AUSTRIA,BIRMINGHAM,SALZBURG,1093,481,612,2697,1405,1292,-59.473489
24/07/2020 10:40,202003,WESTERN EUROPE-EU,AUSTRIA,BIRMINGHAM,VIENNA,2661,2661,0,1813,1813,0,46.773304
24/07/2020 10:40,202003,WESTERN EUROPE-EU,AUSTRIA,BRISTOL,INNSBRUCK,2649,1783,866,5919,3111,2808,-55.245819
24/07/2020 10:40,202003,WESTERN EUROPE-EU,AUSTRIA,BRISTOL,SALZBURG,1057,893,164,3210,2669,541,-67.071651
24/07/2020 10:40,202003,WESTERN EUROPE-EU,AUSTRIA,BRISTOL,VIENNA,1642,1642,0,2817,2817,0,-41.71104
24/07/2020 10:40,202003,WESTERN EUROPE-EU,AUSTRIA,EAST MIDLANDS INTERNATIONAL,SALZBURG,643,509,134,1436,1040,396,-55.222841
24/07/2020 10:40,202003,WESTERN EUROPE-EU,AUSTRIA,EDINBURGH,INNSBRUCK,824,0,824,2984,0,2984,-72.386059
24/07/2020 10:40,202003,WESTERN EUROPE-EU,AUSTRIA,EDINBURGH,SALZBURG,818,527,291,2301,1691,610,-64.450239
24/07/2020 10:40,202003,WESTERN EUROPE-EU,AUSTRIA,EDINBURGH,VIENNA,2624,2624,0,2828,2828,0,-7.213579
24/07/2020 10:40,202003,WESTERN EUROPE-EU,AUSTRIA,GLASGOW,SALZBURG,0,0,0,473,0,473,-100
24/07/2020 10:40,202003,WESTERN EUROPE-EU,AUSTRIA,LEEDS BRADFORD,SALZBURG,396,396,0,1313,1313,0,-69.840061
24/07/2020 10:40,202003,WESTERN EUROPE-EU,AUSTRIA,LIVERPOOL (JOHN LENNON),SALZBURG,436,436,0,1356,1356,0,-67.846608
24/07/2020 10:40,202003,WESTERN EUROPE-EU,AUSTRIA,LIVERPOOL (JOHN LENNON),VIENNA,1082,1082,0,0,0,0,0
24/07/2020 10:40,202003,WESTERN EUROPE-EU,AUSTRIA,MANCHESTER,INNSBRUCK,3294,1200,2094,10370,5134,5236,-68.235294
24/07/2020 10:40,202003,WESTERN EUROPE-EU,AUSTRIA,MANCHESTER,LINZ,132,0,132,0,0,0,0
24/07/2020 10:40,202003,WESTERN EUROPE-EU,AUSTRIA,MANCHESTER,SALZBURG,1873,1035,838,4451,2723,1728,-57.919569
24/07/2020 10:40,202003,WESTERN EUROPE-EU,AUSTRIA,MANCHESTER,VIENNA,3170,3170,0,8515,8515,0,-62.77158
24/07/2020 10:40,202003,WESTERN EUROPE-EU,AUSTRIA,NEWCASTLE,INNSBRUCK,517,517,0,1067,1067,0,-51.546392
24/07/2020 10:40,202003,WESTERN EUROPE-EU,AUSTRIA,NEWCASTLE,SALZBURG,185,185,0,438,438,0,-57.762557
24/07/2020 10:40,202003,WESTERN EUROPE-EU,BELGIUM,GATWICK,BRUSSELS,105,105,0,722,722,0,-85.457064
24/07/2020 10:40,202003,WESTERN EUROPE-EU,BELGIUM,HEATHROW,BRUSSELS,21379,21379,0,58747,58747,0,-63.608354
24/07/2020 10:40,202003,WESTERN EUROPE-EU,BELGIUM,LONDON CITY,ANTWERP,1672,1672,0,0,0,0,0
24/07/2020 10:40,202003,WESTERN EUROPE-EU,BELGIUM,SOUTHEND,ANTWERP,0,0,0,489,489,0,-100
24/07/2020 10:40,202003,WESTERN EUROPE-EU,BELGIUM,STANSTED,BRUSSELS,0,0,0,181,181,0,-100
24/07/2020 10:40,202003,WESTERN EUROPE-EU,BELGIUM,ABERDEEN,BRUSSELS,459,459,0,0,0,0,0
24/07/2020 10:40,202003,WESTERN EUROPE-EU,BELGIUM,BIRMINGHAM,BRUSSELS,4352,4352,0,10996,10996,0,-60.421972
24/07/2020 10:40,202003,WESTERN EUROPE-EU,BELGIUM,BRISTOL,BRUSSELS,1954,1954,0,0,0,0,0
24/07/2020 10:40,202003,WESTERN EUROPE-EU,BELGIUM,EDINBURGH,BRUSSELS,4268,4268,0,11629,11629,0,-63.29865
24/07/2020 10:40,202003,WESTERN EUROPE-EU,BELGIUM,EDINBURGH,CHARLEROI,3474,3474,0,5854,5854,0,-40.655962
24/07/2020 10:40,202003,WESTERN EUROPE-EU,BELGIUM,MANCHESTER,BRUSSELS,7009,6729,280,20383,20383,0,-65.613501
24/07/2020 10:40,202003,WESTERN EUROPE-EU,BELGIUM,MANCHESTER,CHARLEROI,5653,5653,0,13000,13000,0,-56.515385
24/07/2020 10:40,202003,WESTERN EUROPE-EU,BELGIUM,MANCHESTER,LIEGE,0,0,0,122,0,122,-100
24/07/2020 10:40,202003,WESTERN EUROPE-EU,BELGIUM,MANCHESTER,OSTEND,0,0,0,122,0,122,-100
24/07/2020 10:40,202003,WESTERN EUROPE-EU,BELGIUM,NEWCASTLE,BRUSSELS,526,526,0,321,321,0,63.862928
24/07/2020 10:40,202003,WESTERN EUROPE-EU,CROATIA,GATWICK,DUBROVNIK,2161,1525,636,2641,2641,0,-18.174934
24/07/2020 10:40,202003,WESTERN EUROPE-EU,CROATIA,GATWICK,SPLIT,149,0,149,264,264,0,-43.560606
24/07/2020 10:40,202003,WESTERN EUROPE-EU,CROATIA,HEATHROW,ZAGREB,7638,7638,0,12277,12277,0,-37.786104
24/07/2020 10:40,202003,WESTERN EUROPE-EU,CROATIA,BIRMINGHAM,DUBROVNIK,267,0,267,0,0,0,0
24/07/2020 10:40,202003,WESTERN EUROPE-EU,CROATIA,EDINBURGH,DUBROVNIK,0,0,0,198,198,0,-100
24/07/2020 10:40,202003,WESTERN EUROPE-EU,CROATIA,LEEDS BRADFORD,DUBROVNIK,0,0,0,112,112,0,-100
24/07/2020 10:40,202003,WESTERN EUROPE-EU,CROATIA,MANCHESTER,DUBROVNIK,396,0,396,510,510,0,-22.352941
24/07/2020 10:40,202003,WESTERN EUROPE-EU,CYPRUS,GATWICK,LARNACA,4098,4098,0,9888,9541,347,-58.555825
24/07/2020 10:40,202003,WESTERN EUROPE-EU,CYPRUS,GATWICK,PAPHOS,8645,6989,1656,21440,15266,6174,-59.678172
24/07/2020 10:40,202003,WESTERN EUROPE-EU,CYPRUS,HEATHROW,LARNACA,9031,8867,164,12335,12335,0,-26.78557
24/07/2020 10:40,202003,WESTERN EUROPE-EU,CYPRUS,LUTON,LARNACA,4360,4360,0,15016,15016,0,-70.964305
24/07/2020 10:40,202003,WESTERN EUROPE-EU,CYPRUS,LUTON,PAPHOS,3130,2609,521,7586,6430,1156,-58.739784
24/07/2020 10:40,202003,WESTERN EUROPE-EU,CYPRUS,STANSTED,LARNACA,677,677,0,0,0,0,0
24/07/2020 10:40,202003,WESTERN EUROPE-EU,CYPRUS,STANSTED,PAPHOS,7976,7976,0,15932,13886,2046,-49.937233
24/07/2020 10:40,202003,WESTERN EUROPE-EU,CYPRUS,BIGGIN HILL,LARNACA,2,0,2,0,0,0,0
24/07/2020 10:40,202003,WESTERN EUROPE-EU,CYPRUS,BIRMINGHAM,LARNACA,0,0,0,4054,3856,198,-100
24/07/2020 10:40,202003,WESTERN EUROPE-EU,CYPRUS,BIRMINGHAM,PAPHOS,1955,1829,126,5815,3107,2708,-66.380052
24/07/2020 10:40,202003,WESTERN EUROPE-EU,CYPRUS,BOURNEMOUTH,PAPHOS,669,0,669,3487,3022,465,-80.814454
24/07/2020 10:40,202003,WESTERN EUROPE-EU,CYPRUS,BRISTOL,LARNACA,1507,1507,0,2942,2764,178,-48.776343
24/07/2020 10:40,202003,WESTERN EUROPE-EU,CYPRUS,BRISTOL,PAPHOS,2009,1414,595,6234,4619,1615,-67.7735
24/07/2020 10:40,202003,WESTERN EUROPE-EU,CYPRUS,CARDIFF WALES,PAPHOS,711,0,711,1374,0,1374,-48.253275
24/07/2020 10:40,202003,WESTERN EUROPE-EU,CYPRUS,DONCASTER SHEFFIELD,PAPHOS,793,0,793,1431,0,1431,-44.584207
24/07/2020 10:40,202003,WESTERN EUROPE-EU,CYPRUS,EAST MIDLANDS INTERNATIONAL,PAPHOS,2261,1477,784,2827,1609,1218,-20.021224
24/07/2020 10:40,202003,WESTERN EUROPE-EU,CYPRUS,EDINBURGH,LARNACA,0,0,0,191,0,191,-100
24/07/2020 10:40,202003,WESTERN EUROPE-EU,CYPRUS,EDINBURGH,PAPHOS,2093,2093,0,6049,4799,1250,-65.39924
24/07/2020 10:40,202003,WESTERN EUROPE-EU,CYPRUS,EXETER,LARNACA,0,0,0,142,0,142,-100
24/07/2020 10:40,202003,WESTERN EUROPE-EU,CYPRUS,EXETER,PAPHOS,0,0,0,159,0,159,-100
24/07/2020 10:40,202003,WESTERN EUROPE-EU,CYPRUS,GLASGOW,LARNACA,0,0,0,189,0,189,-100
24/07/2020 10:40,202003,WESTERN EUROPE-EU,CYPRUS,GLASGOW,PAPHOS,1789,1224,565,3473,2045,1428,-48.488339
24/07/2020 10:40,202003,WESTERN EUROPE-EU,CYPRUS,LEEDS BRADFORD,LARNACA,0,0,0,210,210,0,-100
24/07/2020 10:40,202003,WESTERN EUROPE-EU,CYPRUS,LEEDS BRADFORD,PAPHOS,1465,1465,0,2128,2128,0,-31.156015
24/07/2020 10:40,202003,WESTERN EUROPE-EU,CYPRUS,LIVERPOOL (JOHN LENNON),LARNACA,1360,1360,0,3162,3162,0,-56.989247
24/07/2020 10:40,202003,WESTERN EUROPE-EU,CYPRUS,LIVERPOOL (JOHN LENNON),PAPHOS,1286,1286,0,2889,2889,0,-55.486327
24/07/2020 10:40,202003,WESTERN EUROPE-EU,CYPRUS,MANCHESTER,LARNACA,0,0,0,576,214,362,-100
24/07/2020 10:40,202003,WESTERN EUROPE-EU,CYPRUS,MANCHESTER,PAPHOS,9137,6407,2730,20774,14126,6648,-56.017137
24/07/2020 10:40,202003,WESTERN EUROPE-EU,CYPRUS,NEWCASTLE,PAPHOS,1695,1695,0,3471,3471,0,-51.166811
24/07/2020 10:40,202003,WESTERN EUROPE-EU,DENMARK,GATWICK,AARHUS (TIRSTRUP),702,702,0,1790,1790,0,-60.782123
24/07/2020 10:40,202003,WESTERN EUROPE-EU,DENMARK,GATWICK,COPENHAGEN,22946,22946,0,64634,64634,0,-64.498561
24/07/2020 10:40,202003,WESTERN EUROPE-EU,DENMARK,HEATHROW,BILLUND,3411,3411,0,9694,9694,0,-64.813287
24/07/2020 10:40,202003,WESTERN EUROPE-EU,DENMARK,HEATHROW,COPENHAGEN,29254,29254,0,78779,78779,0,-62.865738
24/07/2020 10:40,202003,WESTERN EUROPE-EU,DENMARK,LONDON CITY,BILLUND,449,449,0,1868,1868,0,-75.963597
24/07/2020 10:40,202003,WESTERN EUROPE-EU,DENMARK,LUTON,COPENHAGEN,3466,3466,0,10304,10304,0,-66.362578
24/07/2020 10:40,202003,WESTERN EUROPE-EU,DENMARK,STANSTED,AALBORG,1158,1158,0,4807,4807,0,-75.910131
24/07/2020 10:40,202003,WESTERN EUROPE-EU,DENMARK,STANSTED,AARHUS (TIRSTRUP),2559,2559,0,6664,6664,0,-61.59964
24/07/2020 10:40,202003,WESTERN EUROPE-EU,DENMARK,STANSTED,BILLUND,5754,5754,0,17087,17087,0,-66.325277
24/07/2020 10:40,202003,WESTERN EUROPE-EU,DENMARK,STANSTED,COPENHAGEN,12088,12088,0,24423,24423,0,-50.505671
24/07/2020 10:40,202003,WESTERN EUROPE-EU,DENMARK,ABERDEEN,COPENHAGEN,866,866,0,2513,2513,0,-65.539196
24/07/2020 10:40,202003,WESTERN EUROPE-EU,DENMARK,ABERDEEN,ESBJERG,473,473,0,870,870,0,-45.632184
24/07/2020 10:40,202003,WESTERN EUROPE-EU,DENMARK,BIRMINGHAM,COPENHAGEN,2620,2620,0,7249,7249,0,-63.857084
24/07/2020 10:40,202003,WESTERN EUROPE-EU,DENMARK,BRISTOL,COPENHAGEN,1517,1517,0,2892,2892,0,-47.544952
24/07/2020 10:40,202003,WESTERN EUROPE-EU,DENMARK,EDINBURGH,COPENHAGEN,5431,5431,0,15657,15657,0,-65.31264
24/07/2020 10:40,202003,WESTERN EUROPE-EU,DENMARK,LIVERPOOL (JOHN LENNON),COPENHAGEN,1093,1093,0,0,0,0,0
24/07/2020 10:40,202003,WESTERN EUROPE-EU,DENMARK,MANCHESTER,BILLUND,1692,1677,15,1906,1906,0,-11.227702
24/07/2020 10:40,202003,WESTERN EUROPE-EU,DENMARK,MANCHESTER,COPENHAGEN,10095,10095,0,28656,28656,0,-64.771776
24/07/2020 10:40,202003,WESTERN EUROPE-EU,DENMARK,NEWCASTLE,COPENHAGEN,0,0,0,73,73,0,-100
24/07/2020 10:40,202003,WESTERN EUROPE-EU,FINLAND,GATWICK,HELSINKI,8940,8940,0,20182,20182,0,-55.703102
24/07/2020 10:40,202003,WESTERN EUROPE-EU,FINLAND,GATWICK,IVALO,683,683,0,1242,1242,0,-45.008052
24/07/2020 10:40,202003,WESTERN EUROPE-EU,FINLAND,GATWICK,KITTILA,1076,276,800,1144,487,657,-5.944056
24/07/2020 10:40,202003,WESTERN EUROPE-EU,FINLAND,GATWICK,ROVANIEMI,2740,2740,0,5589,5589,0,-50.97513
24/07/2020 10:40,202003,WESTERN EUROPE-EU,FINLAND,HEATHROW,HELSINKI,30952,30952,0,61504,61504,0,-49.674818
24/07/2020 10:40,202003,WESTERN EUROPE-EU,FINLAND,ABERDEEN,ENONTEKIO,246,0,246,0,0,0,0
24/07/2020 10:40,202003,WESTERN EUROPE-EU,FINLAND,BIRMINGHAM,ENONTEKIO,0,0,0,71,0,71,-100
24/07/2020 10:40,202003,WESTERN EUROPE-EU,FINLAND,BOURNEMOUTH,ENONTEKIO,0,0,0,300,0,300,-100
24/07/2020 10:40,202003,WESTERN EUROPE-EU,FINLAND,BRISTOL,KITTILA,186,0,186,180,180,0,3.333333
24/07/2020 10:40,202003,WESTERN EUROPE-EU,FINLAND,DONCASTER SHEFFIELD,ENONTEKIO,123,0,123,0,0,0,0
24/07/2020 10:40,202003,WESTERN EUROPE-EU,FINLAND,EAST MIDLANDS INTERNATIONAL,ENONTEKIO,141,0,141,0,0,0,0
24/07/2020 10:40,202003,WESTERN EUROPE-EU,FINLAND,EDINBURGH,HELSINKI,661,661,0,1667,1667,0,-60.34793
24/07/2020 10:40,202003,WESTERN EUROPE-EU,FINLAND,EXETER,ENONTEKIO,125,0,125,0,0,0,0
24/07/2020 10:40,202003,WESTERN EUROPE-EU,FINLAND,HUMBERSIDE,ENONTEKIO,158,0,158,0,0,0,0
24/07/2020 10:40,202003,WESTERN EUROPE-EU,FINLAND,MANCHESTER,ENONTEKIO,211,211,0,268,0,268,-21.268657
24/07/2020 10:40,202003,WESTERN EUROPE-EU,FINLAND,MANCHESTER,HELSINKI,6042,6042,0,11164,11164,0,-45.879613
24/07/2020 10:40,202003,WESTERN EUROPE-EU,FINLAND,MANCHESTER,KITTILA,187,0,187,870,0,870,-78.505747
24/07/2020 10:40,202003,WESTERN EUROPE-EU,FINLAND,NEWCASTLE,ENONTEKIO,71,71,0,241,241,0,-70.539419
24/07/2020 10:40,202003,WESTERN EUROPE-EU,FRANCE,GATWICK,BORDEAUX,12055,12055,0,23728,23728,0,-49.195044
24/07/2020 10:40,202003,WESTERN EUROPE-EU,FRANCE,GATWICK,CHAMBERY,6756,0,6756,13473,0,13473,-49.855266
24/07/2020 10:40,202003,WESTERN EUROPE-EU,FRANCE,GATWICK,GRENOBLE,13475,6426,7049,32057,11882,20175,-57.965499
24/07/2020 10:40,202003,WESTERN EUROPE-EU,FRANCE,GATWICK,LYON,16304,12109,4195,27967,23264,4703,-41.702721
24/07/2020 10:40,202003,WESTERN EUROPE-EU,FRANCE,GATWICK,MARSEILLE,6022,6022,0,10327,10327,0,-41.68684
24/07/2020 10:40,202003,WESTERN EUROPE-EU,FRANCE,GATWICK,MONTPELLIER,4339,4339,0,9859,9859,0,-55.989451
24/07/2020 10:40,202003,WESTERN EUROPE-EU,FRANCE,GATWICK,NANTES,5660,5660,0,11598,11598,0,-51.198482
24/07/2020 10:40,202003,WESTERN EUROPE-EU,FRANCE,GATWICK,NICE,15869,15869,0,42595,42595,0,-62.744454
24/07/2020 10:40,202003,WESTERN EUROPE-EU,FRANCE,GATWICK,PARIS (CHARLES DE GAULLE),21024,21008,16,48973,48973,0,-57.070222
24/07/2020 10:40,202003,WESTERN EUROPE-EU,FRANCE,GATWICK,TOULOUSE (BLAGNAC),12260,10355,1905,22268,20659,1609,-44.943417
24/07/2020 10:40,202003,WESTERN EUROPE-EU,FRANCE,HEATHROW,GRENOBLE,1001,1001,0,1215,1215,0,-17.613169
24/07/2020 10:40,202003,WESTERN EUROPE-EU,FRANCE,HEATHROW,LYON,13680,13680,0,26239,26239,0,-47.863867
24/07/2020 10:40,202003,WESTERN EUROPE-EU,FRANCE,HEATHROW,MARSEILLE,9748,9446,302,21423,21423,0,-54.497503
24/07/2020 10:40,202003,WESTERN EUROPE-EU,FRANCE,HEATHROW,NICE,12371,12371,0,34478,34478,0,-64.119148
24/07/2020 10:40,202003,WESTERN EUROPE-EU,FRANCE,HEATHROW,PARIS (CHARLES DE GAULLE),46844,46844,0,115255,115255,0,-59.35621
24/07/2020 10:40,202003,WESTERN EUROPE-EU,FRANCE,HEATHROW,TOULOUSE (BLAGNAC),9505,9505,0,22060,22060,0,-56.912965
24/07/2020 10:40,202003,WESTERN EUROPE-EU,FRANCE,LONDON CITY,CHAMBERY,526,526,0,1176,1176,0,-55.272109
24/07/2020 10:40,202003,WESTERN EUROPE-EU,FRANCE,LONDON CITY,NICE,296,296,0,2939,2939,0,-89.928547
24/07/2020 10:40,202003,WESTERN EUROPE-EU,FRANCE,LONDON CITY,PARIS (ORLY),0,0,0,10287,10287,0,-100
24/07/2020 10:40,202003,WESTERN EUROPE-EU,FRANCE,LUTON,BEZIERS,1156,1156,0,2748,2748,0,-57.933042
24/07/2020 10:40,202003,WESTERN EUROPE-EU,FRANCE,LUTON,BORDEAUX,2725,2725,0,6355,6355,0,-57.120378
24/07/2020 10:40,202003,WESTERN EUROPE-EU,FRANCE,LUTON,CHAMBERY,0,0,0,804,0,804,-100
24/07/2020 10:40,202003,WESTERN EUROPE-EU,FRANCE,LUTON,GRENOBLE,2222,2222,0,3602,3456,146,-38.312049
24/07/2020 10:40,202003,WESTERN EUROPE-EU,FRANCE,LUTON,LYON,6430,6430,0,13382,13267,115,-51.950381
24/07/2020 10:40,202003,WESTERN EUROPE-EU,FRANCE,LUTON,MARSEILLE,1130,1130,0,2473,2473,0,-54.30651
24/07/2020 10:40,202003,WESTERN EUROPE-EU,FRANCE,LUTON,NANTES,2211,2211,0,4408,4408,0,-49.841198
24/07/2020 10:40,202003,WESTERN EUROPE-EU,FRANCE,LUTON,NICE,2946,2946,0,11456,11456,0,-74.284218
24/07/2020 10:40,202003,WESTERN EUROPE-EU,FRANCE,LUTON,PARIS (CHARLES DE GAULLE),12036,12036,0,27449,27449,0,-56.151408
24/07/2020 10:40,202003,WESTERN EUROPE-EU,FRANCE,LUTON,RENNES,0,0,0,146,0,146,-100
24/07/2020 10:40,202003,WESTERN EUROPE-EU,FRANCE,LUTON,TOULOUSE (BLAGNAC),0,0,0,4673,4673,0,-100
24/07/2020 10:40,202003,WESTERN EUROPE-EU,FRANCE,SOUTHEND,BREST,1092,1092,0,0,0,0,0
24/07/2020 10:40,202003,WESTERN EUROPE-EU,FRANCE,SOUTHEND,CAEN,107,107,0,601,601,0,-82.196339
24/07/2020 10:40,202003,WESTERN EUROPE-EU,FRANCE,SOUTHEND,LYON,0,0,0,2118,2118,0,-100
24/07/2020 10:40,202003,WESTERN EUROPE-EU,FRANCE,SOUTHEND,PARIS (CHARLES DE GAULLE),1856,1856,0,5181,5181,0,-64.1768
24/07/2020 10:40,202003,WESTERN EUROPE-EU,FRANCE,SOUTHEND,RENNES,90,90,0,2365,2365,0,-96.194503
24/07/2020 10:40,202003,WESTERN EUROPE-EU,FRANCE,STANSTED,BERGERAC,1867,1867,0,4416,4416,0,-57.72192
24/07/2020 10:40,202003,WESTERN EUROPE-EU,FRANCE,STANSTED,BIARRITZ,2024,2024,0,4081,4081,0,-50.404313
24/07/2020 10:40,202003,WESTERN EUROPE-EU,FRANCE,STANSTED,BORDEAUX,3712,3712,0,7126,7126,0,-47.909065
24/07/2020 10:40,202003,WESTERN EUROPE-EU,FRANCE,STANSTED,CARCASSONNE,1922,1922,0,4304,4304,0,-55.343866
24/07/2020 10:40,202003,WESTERN EUROPE-EU,FRANCE,STANSTED,CHAMBERY,2042,655,1387,4815,1447,3368,-57.590862
24/07/2020 10:40,202003,WESTERN EUROPE-EU,FRANCE,STANSTED,DINARD,2006,2006,0,4215,4215,0,-52.408066
24/07/2020 10:40,202003,WESTERN EUROPE-EU,FRANCE,STANSTED,DOLE,209,209,0,609,609,0,-65.681445
24/07/2020 10:40,202003,WESTERN EUROPE-EU,FRANCE,STANSTED,GRENOBLE,5598,5598,0,7642,7642,0,-26.746925
24/07/2020 10:40,202003,WESTERN EUROPE-EU,FRANCE,STANSTED,LA ROCHELLE,1111,1111,0,3069,3069,0,-63.799283
24/07/2020 10:40,202003,WESTERN EUROPE-EU,FRANCE,STANSTED,LIMOGES,3143,3143,0,6207,6207,0,-49.363622
24/07/2020 10:40,202003,WESTERN EUROPE-EU,FRANCE,STANSTED,LYON,1882,1882,0,3136,2772,364,-39.987245
24/07/2020 10:40,202003,WESTERN EUROPE-EU,FRANCE,STANSTED,MARSEILLE,4451,4451,0,9694,9694,0,-54.085001
24/07/2020 10:40,202003,WESTERN EUROPE-EU,FRANCE,STANSTED,NANTES,5059,5059,0,5588,5588,0,-9.466714
24/07/2020 10:40,202003,WESTERN EUROPE-EU,FRANCE,STANSTED,NICE,4539,4539,0,16315,16315,0,-72.178976
24/07/2020 10:40,202003,WESTERN EUROPE-EU,FRANCE,STANSTED,NIMES,0,0,0,2776,2776,0,-100
24/07/2020 10:40,202003,WESTERN EUROPE-EU,FRANCE,STANSTED,PARIS (CHARLES DE GAULLE),2154,2154,0,224,224,0,861.607143
24/07/2020 10:40,202003,WESTERN EUROPE-EU,FRANCE,STANSTED,POITIERS,1492,1492,0,2994,2994,0,-50.167001
24/07/2020 10:40,202003,WESTERN EUROPE-EU,FRANCE,STANSTED,RENNES,0,0,0,375,0,375,-100
24/07/2020 10:40,202003,WESTERN EUROPE-EU,FRANCE,STANSTED,TARBES-LOURDES INTERNATIONAL,1113,1113,0,2795,2795,0,-60.178891
24/07/2020 10:40,202003,WESTERN EUROPE-EU,FRANCE,STANSTED,TOULOUSE (BLAGNAC),8267,8267,0,17090,17090,0,-51.626682
24/07/2020 10:40,202003,WESTERN EUROPE-EU,FRANCE,STANSTED,TOURS,1502,1502,0,3082,3082,0,-51.265412
24/07/2020 10:40,202003,WESTERN EUROPE-EU,FRANCE,ABERDEEN,PARIS (CHARLES DE GAULLE),2778,2778,0,7918,7918,0,-64.915383
24/07/2020 10:40,202003,WESTERN EUROPE-EU,FRANCE,BELFAST CITY (GEORGE BEST),PARIS (CHARLES DE GAULLE),8,8,0,0,0,0,0
24/07/2020 10:40,202003,WESTERN EUROPE-EU,FRANCE,BELFAST INTERNATIONAL,LYON,436,436,0,1060,1060,0,-58.867925
24/07/2020 10:40,202003,WESTERN EUROPE-EU,FRANCE,BELFAST INTERNATIONAL,PARIS (CHARLES DE GAULLE),3238,3238,0,7640,7640,0,-57.617801
24/07/2020 10:40,202003,WESTERN EUROPE-EU,FRANCE,BIGGIN HILL,CHAMBERY,0,0,0,6,0,6,-100
24/07/2020 10:40,202003,WESTERN EUROPE-EU,FRANCE,BIGGIN HILL,NICE,4,0,4,15,0,15,-73.333333
24/07/2020 10:40,202003,WESTERN EUROPE-EU,FRANCE,BIGGIN HILL,PARIS (LE BOURGET),0,0,0,2,0,2,-100
24/07/2020 10:40,202003,WESTERN EUROPE-EU,FRANCE,BIRMINGHAM,BERGERAC,0,0,0,63,63,0,-100
24/07/2020 10:40,202003,WESTERN EUROPE-EU,FRANCE,BIRMINGHAM,BORDEAUX,0,0,0,53,53,0,-100
24/07/2020 10:40,202003,WESTERN EUROPE-EU,FRANCE,BIRMINGHAM,CHAMBERY,1409,0,1409,3565,765,2800,-60.476858
24/07/2020 10:40,202003,WESTERN EUROPE-EU,FRANCE,BIRMINGHAM,CLERMONT FERRAND,0,0,0,228,0,228,-100
24/07/2020 10:40,202003,WESTERN EUROPE-EU,FRANCE,BIRMINGHAM,GRENOBLE,2229,2133,96,4401,3006,1395,-49.35242
24/07/2020 10:40,202003,WESTERN EUROPE-EU,FRANCE,BIRMINGHAM,LYON,372,372,0,3163,3163,0,-88.239014
24/07/2020 10:40,202003,WESTERN EUROPE-EU,FRANCE,BIRMINGHAM,NANTES,0,0,0,59,59,0,-100
24/07/2020 10:40,202003,WESTERN EUROPE-EU,FRANCE,BIRMINGHAM,NICE,0,0,0,340,0,340,-100
24/07/2020 10:40,202003,WESTERN EUROPE-EU,FRANCE,BIRMINGHAM,PARIS (CHARLES DE GAULLE),10625,10625,0,34339,34339,0,-69.058505
24/07/2020 10:40,202003,WESTERN EUROPE-EU,FRANCE,BIRMINGHAM,TOULOUSE (BLAGNAC),893,0,893,496,0,496,80.040323
24/07/2020 10:40,202003,WESTERN EUROPE-EU,FRANCE,BOURNEMOUTH,NANTES,0,0,0,104,0,104,-100
24/07/2020 10:40,202003,WESTERN EUROPE-EU,FRANCE,BRISTOL,BORDEAUX,1206,1206,0,3027,3027,0,-60.158573
24/07/2020 10:40,202003,WESTERN EUROPE-EU,FRANCE,BRISTOL,CHAMBERY,1345,0,1345,3216,0,3216,-58.177861
24/07/2020 10:40,202003,WESTERN EUROPE-EU,FRANCE,BRISTOL,GRENOBLE,2656,2656,0,3976,3976,0,-33.199195
24/07/2020 10:40,202003,WESTERN EUROPE-EU,FRANCE,BRISTOL,LIMOGES,0,0,0,2724,2724,0,-100
24/07/2020 10:40,202003,WESTERN EUROPE-EU,FRANCE,BRISTOL,LYON,1220,1042,178,1434,1434,0,-14.923291
24/07/2020 10:40,202003,WESTERN EUROPE-EU,FRANCE,BRISTOL,NICE,1366,1366,0,4188,4188,0,-67.382999
24/07/2020 10:40,202003,WESTERN EUROPE-EU,FRANCE,BRISTOL,PARIS (CHARLES DE GAULLE),8535,8535,0,10007,10007,0,-14.709703
24/07/2020 10:40,202003,WESTERN EUROPE-EU,FRANCE,BRISTOL,TOULOUSE (BLAGNAC),2747,2183,564,7097,7097,0,-61.293504
24/07/2020 10:40,202003,WESTERN EUROPE-EU,FRANCE,CARDIFF WALES,CHAMBERY,0,0,0,720,720,0,-100
24/07/2020 10:40,202003,WESTERN EUROPE-EU,FRANCE,CARDIFF WALES,GRENOBLE,233,0,233,0,0,0,0
24/07/2020 10:40,202003,WESTERN EUROPE-EU,FRANCE,CARDIFF WALES,PARIS (CHARLES DE GAULLE),524,524,0,5063,5063,0,-89.650405
24/07/2020 10:40,202003,WESTERN EUROPE-EU,FRANCE,CARDIFF WALES,TOULOUSE (BLAGNAC),337,0,337,0,0,0,0
24/07/2020 10:40,202003,WESTERN EUROPE-EU,FRANCE,DONCASTER SHEFFIELD,NICE,0,0,0,123,0,123,-100
24/07/2020 10:40,202003,WESTERN EUROPE-EU,FRANCE,DONCASTER SHEFFIELD,PARIS (CHARLES DE GAULLE),0,0,0,1411,1411,0,-100
24/07/2020 10:40,202003,WESTERN EUROPE-EU,FRANCE,EAST MIDLANDS INTERNATIONAL,CHAMBERY,659,0,659,1763,0,1763,-62.620533
24/07/2020 10:40,202003,WESTERN EUROPE-EU,FRANCE,EAST MIDLANDS INTERNATIONAL,GRENOBLE,487,487,0,131,131,0,271.755725
24/07/2020 10:40,202003,WESTERN EUROPE-EU,FRANCE,EAST MIDLANDS INTERNATIONAL,LIMOGES,1605,1605,0,3056,3056,0,-47.480366
24/07/2020 10:40,202003,WESTERN EUROPE-EU,FRANCE,EAST MIDLANDS INTERNATIONAL,PARIS (CHARLES DE GAULLE),0,0,0,168,168,0,-100
24/07/2020 10:40,202003,WESTERN EUROPE-EU,FRANCE,EDINBURGH,BORDEAUX,1530,0,1530,0,0,0,0
24/07/2020 10:40,202003,WESTERN EUROPE-EU,FRANCE,EDINBURGH,CHAMBERY,815,0,815,1864,0,1864,-56.276824
24/07/2020 10:40,202003,WESTERN EUROPE-EU,FRANCE,EDINBURGH,GRENOBLE,1402,674,728,1658,1658,0,-15.44029
24/07/2020 10:40,202003,WESTERN EUROPE-EU,FRANCE,EDINBURGH,LYON,2522,487,2035,1455,1455,0,73.333333
24/07/2020 10:40,202003,WESTERN EUROPE-EU,FRANCE,EDINBURGH,MARSEILLE,2248,1578,670,3075,3075,0,-26.894309
24/07/2020 10:40,202003,WESTERN EUROPE-EU,FRANCE,EDINBURGH,NANTES,3117,2161,956,3122,3122,0,-0.160154
24/07/2020 10:40,202003,WESTERN EUROPE-EU,FRANCE,EDINBURGH,NICE,0,0,0,256,256,0,-100
24/07/2020 10:40,202003,WESTERN EUROPE-EU,FRANCE,EDINBURGH,PARIS (CHARLES DE GAULLE),18814,16400,2414,32687,32457,230,-42.441949
24/07/2020 10:40,202003,WESTERN EUROPE-EU,FRANCE,EDINBURGH,PARIS (LE BOURGET),96,0,96,0,0,0,0
24/07/2020 10:40,202003,WESTERN EUROPE-EU,FRANCE,EDINBURGH,PARIS (ORLY),453,0,453,320,320,0,41.5625
24/07/2020 10:40,202003,WESTERN EUROPE-EU,FRANCE,EDINBURGH,TOULOUSE (BLAGNAC),3704,1664,2040,3293,3051,242,12.48102
24/07/2020 10:40,202003,WESTERN EUROPE-EU,FRANCE,EXETER,CHAMBERY,703,0,703,1750,783,967,-59.828571
24/07/2020 10:40,202003,WESTERN EUROPE-EU,FRANCE,EXETER,LYON,0,0,0,176,0,176,-100
24/07/2020 10:40,202003,WESTERN EUROPE-EU,FRANCE,EXETER,PARIS (CHARLES DE GAULLE),660,660,0,6157,6157,0,-89.280494
24/07/2020 10:40,202003,WESTERN EUROPE-EU,FRANCE,GLASGOW,CHAMBERY,630,0,630,1807,0,1807,-65.135584
24/07/2020 10:40,202003,WESTERN EUROPE-EU,FRANCE,GLASGOW,GRENOBLE,659,659,0,1571,1571,0,-58.052196
24/07/2020 10:40,202003,WESTERN EUROPE-EU,FRANCE,GLASGOW,PARIS (CHARLES DE GAULLE),4521,4521,0,10052,9783,269,-55.023876
24/07/2020 10:40,202003,WESTERN EUROPE-EU,FRANCE,GLASGOW,STRASBOURG,0,0,0,41,0,41,-100
24/07/2020 10:40,202003,WESTERN EUROPE-EU,FRANCE,GUERNSEY,GRENOBLE,70,70,0,140,140,0,-50
24/07/2020 10:40,202003,WESTERN EUROPE-EU,FRANCE,INVERNESS,STRASBOURG,0,0,0,42,0,42,-100
24/07/2020 10:40,202003,WESTERN EUROPE-EU,FRANCE,LEEDS BRADFORD,GRENOBLE,523,523,0,1167,1167,0,-55.184233
24/07/2020 10:40,202003,WESTERN EUROPE-EU,FRANCE,LEEDS BRADFORD,NICE,191,191,0,1521,1521,0,-87.442472
24/07/2020 10:40,202003,WESTERN EUROPE-EU,FRANCE,LEEDS BRADFORD,PARIS (CHARLES DE GAULLE),2007,2007,0,4371,4371,0,-54.083734
24/07/2020 10:40,202003,WESTERN EUROPE-EU,FRANCE,LIVERPOOL (JOHN LENNON),GRENOBLE,439,439,0,948,948,0,-53.691983
24/07/2020 10:40,202003,WESTERN EUROPE-EU,FRANCE,LIVERPOOL (JOHN LENNON),NICE,2601,2601,0,9057,9057,0,-71.281881
24/07/2020 10:40,202003,WESTERN EUROPE-EU,FRANCE,LIVERPOOL (JOHN LENNON),PARIS (CHARLES DE GAULLE),3227,3227,0,7120,7120,0,-54.676966
24/07/2020 10:40,202003,WESTERN EUROPE-EU,FRANCE,LIVERPOOL (JOHN LENNON),PERPIGNAN,0,0,0,146,0,146,-100
24/07/2020 10:40,202003,WESTERN EUROPE-EU,FRANCE,LIVERPOOL (JOHN LENNON),TOULOUSE (BLAGNAC),0,0,0,1783,1783,0,-100
24/07/2020 10:40,202003,WESTERN EUROPE-EU,FRANCE,MANCHESTER,BORDEAUX,2554,2554,0,2572,2572,0,-0.699844
24/07/2020 10:40,202003,WESTERN EUROPE-EU,FRANCE,MANCHESTER,CARCASSONNE,1620,1620,0,3086,3086,0,-47.504861
24/07/2020 10:40,202003,WESTERN EUROPE-EU,FRANCE,MANCHESTER,CHAMBERY,3608,339,3269,8029,2186,5843,-55.062897
24/07/2020 10:40,202003,WESTERN EUROPE-EU,FRANCE,MANCHESTER,GRENOBLE,3898,3898,0,7440,7440,0,-47.607527
24/07/2020 10:40,202003,WESTERN EUROPE-EU,FRANCE,MANCHESTER,LILLE,0,0,0,1086,0,1086,-100
24/07/2020 10:40,202003,WESTERN EUROPE-EU,FRANCE,MANCHESTER,LIMOGES,1633,1633,0,3104,3104,0,-47.390464
24/07/2020 10:40,202003,WESTERN EUROPE-EU,FRANCE,MANCHESTER,LYON,1428,1428,0,4535,4535,0,-68.511577
24/07/2020 10:40,202003,WESTERN EUROPE-EU,FRANCE,MANCHESTER,MARSEILLE,1079,1079,0,0,0,0,0
24/07/2020 10:40,202003,WESTERN EUROPE-EU,FRANCE,MANCHESTER,NANTES,1282,1282,0,0,0,0,0
24/07/2020 10:40,202003,WESTERN EUROPE-EU,FRANCE,MANCHESTER,NICE,1591,1591,0,1660,1660,0,-4.156627
24/07/2020 10:40,202003,WESTERN EUROPE-EU,FRANCE,MANCHESTER,PARIS (CHARLES DE GAULLE),24276,24276,0,61636,61275,361,-60.613927
24/07/2020 10:40,202003,WESTERN EUROPE-EU,FRANCE,MANCHESTER,PERPIGNAN,0,0,0,214,0,214,-100
24/07/2020 10:40,202003,WESTERN EUROPE-EU,FRANCE,MANCHESTER,TOULOUSE (BLAGNAC),1860,0,1860,3132,1694,1438,-40.613027
24/07/2020 10:40,202003,WESTERN EUROPE-EU,FRANCE,NEWCASTLE,GRENOBLE,716,716,0,1423,1423,0,-49.683767
24/07/2020 10:40,202003,WESTERN EUROPE-EU,FRANCE,NEWCASTLE,LYON,136,0,136,0,0,0,0
24/07/2020 10:40,202003,WESTERN EUROPE-EU,FRANCE,NEWCASTLE,NICE,0,0,0,267,267,0,-100
24/07/2020 10:40,202003,WESTERN EUROPE-EU,FRANCE,NEWCASTLE,PARIS (CHARLES DE GAULLE),5406,5406,0,13044,13044,0,-58.555658
24/07/2020 10:40,202003,WESTERN EUROPE-EU,FRANCE,SOUTHAMPTON,BERGERAC,174,174,0,1737,1737,0,-89.982729
24/07/2020 10:40,202003,WESTERN EUROPE-EU,FRANCE,SOUTHAMPTON,CHAMBERY,0,0,0,2309,1300,1009,-100
24/07/2020 10:40,202003,WESTERN EUROPE-EU,FRANCE,SOUTHAMPTON,LA ROCHELLE,0,0,0,34,34,0,-100
24/07/2020 10:40,202003,WESTERN EUROPE-EU,FRANCE,SOUTHAMPTON,NANTES,0,0,0,1313,1313,0,-100
24/07/2020 10:40,202003,WESTERN EUROPE-EU,FRANCE,SOUTHAMPTON,PARIS (CHARLES DE GAULLE),694,694,0,6378,6378,0,-89.118846
24/07/2020 10:40,202003,WESTERN EUROPE-EU,GERMANY,GATWICK,BERLIN (SCHONEFELD),7598,7598,0,16794,16794,0,-54.757652
24/07/2020 10:40,202003,WESTERN EUROPE-EU,GERMANY,GATWICK,BERLIN (TEGEL),11808,11808,0,25982,25982,0,-54.553152
24/07/2020 10:40,202003,WESTERN EUROPE-EU,GERMANY,GATWICK,COLOGNE BONN,1851,1851,0,3640,3640,0,-49.148352
24/07/2020 10:40,202003,WESTERN EUROPE-EU,GERMANY,GATWICK,DUSSELDORF,5982,5982,0,12269,12269,0,-51.24297
24/07/2020 10:40,202003,WESTERN EUROPE-EU,GERMANY,GATWICK,FRIEDRICHSHAFEN,3047,1678,1369,7012,4103,2909,-56.545921
24/07/2020 10:40,202003,WESTERN EUROPE-EU,GERMANY,GATWICK,HAMBURG,8410,8410,0,17616,17616,0,-52.25931
24/07/2020 10:40,202003,WESTERN EUROPE-EU,GERMANY,GATWICK,HANOVER,384,0,384,0,0,0,0
24/07/2020 10:40,202003,WESTERN EUROPE-EU,GERMANY,GATWICK,MUNICH,10475,10475,0,23377,23264,113,-55.191
24/07/2020 10:40,202003,WESTERN EUROPE-EU,GERMANY,GATWICK,STUTTGART,5088,5088,0,11989,11989,0,-57.561098
24/07/2020 10:40,202003,WESTERN EUROPE-EU,GERMANY,HEATHROW,BERLIN (TEGEL),22271,22271,0,69942,69942,0,-68.157902
24/07/2020 10:40,202003,WESTERN EUROPE-EU,GERMANY,HEATHROW,COLOGNE BONN,5312,5312,0,14200,14200,0,-62.591549
24/07/2020 10:40,202003,WESTERN EUROPE-EU,GERMANY,HEATHROW,DUSSELDORF,22987,22987,0,62424,62424,0,-63.176022
24/07/2020 10:40,202003,WESTERN EUROPE-EU,GERMANY,HEATHROW,FRANKFURT MAIN,39273,39273,0,120194,120194,0,-67.325324
24/07/2020 10:40,202003,WESTERN EUROPE-EU,GERMANY,HEATHROW,HAMBURG,22729,22729,0,51001,51001,0,-55.434207
24/07/2020 10:40,202003,WESTERN EUROPE-EU,GERMANY,HEATHROW,HANOVER,6271,6271,0,17836,17836,0,-64.840771
24/07/2020 10:40,202003,WESTERN EUROPE-EU,GERMANY,HEATHROW,MUNICH,34654,34654,0,97673,97673,0,-64.520389
24/07/2020 10:40,202003,WESTERN EUROPE-EU,GERMANY,HEATHROW,STUTTGART,10676,10676,0,26700,26700,0,-60.014981
24/07/2020 10:40,202003,WESTERN EUROPE-EU,GERMANY,LONDON CITY,BERLIN (TEGEL),4873,4873,0,10537,10537,0,-53.75344
24/07/2020 10:40,202003,WESTERN EUROPE-EU,GERMANY,LONDON CITY,DUSSELDORF,2188,2188,0,13189,13189,0,-83.410418
24/07/2020 10:40,202003,WESTERN EUROPE-EU,GERMANY,LONDON CITY,FRANKFURT MAIN,4971,4971,0,22501,22501,0,-77.907649
24/07/2020 10:40,202003,WESTERN EUROPE-EU,GERMANY,LONDON CITY,MUNICH,2894,2894,0,8164,8164,0,-64.55169
24/07/2020 10:40,202003,WESTERN EUROPE-EU,GERMANY,LUTON,BERLIN (SCHONEFELD),7289,7289,0,16689,16689,0,-56.324525
24/07/2020 10:40,202003,WESTERN EUROPE-EU,GERMANY,LUTON,DORTMUND,3924,3924,0,10895,10895,0,-63.983479
24/07/2020 10:40,202003,WESTERN EUROPE-EU,GERMANY,LUTON,MUNICH,3450,3450,0,8081,8081,0,-57.307264
24/07/2020 10:40,202003,WESTERN EUROPE-EU,GERMANY,SOUTHEND,COLOGNE BONN,0,0,0,1573,1573,0,-100
24/07/2020 10:40,202003,WESTERN EUROPE-EU,GERMANY,STANSTED,BERLIN (SCHONEFELD),17429,17429,0,39521,39521,0,-55.899395
24/07/2020 10:40,202003,WESTERN EUROPE-EU,GERMANY,STANSTED,BERLIN (TEGEL),167,165,2,713,713,0,-76.57784
24/07/2020 10:40,202003,WESTERN EUROPE-EU,GERMANY,STANSTED,BREMEN,6503,6503,0,13518,13518,0,-51.893771
24/07/2020 10:40,202003,WESTERN EUROPE-EU,GERMANY,STANSTED,COLOGNE BONN,10188,10188,0,33413,33057,356,-69.508874
24/07/2020 10:40,202003,WESTERN EUROPE-EU,GERMANY,STANSTED,DORTMUND,4646,4646,0,9865,9865,0,-52.904207
24/07/2020 10:40,202003,WESTERN EUROPE-EU,GERMANY,STANSTED,DRESDEN,1790,1790,0,0,0,0,0
24/07/2020 10:40,202003,WESTERN EUROPE-EU,GERMANY,STANSTED,FRANKFURT MAIN,12121,12121,0,18273,18273,0,-33.667159
24/07/2020 10:40,202003,WESTERN EUROPE-EU,GERMANY,STANSTED,FRIEDRICHSHAFEN,303,303,0,0,0,0,0
24/07/2020 10:40,202003,WESTERN EUROPE-EU,GERMANY,STANSTED,HAHN,0,0,0,7088,7088,0,-100
24/07/2020 10:40,202003,WESTERN EUROPE-EU,GERMANY,STANSTED,HAMBURG,3928,3928,0,13492,13492,0,-70.886451
24/07/2020 10:40,202003,WESTERN EUROPE-EU,GERMANY,STANSTED,HANOVER,0,0,0,5766,5766,0,-100
24/07/2020 10:40,202003,WESTERN EUROPE-EU,GERMANY,STANSTED,KARLSRUHE/BADEN BADEN,4465,4465,0,10117,10117,0,-55.866364
24/07/2020 10:40,202003,WESTERN EUROPE-EU,GERMANY,STANSTED,LEIPZIG,226,0,226,3897,3897,0,-94.200667
24/07/2020 10:40,202003,WESTERN EUROPE-EU,GERMANY,STANSTED,MEMMINGEN ALLGAU,3033,3033,0,6840,6840,0,-55.657895
24/07/2020 10:40,202003,WESTERN EUROPE-EU,GERMANY,STANSTED,MUNICH,3519,3413,106,16030,15722,308,-78.047411
24/07/2020 10:40,202003,WESTERN EUROPE-EU,GERMANY,STANSTED,MUNSTER-OSNABRUCK,0,0,0,333,0,333,-100
24/07/2020 10:40,202003,WESTERN EUROPE-EU,GERMANY,STANSTED,NUREMBERG,6518,6518,0,15581,15581,0,-58.166998
24/07/2020 10:40,202003,WESTERN EUROPE-EU,GERMANY,BELFAST INTERNATIONAL,BERLIN (SCHONEFELD),0,0,0,2918,2918,0,-100
24/07/2020 10:40,202003,WESTERN EUROPE-EU,GERMANY,BIRMINGHAM,BERLIN (TEGEL),271,271,0,4872,4872,0,-94.437603
24/07/2020 10:40,202003,WESTERN EUROPE-EU,GERMANY,BIRMINGHAM,COLOGNE BONN,0,0,0,35,35,0,-100
24/07/2020 10:40,202003,WESTERN EUROPE-EU,GERMANY,BIRMINGHAM,DUSSELDORF,7339,7339,0,25047,25047,0,-70.699086
24/07/2020 10:40,202003,WESTERN EUROPE-EU,GERMANY,BIRMINGHAM,FRANKFURT MAIN,8332,8332,0,24935,24935,0,-66.585121
24/07/2020 10:40,202003,WESTERN EUROPE-EU,GERMANY,BIRMINGHAM,HAMBURG,0,0,0,2441,2441,0,-100
24/07/2020 10:40,202003,WESTERN EUROPE-EU,GERMANY,BIRMINGHAM,HANOVER,0,0,0,2230,2230,0,-100
24/07/2020 10:40,202003,WESTERN EUROPE-EU,GERMANY,BIRMINGHAM,MUNICH,5540,5540,0,16942,16942,0,-67.300201
24/07/2020 10:40,202003,WESTERN EUROPE-EU,GERMANY,BIRMINGHAM,STUTTGART,549,549,0,6050,6050,0,-90.92562
24/07/2020 10:40,202003,WESTERN EUROPE-EU,GERMANY,BOURNEMOUTH,DUSSELDORF,0,0,0,88,0,88,-100
24/07/2020 10:40,202003,WESTERN EUROPE-EU,GERMANY,BRISTOL,BERLIN (SCHONEFELD),2847,2847,0,5445,5445,0,-47.713499
24/07/2020 10:40,202003,WESTERN EUROPE-EU,GERMANY,BRISTOL,COLOGNE BONN,2555,2555,0,5420,5420,0,-52.859779
24/07/2020 10:40,202003,WESTERN EUROPE-EU,GERMANY,CARDIFF WALES,BERLIN (TEGEL),0,0,0,685,685,0,-100
24/07/2020 10:40,202003,WESTERN EUROPE-EU,GERMANY,CARDIFF WALES,MUNICH,0,0,0,1226,1226,0,-100
24/07/2020 10:40,202003,WESTERN EUROPE-EU,GERMANY,EAST MIDLANDS INTERNATIONAL,BERLIN (SCHONEFELD),1474,1474,0,3258,3089,169,-54.75752
24/07/2020 10:40,202003,WESTERN EUROPE-EU,GERMANY,EAST MIDLANDS INTERNATIONAL,COLOGNE BONN,0,0,0,159,0,159,-100
24/07/2020 10:40,202003,WESTERN EUROPE-EU,GERMANY,EAST MIDLANDS INTERNATIONAL,MUNICH,0,0,0,112,0,112,-100
24/07/2020 10:40,202003,WESTERN EUROPE-EU,GERMANY,EDINBURGH,BERLIN (SCHONEFELD),4461,4461,0,8449,8449,0,-47.200852
24/07/2020 10:40,202003,WESTERN EUROPE-EU,GERMANY,EDINBURGH,BERLIN (TEGEL),3495,3495,0,6663,6663,0,-47.54615
24/07/2020 10:40,202003,WESTERN EUROPE-EU,GERMANY,EDINBURGH,COLOGNE BONN,1544,1544,0,2136,2136,0,-27.715356
24/07/2020 10:40,202003,WESTERN EUROPE-EU,GERMANY,EDINBURGH,DUSSELDORF,1503,1503,0,2788,2788,0,-46.090387
24/07/2020 10:40,202003,WESTERN EUROPE-EU,GERMANY,EDINBURGH,FRANKFURT MAIN,4937,4937,0,13702,13702,0,-63.968764
24/07/2020 10:40,202003,WESTERN EUROPE-EU,GERMANY,EDINBURGH,HAMBURG,2366,2366,0,11762,11762,0,-79.884373
24/07/2020 10:40,202003,WESTERN EUROPE-EU,GERMANY,EDINBURGH,MEMMINGEN ALLGAU,0,0,0,2627,2627,0,-100
24/07/2020 10:40,202003,WESTERN EUROPE-EU,GERMANY,EDINBURGH,MUNICH,6023,6023,0,14854,14854,0,-59.451999
24/07/2020 10:40,202003,WESTERN EUROPE-EU,GERMANY,EDINBURGH,STUTTGART,0,0,0,591,591,0,-100
24/07/2020 10:40,202003,WESTERN EUROPE-EU,GERMANY,GLASGOW,BERLIN (SCHONEFELD),2909,2909,0,7387,7387,0,-60.620008
24/07/2020 10:40,202003,WESTERN EUROPE-EU,GERMANY,GLASGOW,COLOGNE BONN,444,225,219,0,0,0,0
24/07/2020 10:40,202003,WESTERN EUROPE-EU,GERMANY,GLASGOW,DUSSELDORF,191,191,0,5607,5607,0,-96.593544
24/07/2020 10:40,202003,WESTERN EUROPE-EU,GERMANY,GLASGOW,FRANKFURT MAIN,2474,2474,0,7758,7758,0,-68.110338
24/07/2020 10:40,202003,WESTERN EUROPE-EU,GERMANY,GLASGOW,MUNICH,0,0,0,2632,2632,0,-100
24/07/2020 10:40,202003,WESTERN EUROPE-EU,GERMANY,LEEDS BRADFORD,DUSSELDORF,0,0,0,1953,1953,0,-100
24/07/2020 10:40,202003,WESTERN EUROPE-EU,GERMANY,LIVERPOOL (JOHN LENNON),BERLIN (SCHONEFELD),2681,2681,0,5510,5510,0,-51.343013
24/07/2020 10:40,202003,WESTERN EUROPE-EU,GERMANY,LIVERPOOL (JOHN LENNON),MUNICH,0,0,0,504,0,504,-100
24/07/2020 10:40,202003,WESTERN EUROPE-EU,GERMANY,MANCHESTER,BERLIN (SCHONEFELD),6848,6848,0,28272,28272,0,-75.778155
24/07/2020 10:40,202003,WESTERN EUROPE-EU,GERMANY,MANCHESTER,BERLIN (TEGEL),8203,8203,0,663,663,0,1137.254902
24/07/2020 10:40,202003,WESTERN EUROPE-EU,GERMANY,MANCHESTER,COLOGNE BONN,3673,3673,0,8147,8147,0,-54.91592
24/07/2020 10:40,202003,WESTERN EUROPE-EU,GERMANY,MANCHESTER,DUSSELDORF,8615,8615,0,25785,25785,0,-66.589102
24/07/2020 10:40,202003,WESTERN EUROPE-EU,GERMANY,MANCHESTER,FRANKFURT MAIN,13567,13567,0,42182,42182,0,-67.836992
24/07/2020 10:40,202003,WESTERN EUROPE-EU,GERMANY,MANCHESTER,HAMBURG,6790,6790,0,19142,19142,0,-64.528262
24/07/2020 10:40,202003,WESTERN EUROPE-EU,GERMANY,MANCHESTER,HANOVER,255,255,0,2216,2216,0,-88.49278
24/07/2020 10:40,202003,WESTERN EUROPE-EU,GERMANY,MANCHESTER,MUNICH,12540,12540,0,28853,28112,741,-56.538315
24/07/2020 10:40,202003,WESTERN EUROPE-EU,GERMANY,MANCHESTER,MUNSTER-OSNABRUCK,0,0,0,360,0,360,-100
24/07/2020 10:40,202003,WESTERN EUROPE-EU,GERMANY,MANCHESTER,NUREMBERG,0,0,0,7257,7257,0,-100
24/07/2020 10:40,202003,WESTERN EUROPE-EU,GERMANY,MANCHESTER,STUTTGART,0,0,0,5874,5874,0,-100
24/07/2020 10:40,202003,WESTERN EUROPE-EU,GERMANY,NEWCASTLE,BERLIN (SCHONEFELD),0,0,0,2560,2560,0,-100
24/07/2020 10:40,202003,WESTERN EUROPE-EU,GERMANY,NEWCASTLE,DUSSELDORF,1429,1429,0,4076,4076,0,-64.941119
24/07/2020 10:40,202003,WESTERN EUROPE-EU,GERMANY,NEWCASTLE,MUNICH,1620,1620,0,0,0,0,0
24/07/2020 10:40,202003,WESTERN EUROPE-EU,GERMANY,SOUTHAMPTON,DUSSELDORF,0,0,0,2081,2081,0,-100
24/07/2020 10:40,202003,WESTERN EUROPE-EU,GERMANY,SOUTHAMPTON,MUNICH,0,0,0,65,65,0,-100
24/07/2020 10:40,202003,WESTERN EUROPE-EU,GIBRALTAR,GATWICK,GIBRALTAR,5738,5738,0,10041,10041,0,-42.854297
24/07/2020 10:40,202003,WESTERN EUROPE-EU,GIBRALTAR,HEATHROW,GIBRALTAR,6942,6942,0,14206,14206,0,-51.133324
24/07/2020 10:40,202003,WESTERN EUROPE-EU,GIBRALTAR,LUTON,GIBRALTAR,1249,1249,0,2734,2734,0,-54.31602
24/07/2020 10:40,202003,WESTERN EUROPE-EU,GIBRALTAR,BRISTOL,GIBRALTAR,2925,2925,0,4599,4599,0,-36.399217
24/07/2020 10:40,202003,WESTERN EUROPE-EU,GIBRALTAR,MANCHESTER,GIBRALTAR,2516,2516,0,3183,3183,0,-20.955074
24/07/2020 10:40,202003,WESTERN EUROPE-EU,GREECE,GATWICK,ATHENS,7569,7569,0,16371,16371,0,-53.765805
24/07/2020 10:40,202003,WESTERN EUROPE-EU,GREECE,GATWICK,CHANIA,0,0,0,259,259,0,-100
24/07/2020 10:40,202003,WESTERN EUROPE-EU,GREECE,GATWICK,CORFU,0,0,0,281,281,0,-100
24/07/2020 10:40,202003,WESTERN EUROPE-EU,GREECE,GATWICK,HERAKLION,0,0,0,2029,351,1678,-100
24/07/2020 10:40,202003,WESTERN EUROPE-EU,GREECE,GATWICK,PREVEZA,0,0,0,222,222,0,-100
24/07/2020 10:40,202003,WESTERN EUROPE-EU,GREECE,GATWICK,SALONIKA,4402,4402,0,7434,7434,0,-40.78558
24/07/2020 10:40,202003,WESTERN EUROPE-EU,GREECE,GATWICK,THIRA (SANTORINI),0,0,0,297,297,0,-100
24/07/2020 10:40,202003,WESTERN EUROPE-EU,GREECE,GATWICK,ZAKINTHOS,0,0,0,216,216,0,-100
24/07/2020 10:40,202003,WESTERN EUROPE-EU,GREECE,HEATHROW,ATHENS,26952,26851,101,53044,53044,0,-49.189352
24/07/2020 10:40,202003,WESTERN EUROPE-EU,GREECE,HEATHROW,CORFU,0,0,0,96,96,0,-100
24/07/2020 10:40,202003,WESTERN EUROPE-EU,GREECE,HEATHROW,SALONIKA,50,0,50,0,0,0,0
24/07/2020 10:40,202003,WESTERN EUROPE-EU,GREECE,LUTON,ATHENS,6583,6583,0,17345,17345,0,-62.046699
24/07/2020 10:40,202003,WESTERN EUROPE-EU,GREECE,LUTON,SALONIKA,1461,1461,0,0,0,0,0
24/07/2020 10:40,202003,WESTERN EUROPE-EU,GREECE,STANSTED,ATHENS,5677,5677,0,17079,17079,0,-66.760349
24/07/2020 10:40,202003,WESTERN EUROPE-EU,GREECE,STANSTED,SALONIKA,4643,4643,0,9467,9467,0,-50.955952
24/07/2020 10:40,202003,WESTERN EUROPE-EU,GREECE,BIGGIN HILL,SALONIKA,0,0,0,3,0,3,-100
24/07/2020 10:40,202003,WESTERN EUROPE-EU,GREECE,BRISTOL,ATHENS,2680,2680,0,3180,3180,0,-15.72327
24/07/2020 10:40,202003,WESTERN EUROPE-EU,GREECE,EDINBURGH,ATHENS,2691,2691,0,3179,3179,0,-15.350739
24/07/2020 10:40,202003,WESTERN EUROPE-EU,GREECE,GLASGOW,ATHENS,153,153,0,0,0,0,0
24/07/2020 10:40,202003,WESTERN EUROPE-EU,GREECE,MANCHESTER,ATHENS,4925,4925,0,7192,7192,0,-31.521135
24/07/2020 10:40,202003,WESTERN EUROPE-EU,GREECE,MANCHESTER,HERAKLION,0,0,0,1029,0,1029,-100
24/07/2020 10:40,202003,WESTERN EUROPE-EU,GREECE,MANCHESTER,SALONIKA,2968,2968,0,3117,3117,0,-4.780237
24/07/2020 10:40,202003,WESTERN EUROPE-EU,IRISH REPUBLIC,GATWICK,CORK,5052,5052,0,10569,10569,0,-52.19983
24/07/2020 10:40,202003,WESTERN EUROPE-EU,IRISH REPUBLIC,GATWICK,DUBLIN,55532,55532,0,123840,123840,0,-55.158269
24/07/2020 10:40,202003,WESTERN EUROPE-EU,IRISH REPUBLIC,GATWICK,IRELAND WEST(KNOCK),3121,3121,0,7090,7090,0,-55.980254
24/07/2020 10:40,202003,WESTERN EUROPE-EU,IRISH REPUBLIC,GATWICK,SHANNON,4431,4431,0,9069,9069,0,-51.14125
24/07/2020 10:40,202003,WESTERN EUROPE-EU,IRISH REPUBLIC,HEATHROW,CORK,13282,13282,0,31166,31166,0,-57.383046
24/07/2020 10:40,202003,WESTERN EUROPE-EU,IRISH REPUBLIC,HEATHROW,DUBLIN,65977,65977,0,155506,155506,0,-57.572698
24/07/2020 10:40,202003,WESTERN EUROPE-EU,IRISH REPUBLIC,HEATHROW,SHANNON,9433,9433,0,22144,22144,0,-57.401553
24/07/2020 10:40,202003,WESTERN EUROPE-EU,IRISH REPUBLIC,LONDON CITY,DUBLIN,12389,12389,0,39296,39286,10,-68.472618
24/07/2020 10:40,202003,WESTERN EUROPE-EU,IRISH REPUBLIC,LUTON,CORK,2737,2737,0,6261,6261,0,-56.284939
24/07/2020 10:40,202003,WESTERN EUROPE-EU,IRISH REPUBLIC,LUTON,DUBLIN,13053,13053,0,29406,29406,0,-55.6111
24/07/2020 10:40,202003,WESTERN EUROPE-EU,IRISH REPUBLIC,LUTON,IRELAND WEST(KNOCK),4153,4153,0,9081,9081,0,-54.267151
24/07/2020 10:40,202003,WESTERN EUROPE-EU,IRISH REPUBLIC,LUTON,KERRY COUNTY,4044,4044,0,8581,8581,0,-52.872626
24/07/2020 10:40,202003,WESTERN EUROPE-EU,IRISH REPUBLIC,SOUTHEND,DUBLIN,3374,3374,0,5204,5204,0,-35.165257
24/07/2020 10:40,202003,WESTERN EUROPE-EU,IRISH REPUBLIC,SOUTHEND,SHANNON,0,0,0,64,64,0,-100
24/07/2020 10:40,202003,WESTERN EUROPE-EU,IRISH REPUBLIC,STANSTED,CORK,12311,12311,0,27834,27834,0,-55.769922
24/07/2020 10:40,202003,WESTERN EUROPE-EU,IRISH REPUBLIC,STANSTED,DUBLIN,31229,31229,0,76484,76484,0,-59.169238
24/07/2020 10:40,202003,WESTERN EUROPE-EU,IRISH REPUBLIC,STANSTED,IRELAND WEST(KNOCK),6247,6247,0,13964,13964,0,-55.263535
24/07/2020 10:40,202003,WESTERN EUROPE-EU,IRISH REPUBLIC,STANSTED,KERRY COUNTY,3073,3073,0,7043,7043,0,-56.368025
24/07/2020 10:40,202003,WESTERN EUROPE-EU,IRISH REPUBLIC,STANSTED,SHANNON,7470,7470,0,17285,17285,0,-56.783338
24/07/2020 10:40,202003,WESTERN EUROPE-EU,IRISH REPUBLIC,ABERDEEN,DUBLIN,1542,1542,0,4232,4232,0,-63.563327
24/07/2020 10:40,202003,WESTERN EUROPE-EU,IRISH REPUBLIC,BIRMINGHAM,CORK,3248,3248,0,6226,6226,0,-47.831674
24/07/2020 10:40,202003,WESTERN EUROPE-EU,IRISH REPUBLIC,BIRMINGHAM,DUBLIN,40443,40443,0,87333,87323,10,-53.691045
24/07/2020 10:40,202003,WESTERN EUROPE-EU,IRISH REPUBLIC,BIRMINGHAM,IRELAND WEST(KNOCK),152,152,0,1958,1958,0,-92.236977
24/07/2020 10:40,202003,WESTERN EUROPE-EU,IRISH REPUBLIC,BIRMINGHAM,SHANNON,1327,1327,0,3292,3292,0,-59.690158
24/07/2020 10:40,202003,WESTERN EUROPE-EU,IRISH REPUBLIC,BOURNEMOUTH,DUBLIN,2644,2644,0,0,0,0,0
24/07/2020 10:40,202003,WESTERN EUROPE-EU,IRISH REPUBLIC,BRISTOL,CORK,1753,1753,0,3429,3429,0,-48.877224
24/07/2020 10:40,202003,WESTERN EUROPE-EU,IRISH REPUBLIC,BRISTOL,DUBLIN,16943,16943,0,34022,34022,0,-50.199871
24/07/2020 10:40,202003,WESTERN EUROPE-EU,IRISH REPUBLIC,BRISTOL,IRELAND WEST(KNOCK),1838,1838,0,3844,3844,0,-52.185224
24/07/2020 10:40,202003,WESTERN EUROPE-EU,IRISH REPUBLIC,CARDIFF WALES,CORK,91,91,0,1339,1295,44,-93.203883
24/07/2020 10:40,202003,WESTERN EUROPE-EU,IRISH REPUBLIC,CARDIFF WALES,DUBLIN,964,964,0,13731,10551,3180,-92.97939
24/07/2020 10:40,202003,WESTERN EUROPE-EU,IRISH REPUBLIC,CARDIFF WALES,SHANNON,0,0,0,91,0,91,-100
24/07/2020 10:40,202003,WESTERN EUROPE-EU,IRISH REPUBLIC,DONCASTER SHEFFIELD,DUBLIN,0,0,0,1830,1830,0,-100
24/07/2020 10:40,202003,WESTERN EUROPE-EU,IRISH REPUBLIC,EAST MIDLANDS INTERNATIONAL,DUBLIN,7204,7204,0,15598,15598,0,-53.814592
24/07/2020 10:40,202003,WESTERN EUROPE-EU,IRISH REPUBLIC,EAST MIDLANDS INTERNATIONAL,IRELAND WEST(KNOCK),2838,2838,0,5318,5318,0,-46.634073
24/07/2020 10:40,202003,WESTERN EUROPE-EU,IRISH REPUBLIC,EDINBURGH,CORK,2062,2062,0,6554,5814,740,-68.538297
24/07/2020 10:40,202003,WESTERN EUROPE-EU,IRISH REPUBLIC,EDINBURGH,DUBLIN,22868,22868,0,54824,54275,549,-58.288341
24/07/2020 10:40,202003,WESTERN EUROPE-EU,IRISH REPUBLIC,EDINBURGH,IRELAND WEST(KNOCK),159,159,0,1595,1595,0,-90.031348
24/07/2020 10:40,202003,WESTERN EUROPE-EU,IRISH REPUBLIC,EDINBURGH,SHANNON,924,924,0,3488,2588,900,-73.509174
24/07/2020 10:40,202003,WESTERN EUROPE-EU,IRISH REPUBLIC,EXETER,DUBLIN,147,147,0,2469,2469,0,-94.046173
24/07/2020 10:40,202003,WESTERN EUROPE-EU,IRISH REPUBLIC,GLASGOW,CORK,994,994,0,2166,2166,0,-54.108957
24/07/2020 10:40,202003,WESTERN EUROPE-EU,IRISH REPUBLIC,GLASGOW,DONEGAL,311,311,0,485,485,0,-35.876289
24/07/2020 10:40,202003,WESTERN EUROPE-EU,IRISH REPUBLIC,GLASGOW,DUBLIN,18240,18240,0,40272,40131,141,-54.707986
24/07/2020 10:40,202003,WESTERN EUROPE-EU,IRISH REPUBLIC,INVERNESS,DUBLIN,213,213,0,595,595,0,-64.201681
24/07/2020 10:40,202003,WESTERN EUROPE-EU,IRISH REPUBLIC,ISLE OF MAN,DUBLIN,1784,1784,0,3347,3347,0,-46.698536
24/07/2020 10:40,202003,WESTERN EUROPE-EU,IRISH REPUBLIC,LEEDS BRADFORD,DUBLIN,11603,11603,0,23526,23526,0,-50.680099
24/07/2020 10:40,202003,WESTERN EUROPE-EU,IRISH REPUBLIC,LIVERPOOL (JOHN LENNON),CORK,3121,3121,0,7184,7184,0,-56.556236
24/07/2020 10:40,202003,WESTERN EUROPE-EU,IRISH REPUBLIC,LIVERPOOL (JOHN LENNON),DUBLIN,14327,14327,0,29495,29495,0,-51.425665
24/07/2020 10:40,202003,WESTERN EUROPE-EU,IRISH REPUBLIC,LIVERPOOL (JOHN LENNON),IRELAND WEST(KNOCK),3811,3811,0,8254,8254,0,-53.828447
24/07/2020 10:40,202003,WESTERN EUROPE-EU,IRISH REPUBLIC,MANCHESTER,CORK,4014,4014,0,9087,9087,0,-55.827006
24/07/2020 10:40,202003,WESTERN EUROPE-EU,IRISH REPUBLIC,MANCHESTER,DUBLIN,41261,41058,203,86734,86734,0,-52.428114
24/07/2020 10:40,202003,WESTERN EUROPE-EU,IRISH REPUBLIC,MANCHESTER,IRELAND WEST(KNOCK),281,281,0,2612,2612,0,-89.24196
24/07/2020 10:40,202003,WESTERN EUROPE-EU,IRISH REPUBLIC,MANCHESTER,SHANNON,3129,3129,0,6990,6990,0,-55.236052
24/07/2020 10:40,202003,WESTERN EUROPE-EU,IRISH REPUBLIC,NEWCASTLE,DUBLIN,8500,8500,0,17502,17502,0,-51.434122
24/07/2020 10:40,202003,WESTERN EUROPE-EU,IRISH REPUBLIC,NEWQUAY,DUBLIN,1136,1136,0,1769,1769,0,-35.782928
24/07/2020 10:40,202003,WESTERN EUROPE-EU,IRISH REPUBLIC,SOUTHAMPTON,CORK,0,0,0,1494,1494,0,-100
24/07/2020 10:40,202003,WESTERN EUROPE-EU,IRISH REPUBLIC,SOUTHAMPTON,DUBLIN,1020,1020,0,11641,11641,0,-91.237866
24/07/2020 10:40,202003,WESTERN EUROPE-EU,IRISH REPUBLIC,TEESSIDE INTERNATIONAL AIRPORT,DUBLIN,81,81,0,0,0,0,0
24/07/2020 10:40,202003,WESTERN EUROPE-EU,ITALY,GATWICK,ANCONA,272,272,0,0,0,0,0
24/07/2020 10:40,202003,WESTERN EUROPE-EU,ITALY,GATWICK,BARI (PALESE),436,436,0,2911,2911,0,-85.022329
24/07/2020 10:40,202003,WESTERN EUROPE-EU,ITALY,GATWICK,BERGAMO,344,344,0,0,0,0,0
24/07/2020 10:40,202003,WESTERN EUROPE-EU,ITALY,GATWICK,BOLOGNA,871,871,0,9465,9465,0,-90.797676
24/07/2020 10:40,202003,WESTERN EUROPE-EU,ITALY,GATWICK,CAGLIARI (ELMAS),0,0,0,395,395,0,-100
24/07/2020 10:40,202003,WESTERN EUROPE-EU,ITALY,GATWICK,CATANIA (FONTANAROSSA),1177,1177,0,5213,5213,0,-77.42183
24/07/2020 10:40,202003,WESTERN EUROPE-EU,ITALY,GATWICK,FLORENCE,1302,1302,0,9098,9098,0,-85.689162
24/07/2020 10:40,202003,WESTERN EUROPE-EU,ITALY,GATWICK,GENOA,544,544,0,5278,5278,0,-89.693066
24/07/2020 10:40,202003,WESTERN EUROPE-EU,ITALY,GATWICK,MILAN (LINATE),1696,1696,0,26544,26544,0,-93.610609
24/07/2020 10:40,202003,WESTERN EUROPE-EU,ITALY,GATWICK,MILAN (MALPENSA),4270,4270,0,51182,51182,0,-91.657223
24/07/2020 10:40,202003,WESTERN EUROPE-EU,ITALY,GATWICK,NAPLES,4209,4209,0,19505,19327,178,-78.420918
24/07/2020 10:40,202003,WESTERN EUROPE-EU,ITALY,GATWICK,OLBIA,0,0,0,2510,2510,0,-100
24/07/2020 10:40,202003,WESTERN EUROPE-EU,ITALY,GATWICK,PALERMO,684,684,0,2681,2681,0,-74.487132
24/07/2020 10:40,202003,WESTERN EUROPE-EU,ITALY,GATWICK,PISA,1675,1675,0,14333,14333,0,-88.313682
24/07/2020 10:40,202003,WESTERN EUROPE-EU,ITALY,GATWICK,ROME (FIUMICINO),10198,10137,61,62317,62317,0,-83.635284
24/07/2020 10:40,202003,WESTERN EUROPE-EU,ITALY,GATWICK,TURIN,7373,5679,1694,37283,30216,7067,-80.224231
24/07/2020 10:40,202003,WESTERN EUROPE-EU,ITALY,GATWICK,VENICE,4473,4473,0,57207,57207,0,-92.181027
24/07/2020 10:40,202003,WESTERN EUROPE-EU,ITALY,GATWICK,VERONA VILLAFRANCA,2158,1613,545,16940,14903,2037,-87.260921
24/07/2020 10:40,202003,WESTERN EUROPE-EU,ITALY,HEATHROW,BOLOGNA,1786,1786,0,25282,25282,0,-92.935685
24/07/2020 10:40,202003,WESTERN EUROPE-EU,ITALY,HEATHROW,MILAN (LINATE),3250,3250,0,57345,57345,0,-94.332549
24/07/2020 10:40,202003,WESTERN EUROPE-EU,ITALY,HEATHROW,MILAN (MALPENSA),977,977,0,16056,16056,0,-93.915047
24/07/2020 10:40,202003,WESTERN EUROPE-EU,ITALY,HEATHROW,PISA,883,883,0,8422,8422,0,-89.515555
24/07/2020 10:40,202003,WESTERN EUROPE-EU,ITALY,HEATHROW,RIMINI,104,104,0,0,0,0,0
24/07/2020 10:40,202003,WESTERN EUROPE-EU,ITALY,HEATHROW,ROME (FIUMICINO),25134,25134,0,85816,85816,0,-70.711755
24/07/2020 10:40,202003,WESTERN EUROPE-EU,ITALY,HEATHROW,VENICE,644,644,0,16631,16631,0,-96.127713
24/07/2020 10:40,202003,WESTERN EUROPE-EU,ITALY,LONDON CITY,FLORENCE,832,832,0,4681,4681,0,-82.22602
24/07/2020 10:40,202003,WESTERN EUROPE-EU,ITALY,LONDON CITY,MILAN (LINATE),894,894,0,31290,31290,0,-97.142857
24/07/2020 10:40,202003,WESTERN EUROPE-EU,ITALY,LONDON CITY,ROME (FIUMICINO),275,275,0,3795,3795,0,-92.753623
24/07/2020 10:40,202003,WESTERN EUROPE-EU,ITALY,LUTON,ALGHERO (FERTILIA),482,482,0,3034,3034,0,-84.113382
24/07/2020 10:40,202003,WESTERN EUROPE-EU,ITALY,LUTON,BARI (PALESE),0,0,0,3238,3238,0,-100
24/07/2020 10:40,202003,WESTERN EUROPE-EU,ITALY,LUTON,BOLOGNA,1354,1354,0,10263,10263,0,-86.806977
24/07/2020 10:40,202003,WESTERN EUROPE-EU,ITALY,LUTON,CATANIA (FONTANAROSSA),1119,1119,0,2973,2973,0,-62.361251
24/07/2020 10:40,202003,WESTERN EUROPE-EU,ITALY,LUTON,FLORENCE,113,113,0,0,0,0,0
24/07/2020 10:40,202003,WESTERN EUROPE-EU,ITALY,LUTON,MILAN (MALPENSA),988,988,0,14341,14341,0,-93.110662
24/07/2020 10:40,202003,WESTERN EUROPE-EU,ITALY,LUTON,NAPLES,1771,1771,0,9313,9313,0,-80.983571
24/07/2020 10:40,202003,WESTERN EUROPE-EU,ITALY,LUTON,PISA,410,410,0,4111,4111,0,-90.026757
24/07/2020 10:40,202003,WESTERN EUROPE-EU,ITALY,LUTON,ROME (FIUMICINO),1435,1435,0,9705,9705,0,-85.213807
24/07/2020 10:40,202003,WESTERN EUROPE-EU,ITALY,LUTON,TURIN,164,164,0,1347,1347,0,-87.824796
24/07/2020 10:40,202003,WESTERN EUROPE-EU,ITALY,LUTON,VENICE,617,617,0,9128,9128,0,-93.240578
24/07/2020 10:40,202003,WESTERN EUROPE-EU,ITALY,LUTON,VERONA VILLAFRANCA,0,0,0,2721,2721,0,-100
24/07/2020 10:40,202003,WESTERN EUROPE-EU,ITALY,SOUTHEND,BERGAMO,256,256,0,0,0,0,0
24/07/2020 10:40,202003,WESTERN EUROPE-EU,ITALY,SOUTHEND,TREVISO,384,384,0,0,0,0,0
24/07/2020 10:40,202003,WESTERN EUROPE-EU,ITALY,STANSTED,ANCONA,1084,1084,0,6362,6362,0,-82.961333
24/07/2020 10:40,202003,WESTERN EUROPE-EU,ITALY,STANSTED,BARI (PALESE),2586,2586,0,10522,10522,0,-75.422923
24/07/2020 10:40,202003,WESTERN EUROPE-EU,ITALY,STANSTED,BERGAMO,4290,4290,0,42397,42397,0,-89.88136
24/07/2020 10:40,202003,WESTERN EUROPE-EU,ITALY,STANSTED,BOLOGNA,2786,2786,0,20091,20091,0,-86.133094
24/07/2020 10:40,202003,WESTERN EUROPE-EU,ITALY,STANSTED,BRINDISI,909,909,0,4526,4526,0,-79.916041
24/07/2020 10:40,202003,WESTERN EUROPE-EU,ITALY,STANSTED,CAGLIARI (ELMAS),2491,2491,0,7926,7926,0,-68.571789
24/07/2020 10:40,202003,WESTERN EUROPE-EU,ITALY,STANSTED,GENOA,519,519,0,4207,4207,0,-87.663418
24/07/2020 10:40,202003,WESTERN EUROPE-EU,ITALY,STANSTED,LAMETIA-TERME,847,847,0,3080,3080,0,-72.5
24/07/2020 10:40,202003,WESTERN EUROPE-EU,ITALY,STANSTED,MILAN (MALPENSA),2612,2612,0,20606,20606,0,-87.32408
24/07/2020 10:40,202003,WESTERN EUROPE-EU,ITALY,STANSTED,NAPLES,4955,4955,0,20143,20143,0,-75.400884
24/07/2020 10:40,202003,WESTERN EUROPE-EU,ITALY,STANSTED,PALERMO,2404,2404,0,5557,5557,0,-56.739248
24/07/2020 10:40,202003,WESTERN EUROPE-EU,ITALY,STANSTED,PERUGIA,1162,1162,0,6181,6181,0,-81.200453
24/07/2020 10:40,202003,WESTERN EUROPE-EU,ITALY,STANSTED,PESCARA,1540,1540,0,8069,8069,0,-80.914611
24/07/2020 10:40,202003,WESTERN EUROPE-EU,ITALY,STANSTED,PISA,4220,4220,0,22111,22111,0,-80.914477
24/07/2020 10:40,202003,WESTERN EUROPE-EU,ITALY,STANSTED,ROME (CIAMPINO),10798,10798,0,52383,52383,0,-79.386442
24/07/2020 10:40,202003,WESTERN EUROPE-EU,ITALY,STANSTED,TREVISO,0,0,0,29366,29366,0,-100
24/07/2020 10:40,202003,WESTERN EUROPE-EU,ITALY,STANSTED,TRIESTE (RONCHI DEI LEGIONARI),1000,1000,0,4845,4845,0,-79.360165
24/07/2020 10:40,202003,WESTERN EUROPE-EU,ITALY,STANSTED,TURIN,3092,2287,805,14379,13214,1165,-78.496418
24/07/2020 10:40,202003,WESTERN EUROPE-EU,ITALY,STANSTED,VENICE,3172,3172,0,0,0,0,0
24/07/2020 10:40,202003,WESTERN EUROPE-EU,ITALY,STANSTED,VERONA VILLAFRANCA,759,562,197,4497,4497,0,-83.122081
24/07/2020 10:40,202003,WESTERN EUROPE-EU,ITALY,BELFAST INTERNATIONAL,BERGAMO,40,40,0,2816,2816,0,-98.579545
24/07/2020 10:40,202003,WESTERN EUROPE-EU,ITALY,BELFAST INTERNATIONAL,VENICE,126,126,0,2488,2488,0,-94.935691
24/07/2020 10:40,202003,WESTERN EUROPE-EU,ITALY,BELFAST INTERNATIONAL,VERONA VILLAFRANCA,0,0,0,1180,0,1180,-100
24/07/2020 10:40,202003,WESTERN EUROPE-EU,ITALY,BIGGIN HILL,BOLOGNA,0,0,0,4,0,4,-100
24/07/2020 10:40,202003,WESTERN EUROPE-EU,ITALY,BIRMINGHAM,MILAN (MALPENSA),52,52,0,4551,4551,0,-98.857394
24/07/2020 10:40,202003,WESTERN EUROPE-EU,ITALY,BIRMINGHAM,NAPLES,0,0,0,140,0,140,-100
24/07/2020 10:40,202003,WESTERN EUROPE-EU,ITALY,BIRMINGHAM,ROME (FIUMICINO),1241,1241,0,6499,6499,0,-80.904755
24/07/2020 10:40,202003,WESTERN EUROPE-EU,ITALY,BIRMINGHAM,TURIN,1414,504,910,3227,1836,1391,-56.182213
24/07/2020 10:40,202003,WESTERN EUROPE-EU,ITALY,BIRMINGHAM,VENICE,235,235,0,2652,2652,0,-91.138763
24/07/2020 10:40,202003,WESTERN EUROPE-EU,ITALY,BIRMINGHAM,VERONA VILLAFRANCA,768,147,621,4286,3067,1219,-82.081195
24/07/2020 10:40,202003,WESTERN EUROPE-EU,ITALY,BOURNEMOUTH,TURIN,0,0,0,371,0,371,-100
24/07/2020 10:40,202003,WESTERN EUROPE-EU,ITALY,BRISTOL,BERGAMO,259,259,0,4269,4269,0,-93.933005
24/07/2020 10:40,202003,WESTERN EUROPE-EU,ITALY,BRISTOL,CATANIA (FONTANAROSSA),643,643,0,2506,2506,0,-74.34158
24/07/2020 10:40,202003,WESTERN EUROPE-EU,ITALY,BRISTOL,MILAN (MALPENSA),390,390,0,0,0,0,0
24/07/2020 10:40,202003,WESTERN EUROPE-EU,ITALY,BRISTOL,NAPLES,440,440,0,2786,2786,0,-84.206748
24/07/2020 10:40,202003,WESTERN EUROPE-EU,ITALY,BRISTOL,PISA,343,343,0,2281,2281,0,-84.962736
24/07/2020 10:40,202003,WESTERN EUROPE-EU,ITALY,BRISTOL,ROME (FIUMICINO),1641,1641,0,9616,9616,0,-82.934692
24/07/2020 10:40,202003,WESTERN EUROPE-EU,ITALY,BRISTOL,TURIN,1204,628,576,2620,1253,1367,-54.045802
24/07/2020 10:40,202003,WESTERN EUROPE-EU,ITALY,BRISTOL,VENICE,1233,1233,0,16162,16162,0,-92.370994
24/07/2020 10:40,202003,WESTERN EUROPE-EU,ITALY,BRISTOL,VERONA VILLAFRANCA,267,0,267,954,0,954,-72.012579
24/07/2020 10:40,202003,WESTERN EUROPE-EU,ITALY,CARDIFF WALES,MILAN (MALPENSA),0,0,0,1245,1245,0,-100
24/07/2020 10:40,202003,WESTERN EUROPE-EU,ITALY,CARDIFF WALES,ROME (FIUMICINO),0,0,0,1378,1378,0,-100
24/07/2020 10:40,202003,WESTERN EUROPE-EU,ITALY,EAST MIDLANDS INTERNATIONAL,BERGAMO,375,375,0,4453,4453,0,-91.578711
24/07/2020 10:40,202003,WESTERN EUROPE-EU,ITALY,EAST MIDLANDS INTERNATIONAL,TREVISO,201,201,0,3030,3030,0,-93.366337
24/07/2020 10:40,202003,WESTERN EUROPE-EU,ITALY,EDINBURGH,BERGAMO,1210,1210,0,7140,7140,0,-83.053221
24/07/2020 10:40,202003,WESTERN EUROPE-EU,ITALY,EDINBURGH,BOLOGNA,452,452,0,3147,3147,0,-85.637115
24/07/2020 10:40,202003,WESTERN EUROPE-EU,ITALY,EDINBURGH,MILAN (MALPENSA),1398,1398,0,15651,15651,0,-91.067663
24/07/2020 10:40,202003,WESTERN EUROPE-EU,ITALY,EDINBURGH,NAPLES,518,518,0,3156,3156,0,-83.586819
24/07/2020 10:40,202003,WESTERN EUROPE-EU,ITALY,EDINBURGH,ROME (CIAMPINO),1718,1718,0,8134,8134,0,-78.87878
24/07/2020 10:40,202003,WESTERN EUROPE-EU,ITALY,EDINBURGH,TREVISO,338,338,0,4177,4177,0,-91.908068
24/07/2020 10:40,202003,WESTERN EUROPE-EU,ITALY,EDINBURGH,TURIN,423,284,139,1597,1597,0,-73.512837
24/07/2020 10:40,202003,WESTERN EUROPE-EU,ITALY,EDINBURGH,VENICE,733,733,0,7093,7093,0,-89.665868
24/07/2020 10:40,202003,WESTERN EUROPE-EU,ITALY,EDINBURGH,VERONA VILLAFRANCA,245,117,128,951,0,951,-74.237645
24/07/2020 10:40,202003,WESTERN EUROPE-EU,ITALY,GLASGOW,NAPLES,0,0,0,184,0,184,-100
24/07/2020 10:40,202003,WESTERN EUROPE-EU,ITALY,GLASGOW,RIMINI,0,0,0,76,0,76,-100
24/07/2020 10:40,202003,WESTERN EUROPE-EU,ITALY,GLASGOW,ROME (FIUMICINO),692,692,0,3248,3248,0,-78.694581
24/07/2020 10:40,202003,WESTERN EUROPE-EU,ITALY,GLASGOW,TURIN,620,0,620,1789,0,1789,-65.343767
24/07/2020 10:40,202003,WESTERN EUROPE-EU,ITALY,GLASGOW,VENICE,225,225,0,3162,3162,0,-92.88425
24/07/2020 10:40,202003,WESTERN EUROPE-EU,ITALY,LEEDS BRADFORD,NAPLES,0,0,0,160,160,0,-100
24/07/2020 10:40,202003,WESTERN EUROPE-EU,ITALY,LEEDS BRADFORD,ROME (FIUMICINO),632,632,0,2614,2614,0,-75.822494
24/07/2020 10:40,202003,WESTERN EUROPE-EU,ITALY,LEEDS BRADFORD,TURIN,0,0,0,695,695,0,-100
24/07/2020 10:40,202003,WESTERN EUROPE-EU,ITALY,LEEDS BRADFORD,VENICE,0,0,0,165,165,0,-100
24/07/2020 10:40,202003,WESTERN EUROPE-EU,ITALY,LIVERPOOL (JOHN LENNON),MILAN (MALPENSA),0,0,0,4112,3963,149,-100
24/07/2020 10:40,202003,WESTERN EUROPE-EU,ITALY,LIVERPOOL (JOHN LENNON),NAPLES,414,414,0,0,0,0,0
24/07/2020 10:40,202003,WESTERN EUROPE-EU,ITALY,LIVERPOOL (JOHN LENNON),VENICE,205,205,0,3087,3087,0,-93.359248
24/07/2020 10:40,202003,WESTERN EUROPE-EU,ITALY,MANCHESTER,BERGAMO,1403,1403,0,10905,10905,0,-87.134342
24/07/2020 10:40,202003,WESTERN EUROPE-EU,ITALY,MANCHESTER,BOLOGNA,473,473,0,3186,3186,0,-85.153798
24/07/2020 10:40,202003,WESTERN EUROPE-EU,ITALY,MANCHESTER,CATANIA (FONTANAROSSA),667,667,0,3094,3094,0,-78.442146
24/07/2020 10:40,202003,WESTERN EUROPE-EU,ITALY,MANCHESTER,GENOA,0,0,0,229,229,0,-100
24/07/2020 10:40,202003,WESTERN EUROPE-EU,ITALY,MANCHESTER,MILAN (MALPENSA),1429,1429,0,15548,15456,92,-90.809107
24/07/2020 10:40,202003,WESTERN EUROPE-EU,ITALY,MANCHESTER,NAPLES,993,993,0,6223,6038,185,-84.043066
24/07/2020 10:40,202003,WESTERN EUROPE-EU,ITALY,MANCHESTER,PISA,467,467,0,3315,3315,0,-85.912519
24/07/2020 10:40,202003,WESTERN EUROPE-EU,ITALY,MANCHESTER,ROME (CIAMPINO),2583,2583,0,11095,11095,0,-76.719243
24/07/2020 10:40,202003,WESTERN EUROPE-EU,ITALY,MANCHESTER,ROME (FIUMICINO),2140,2140,0,7993,7993,0,-73.226573
24/07/2020 10:40,202003,WESTERN EUROPE-EU,ITALY,MANCHESTER,TREVISO,453,453,0,4403,4403,0,-89.71156
24/07/2020 10:40,202003,WESTERN EUROPE-EU,ITALY,MANCHESTER,TURIN,2688,1330,1358,8589,5682,2907,-68.704156
24/07/2020 10:40,202003,WESTERN EUROPE-EU,ITALY,MANCHESTER,VENICE,1079,1079,0,9050,9050,0,-88.077348
24/07/2020 10:40,202003,WESTERN EUROPE-EU,ITALY,MANCHESTER,VERONA VILLAFRANCA,679,350,329,2046,0,2046,-66.813294
24/07/2020 10:40,202003,WESTERN EUROPE-EU,ITALY,NEWCASTLE,ROME (FIUMICINO),754,754,0,3197,3197,0,-76.415389
24/07/2020 10:40,202003,WESTERN EUROPE-EU,ITALY,NEWCASTLE,TURIN,501,501,0,1086,1086,0,-53.867403
24/07/2020 10:40,202003,WESTERN EUROPE-EU,ITALY,NEWCASTLE,VERONA VILLAFRANCA,134,0,134,0,0,0,0
24/07/2020 10:40,202003,WESTERN EUROPE-EU,LUXEMBOURG,GATWICK,LUXEMBOURG,2470,2470,0,6695,6695,0,-63.106796
24/07/2020 10:40,202003,WESTERN EUROPE-EU,LUXEMBOURG,HEATHROW,LUXEMBOURG,6147,6147,0,15359,15359,0,-59.977863
24/07/2020 10:40,202003,WESTERN EUROPE-EU,LUXEMBOURG,LONDON CITY,LUXEMBOURG,4036,4036,0,14700,14700,0,-72.544218
24/07/2020 10:40,202003,WESTERN EUROPE-EU,LUXEMBOURG,STANSTED,LUXEMBOURG,3888,3888,0,9380,9380,0,-58.550107
24/07/2020 10:40,202003,WESTERN EUROPE-EU,LUXEMBOURG,EDINBURGH,LUXEMBOURG,1705,1705,0,0,0,0,0
24/07/2020 10:40,202003,WESTERN EUROPE-EU,LUXEMBOURG,MANCHESTER,LUXEMBOURG,203,203,0,2273,2273,0,-91.069072
24/07/2020 10:40,202003,WESTERN EUROPE-EU,MALTA,GATWICK,MALTA,12355,12355,0,27256,25882,1374,-54.670531
24/07/2020 10:40,202003,WESTERN EUROPE-EU,MALTA,HEATHROW,MALTA,7817,7817,0,16301,16301,0,-52.045887
24/07/2020 10:40,202003,WESTERN EUROPE-EU,MALTA,LUTON,MALTA,2967,2967,0,6215,6215,0,-52.26066
24/07/2020 10:40,202003,WESTERN EUROPE-EU,MALTA,SOUTHEND,MALTA,1467,1467,0,3751,3751,0,-60.890429
24/07/2020 10:40,202003,WESTERN EUROPE-EU,MALTA,STANSTED,MALTA,3158,3158,0,6319,6319,0,-50.023738
24/07/2020 10:40,202003,WESTERN EUROPE-EU,MALTA,BELFAST INTERNATIONAL,MALTA,0,0,0,2692,2692,0,-100
24/07/2020 10:40,202003,WESTERN EUROPE-EU,MALTA,BIRMINGHAM,MALTA,2655,2655,0,6288,6288,0,-57.776718
24/07/2020 10:40,202003,WESTERN EUROPE-EU,MALTA,BOURNEMOUTH,MALTA,1502,1502,0,3106,3106,0,-51.641983
24/07/2020 10:40,202003,WESTERN EUROPE-EU,MALTA,BRISTOL,MALTA,2019,2019,0,4799,4799,0,-57.928735
24/07/2020 10:40,202003,WESTERN EUROPE-EU,MALTA,CARDIFF WALES,MALTA,1436,1436,0,0,0,0,0
24/07/2020 10:40,202003,WESTERN EUROPE-EU,MALTA,EAST MIDLANDS INTERNATIONAL,MALTA,2088,2088,0,4420,4420,0,-52.760181
24/07/2020 10:40,202003,WESTERN EUROPE-EU,MALTA,EDINBURGH,MALTA,1448,1269,179,3111,3111,0,-53.455481
24/07/2020 10:40,202003,WESTERN EUROPE-EU,MALTA,EXETER,MALTA,1029,1029,0,0,0,0,0
24/07/2020 10:40,202003,WESTERN EUROPE-EU,MALTA,GLASGOW,MALTA,700,700,0,1273,1273,0,-45.011783
24/07/2020 10:40,202003,WESTERN EUROPE-EU,MALTA,LEEDS BRADFORD,MALTA,1704,1704,0,4375,4375,0,-61.051429
24/07/2020 10:40,202003,WESTERN EUROPE-EU,MALTA,LIVERPOOL (JOHN LENNON),MALTA,1527,1527,0,3118,3118,0,-51.026299
24/07/2020 10:40,202003,WESTERN EUROPE-EU,MALTA,MANCHESTER,MALTA,7467,7456,11,15452,13998,1454,-51.676158
24/07/2020 10:40,202003,WESTERN EUROPE-EU,MALTA,NEWCASTLE,MALTA,1240,1240,0,2835,2835,0,-56.261023
24/07/2020 10:40,202003,WESTERN EUROPE-EU,MALTA,PRESTWICK,MALTA,0,0,0,1563,1563,0,-100
24/07/2020 10:40,202003,WESTERN EUROPE-EU,NETHERLANDS,GATWICK,AMSTERDAM,48296,48296,0,97469,97469,0,-50.449887
24/07/2020 10:40,202003,WESTERN EUROPE-EU,NETHERLANDS,HEATHROW,AMSTERDAM,66482,66482,0,156420,156420,0,-57.497762
24/07/2020 10:40,202003,WESTERN EUROPE-EU,NETHERLANDS,LONDON CITY,AMSTERDAM,18758,18758,0,54739,54739,0,-65.731928
24/07/2020 10:40,202003,WESTERN EUROPE-EU,NETHERLANDS,LONDON CITY,ROTTERDAM,4095,4095,0,16165,16165,0,-74.667491
24/07/2020 10:40,202003,WESTERN EUROPE-EU,NETHERLANDS,LUTON,AMSTERDAM,32091,32091,0,72724,72724,0,-55.872889
24/07/2020 10:40,202003,WESTERN EUROPE-EU,NETHERLANDS,LUTON,ROTTERDAM,0,0,0,288,0,288,-100
24/07/2020 10:40,202003,WESTERN EUROPE-EU,NETHERLANDS,SOUTHEND,AMSTERDAM,8344,8344,0,18153,18153,0,-54.035146
24/07/2020 10:40,202003,WESTERN EUROPE-EU,NETHERLANDS,SOUTHEND,GRONINGEN,225,225,0,3446,3446,0,-93.470691
24/07/2020 10:40,202003,WESTERN EUROPE-EU,NETHERLANDS,STANSTED,AMSTERDAM,14704,14704,0,32853,32853,0,-55.243052
24/07/2020 10:40,202003,WESTERN EUROPE-EU,NETHERLANDS,STANSTED,EINDHOVEN,10679,10679,0,22790,22790,0,-53.141729
24/07/2020 10:40,202003,WESTERN EUROPE-EU,NETHERLANDS,ABERDEEN,AMSTERDAM,11533,11533,0,24232,24232,0,-52.40591
24/07/2020 10:40,202003,WESTERN EUROPE-EU,NETHERLANDS,BELFAST CITY (GEORGE BEST),AMSTERDAM,1733,1733,0,3482,3482,0,-50.229753
24/07/2020 10:40,202003,WESTERN EUROPE-EU,NETHERLANDS,BELFAST INTERNATIONAL,AMSTERDAM,4578,4578,0,9530,9530,0,-51.962225
24/07/2020 10:40,202003,WESTERN EUROPE-EU,NETHERLANDS,BELFAST INTERNATIONAL,ROTTERDAM,0,0,0,43,0,43,-100
24/07/2020 10:40,202003,WESTERN EUROPE-EU,NETHERLANDS,BIRMINGHAM,AMSTERDAM,22668,22668,0,60734,60734,0,-62.67659
24/07/2020 10:40,202003,WESTERN EUROPE-EU,NETHERLANDS,BRISTOL,AMSTERDAM,19337,19337,0,39144,39144,0,-50.600347
24/07/2020 10:40,202003,WESTERN EUROPE-EU,NETHERLANDS,CARDIFF WALES,AMSTERDAM,6172,6172,0,14912,14912,0,-58.610515
24/07/2020 10:40,202003,WESTERN EUROPE-EU,NETHERLANDS,DONCASTER SHEFFIELD,AMSTERDAM,0,0,0,5004,5004,0,-100
24/07/2020 10:40,202003,WESTERN EUROPE-EU,NETHERLANDS,EAST MIDLANDS INTERNATIONAL,AMSTERDAM,383,383,0,4162,4162,0,-90.797693
24/07/2020 10:40,202003,WESTERN EUROPE-EU,NETHERLANDS,EDINBURGH,AMSTERDAM,25561,25561,0,51976,51976,0,-50.821533
24/07/2020 10:40,202003,WESTERN EUROPE-EU,NETHERLANDS,EDINBURGH,EINDHOVEN,1530,1530,0,3752,3752,0,-59.221748
24/07/2020 10:40,202003,WESTERN EUROPE-EU,NETHERLANDS,EDINBURGH,ROTTERDAM,920,920,0,0,0,0,0
24/07/2020 10:40,202003,WESTERN EUROPE-EU,NETHERLANDS,EXETER,AMSTERDAM,572,572,0,5970,5970,0,-90.41876
24/07/2020 10:40,202003,WESTERN EUROPE-EU,NETHERLANDS,GLASGOW,AMSTERDAM,16741,16741,0,35233,35233,0,-52.484886
24/07/2020 10:40,202003,WESTERN EUROPE-EU,NETHERLANDS,HUMBERSIDE,AMSTERDAM,4796,4796,0,11429,11429,0,-58.036574
24/07/2020 10:40,202003,WESTERN EUROPE-EU,NETHERLANDS,INVERNESS,AMSTERDAM,2262,2262,0,4405,4405,0,-48.649262
24/07/2020 10:40,202003,WESTERN EUROPE-EU,NETHERLANDS,LEEDS BRADFORD,AMSTERDAM,11102,11102,0,23406,23406,0,-52.567718
24/07/2020 10:40,202003,WESTERN EUROPE-EU,NETHERLANDS,LIVERPOOL (JOHN LENNON),AMSTERDAM,11532,11532,0,21719,21719,0,-46.903633
24/07/2020 10:40,202003,WESTERN EUROPE-EU,NETHERLANDS,MANCHESTER,AMSTERDAM,44387,44387,0,92174,92174,0,-51.844338
24/07/2020 10:40,202003,WESTERN EUROPE-EU,NETHERLANDS,MANCHESTER,EINDHOVEN,2907,2907,0,5901,5901,0,-50.737163
24/07/2020 10:40,202003,WESTERN EUROPE-EU,NETHERLANDS,NEWCASTLE,AMSTERDAM,13709,13709,0,30835,30835,0,-55.540782
24/07/2020 10:40,202003,WESTERN EUROPE-EU,NETHERLANDS,NORWICH,AMSTERDAM,5516,5516,0,12939,12939,0,-57.369194
24/07/2020 10:40,202003,WESTERN EUROPE-EU,NETHERLANDS,SOUTHAMPTON,AMSTERDAM,1569,1569,0,18451,18451,0,-91.496396
24/07/2020 10:40,202003,WESTERN EUROPE-EU,NETHERLANDS,TEESSIDE INTERNATIONAL AIRPORT,AMSTERDAM,3836,3836,0,9554,9554,0,-59.849278
24/07/2020 10:40,202003,WESTERN EUROPE-EU,PORTUGAL(EXCLUDING MADEIRA),GATWICK,AZORES PONTA DELGADA,281,0,281,0,0,0,0
24/07/2020 10:40,202003,WESTERN EUROPE-EU,PORTUGAL(EXCLUDING MADEIRA),GATWICK,FARO,23109,23109,0,36702,36702,0,-37.036129
24/07/2020 10:40,202003,WESTERN EUROPE-EU,PORTUGAL(EXCLUDING MADEIRA),GATWICK,LISBON,16295,16295,0,32585,32585,0,-49.992328
24/07/2020 10:40,202003,WESTERN EUROPE-EU,PORTUGAL(EXCLUDING MADEIRA),GATWICK,OPORTO (PORTUGAL),14935,14935,0,27929,27929,0,-46.525117
24/07/2020 10:40,202003,WESTERN EUROPE-EU,PORTUGAL(EXCLUDING MADEIRA),HEATHROW,FARO,0,0,0,265,265,0,-100
24/07/2020 10:40,202003,WESTERN EUROPE-EU,PORTUGAL(EXCLUDING MADEIRA),HEATHROW,LISBON,41928,41643,285,81181,81181,0,-48.352447
24/07/2020 10:40,202003,WESTERN EUROPE-EU,PORTUGAL(EXCLUDING MADEIRA),LONDON CITY,LISBON,0,0,0,6587,6587,0,-100
24/07/2020 10:40,202003,WESTERN EUROPE-EU,PORTUGAL(EXCLUDING MADEIRA),LONDON CITY,OPORTO (PORTUGAL),0,0,0,3140,3140,0,-100
24/07/2020 10:40,202003,WESTERN EUROPE-EU,PORTUGAL(EXCLUDING MADEIRA),LUTON,FARO,6954,6954,0,14115,14115,0,-50.733262
24/07/2020 10:40,202003,WESTERN EUROPE-EU,PORTUGAL(EXCLUDING MADEIRA),LUTON,LISBON,15266,15266,0,33090,33090,0,-53.865216
24/07/2020 10:40,202003,WESTERN EUROPE-EU,PORTUGAL(EXCLUDING MADEIRA),LUTON,OPORTO (PORTUGAL),2962,2962,0,4427,4427,0,-33.092388
24/07/2020 10:40,202003,WESTERN EUROPE-EU,PORTUGAL(EXCLUDING MADEIRA),SOUTHEND,FARO,2001,2001,0,4412,4412,0,-54.646419
24/07/2020 10:40,202003,WESTERN EUROPE-EU,PORTUGAL(EXCLUDING MADEIRA),STANSTED,AZORES PONTA DELGADA,523,523,0,1660,1660,0,-68.493976
24/07/2020 10:40,202003,WESTERN EUROPE-EU,PORTUGAL(EXCLUDING MADEIRA),STANSTED,FARO,9989,9989,0,18238,18238,0,-45.22974
24/07/2020 10:40,202003,WESTERN EUROPE-EU,PORTUGAL(EXCLUDING MADEIRA),STANSTED,LISBON,21998,21998,0,33103,33103,0,-33.546808
24/07/2020 10:40,202003,WESTERN EUROPE-EU,PORTUGAL(EXCLUDING MADEIRA),STANSTED,OPORTO (PORTUGAL),15616,15616,0,28874,28874,0,-45.916742
24/07/2020 10:40,202003,WESTERN EUROPE-EU,PORTUGAL(EXCLUDING MADEIRA),BELFAST INTERNATIONAL,FARO,2188,2188,0,4531,4531,0,-51.710439
24/07/2020 10:40,202003,WESTERN EUROPE-EU,PORTUGAL(EXCLUDING MADEIRA),BIRMINGHAM,FARO,7408,7408,0,11891,11891,0,-37.700782
24/07/2020 10:40,202003,WESTERN EUROPE-EU,PORTUGAL(EXCLUDING MADEIRA),BIRMINGHAM,OPORTO (PORTUGAL),1795,1795,0,0,0,0,0
24/07/2020 10:40,202003,WESTERN EUROPE-EU,PORTUGAL(EXCLUDING MADEIRA),BOURNEMOUTH,FARO,1811,1811,0,2960,2960,0,-38.817568
24/07/2020 10:40,202003,WESTERN EUROPE-EU,PORTUGAL(EXCLUDING MADEIRA),BRISTOL,FARO,8173,8173,0,17090,17090,0,-52.176712
24/07/2020 10:40,202003,WESTERN EUROPE-EU,PORTUGAL(EXCLUDING MADEIRA),BRISTOL,LISBON,4012,4012,0,7162,7162,0,-43.982128
24/07/2020 10:40,202003,WESTERN EUROPE-EU,PORTUGAL(EXCLUDING MADEIRA),BRISTOL,OPORTO (PORTUGAL),1888,1888,0,4304,4304,0,-56.133829
24/07/2020 10:40,202003,WESTERN EUROPE-EU,PORTUGAL(EXCLUDING MADEIRA),CARDIFF WALES,FARO,0,0,0,1250,1250,0,-100
24/07/2020 10:40,202003,WESTERN EUROPE-EU,PORTUGAL(EXCLUDING MADEIRA),DUNDEE,FARO,1,0,1,0,0,0,0
24/07/2020 10:40,202003,WESTERN EUROPE-EU,PORTUGAL(EXCLUDING MADEIRA),EAST MIDLANDS INTERNATIONAL,FARO,4641,4641,0,8906,8906,0,-47.889064
24/07/2020 10:40,202003,WESTERN EUROPE-EU,PORTUGAL(EXCLUDING MADEIRA),EDINBURGH,FARO,3656,3656,0,6951,6951,0,-47.403251
24/07/2020 10:40,202003,WESTERN EUROPE-EU,PORTUGAL(EXCLUDING MADEIRA),EDINBURGH,LISBON,3928,3928,0,7343,7125,218,-46.506877
24/07/2020 10:40,202003,WESTERN EUROPE-EU,PORTUGAL(EXCLUDING MADEIRA),EDINBURGH,OPORTO (PORTUGAL),0,0,0,3119,3119,0,-100
24/07/2020 10:40,202003,WESTERN EUROPE-EU,PORTUGAL(EXCLUDING MADEIRA),EXETER,FARO,0,0,0,1601,1601,0,-100
24/07/2020 10:40,202003,WESTERN EUROPE-EU,PORTUGAL(EXCLUDING MADEIRA),GLASGOW,FARO,3870,3870,0,8176,8176,0,-52.666341
24/07/2020 10:40,202003,WESTERN EUROPE-EU,PORTUGAL(EXCLUDING MADEIRA),LEEDS BRADFORD,FARO,3615,3253,362,9336,9336,0,-61.27892
24/07/2020 10:40,202003,WESTERN EUROPE-EU,PORTUGAL(EXCLUDING MADEIRA),LIVERPOOL (JOHN LENNON),FARO,2628,2628,0,10636,10636,0,-75.291463
24/07/2020 10:40,202003,WESTERN EUROPE-EU,PORTUGAL(EXCLUDING MADEIRA),LIVERPOOL (JOHN LENNON),OPORTO (PORTUGAL),1513,1513,0,3168,3168,0,-52.241162
24/07/2020 10:40,202003,WESTERN EUROPE-EU,PORTUGAL(EXCLUDING MADEIRA),MANCHESTER,FARO,9519,9519,0,26944,26944,0,-64.67117
24/07/2020 10:40,202003,WESTERN EUROPE-EU,PORTUGAL(EXCLUDING MADEIRA),MANCHESTER,LISBON,12093,12093,0,27784,27784,0,-56.47495
24/07/2020 10:40,202003,WESTERN EUROPE-EU,PORTUGAL(EXCLUDING MADEIRA),MANCHESTER,OPORTO (PORTUGAL),4369,4369,0,9121,9121,0,-52.09955
24/07/2020 10:40,202003,WESTERN EUROPE-EU,PORTUGAL(EXCLUDING MADEIRA),NEWCASTLE,FARO,3587,3587,0,6717,6717,0,-46.598184
24/07/2020 10:40,202003,WESTERN EUROPE-EU,PORTUGAL(EXCLUDING MADEIRA),PRESTWICK,FARO,1959,1959,0,1388,1388,0,41.138329
24/07/2020 10:40,202003,WESTERN EUROPE-EU,PORTUGAL(EXCLUDING MADEIRA),SOUTHAMPTON,FARO,0,0,0,166,166,0,-100
24/07/2020 10:40,202003,WESTERN EUROPE-EU,PORTUGAL(MADEIRA),GATWICK,FUNCHAL,13086,11960,1126,23280,21594,1686,-43.78866
24/07/2020 10:40,202003,WESTERN EUROPE-EU,PORTUGAL(MADEIRA),STANSTED,FUNCHAL,1735,1735,0,4891,4891,0,-64.526682
24/07/2020 10:40,202003,WESTERN EUROPE-EU,PORTUGAL(MADEIRA),BELFAST INTERNATIONAL,FUNCHAL,0,0,0,1171,1171,0,-100
24/07/2020 10:40,202003,WESTERN EUROPE-EU,PORTUGAL(MADEIRA),BIRMINGHAM,FUNCHAL,1744,1744,0,3189,3189,0,-45.31201
24/07/2020 10:40,202003,WESTERN EUROPE-EU,PORTUGAL(MADEIRA),BRISTOL,FUNCHAL,2875,2875,0,4404,4404,0,-34.718438
24/07/2020 10:40,202003,WESTERN EUROPE-EU,PORTUGAL(MADEIRA),EAST MIDLANDS INTERNATIONAL,FUNCHAL,1718,846,872,2757,1384,1373,-37.68589
24/07/2020 10:40,202003,WESTERN EUROPE-EU,PORTUGAL(MADEIRA),EDINBURGH,FUNCHAL,908,908,0,1388,1388,0,-34.582133
24/07/2020 10:40,202003,WESTERN EUROPE-EU,PORTUGAL(MADEIRA),GLASGOW,FUNCHAL,830,830,0,1385,1385,0,-40.072202
24/07/2020 10:40,202003,WESTERN EUROPE-EU,PORTUGAL(MADEIRA),LEEDS BRADFORD,FUNCHAL,867,867,0,1392,1392,0,-37.715517
24/07/2020 10:40,202003,WESTERN EUROPE-EU,PORTUGAL(MADEIRA),MANCHESTER,FUNCHAL,4642,3648,994,7899,6464,1435,-41.233067
24/07/2020 10:40,202003,WESTERN EUROPE-EU,PORTUGAL(MADEIRA),NEWCASTLE,FUNCHAL,645,645,0,1356,1356,0,-52.433628
24/07/2020 10:40,202003,WESTERN EUROPE-EU,SLOVENIA,GATWICK,LJUBLJANA,2435,2371,64,5617,5617,0,-56.649457
24/07/2020 10:40,202003,WESTERN EUROPE-EU,SLOVENIA,LUTON,LJUBLJANA,0,0,0,4513,4513,0,-100
24/07/2020 10:40,202003,WESTERN EUROPE-EU,SLOVENIA,SOUTHEND,LJUBLJANA,72,72,0,0,0,0,0
24/07/2020 10:40,202003,WESTERN EUROPE-EU,SLOVENIA,STANSTED,LJUBLJANA,3745,3745,0,8809,8809,0,-57.486661
24/07/2020 10:40,202003,WESTERN EUROPE-EU,SPAIN,GATWICK,ALICANTE,29178,28856,322,56287,53946,2341,-48.162098
24/07/2020 10:40,202003,WESTERN EUROPE-EU,SPAIN,GATWICK,ALMERIA,3660,3660,0,7104,7104,0,-48.47973
24/07/2020 10:40,202003,WESTERN EUROPE-EU,SPAIN,GATWICK,ASTURIAS,1514,1514,0,0,0,0,0
24/07/2020 10:40,202003,WESTERN EUROPE-EU,SPAIN,GATWICK,BARCELONA,49484,49484,0,133040,133040,0,-62.805171
24/07/2020 10:40,202003,WESTERN EUROPE-EU,SPAIN,GATWICK,BILBAO,8609,8609,0,9987,9987,0,-13.797937
24/07/2020 10:40,202003,WESTERN EUROPE-EU,SPAIN,GATWICK,GRANADA,1660,1660,0,4210,4210,0,-60.570071
24/07/2020 10:40,202003,WESTERN EUROPE-EU,SPAIN,GATWICK,LIEIDA,0,0,0,2079,0,2079,-100
24/07/2020 10:40,202003,WESTERN EUROPE-EU,SPAIN,GATWICK,MADRID,31561,31561,0,91904,91904,0,-65.658731
24/07/2020 10:40,202003,WESTERN EUROPE-EU,SPAIN,GATWICK,MAHON,1147,1147,0,2983,2983,0,-61.548776
24/07/2020 10:40,202003,WESTERN EUROPE-EU,SPAIN,GATWICK,MALAGA,37650,36373,1277,77220,75243,1977,-51.243201
24/07/2020 10:40,202003,WESTERN EUROPE-EU,SPAIN,GATWICK,MURCIA INTERNATIONAL,5338,5338,0,12795,12795,0,-58.280578
24/07/2020 10:40,202003,WESTERN EUROPE-EU,SPAIN,GATWICK,PALMA DE MALLORCA,12055,11238,817,36471,34065,2406,-66.946341
24/07/2020 10:40,202003,WESTERN EUROPE-EU,SPAIN,GATWICK,SEVILLE,12817,12642,175,22126,22126,0,-42.072675
24/07/2020 10:40,202003,WESTERN EUROPE-EU,SPAIN,GATWICK,VALENCIA,10232,10232,0,31040,31040,0,-67.036082
24/07/2020 10:40,202003,WESTERN EUROPE-EU,SPAIN,HEATHROW,A CORUNA,3781,3781,0,10208,10208,0,-62.960423
24/07/2020 10:40,202003,WESTERN EUROPE-EU,SPAIN,HEATHROW,BARCELONA,26084,26084,0,73304,73304,0,-64.416676
24/07/2020 10:40,202003,WESTERN EUROPE-EU,SPAIN,HEATHROW,BILBAO,0,0,0,9356,9356,0,-100
24/07/2020 10:40,202003,WESTERN EUROPE-EU,SPAIN,HEATHROW,MADRID,58815,58815,0,129773,129773,0,-54.678554
24/07/2020 10:40,202003,WESTERN EUROPE-EU,SPAIN,HEATHROW,MALAGA,2859,2859,0,7922,7922,0,-63.910629
24/07/2020 10:40,202003,WESTERN EUROPE-EU,SPAIN,HEATHROW,PALMA DE MALLORCA,0,0,0,475,475,0,-100
24/07/2020 10:40,202003,WESTERN EUROPE-EU,SPAIN,HEATHROW,VALENCIA,4714,4714,0,511,511,0,822.504892
24/07/2020 10:40,202003,WESTERN EUROPE-EU,SPAIN,LONDON CITY,GRANADA,0,0,0,125,125,0,-100
24/07/2020 10:40,202003,WESTERN EUROPE-EU,SPAIN,LONDON CITY,IBIZA,2388,2388,0,4973,4973,0,-51.980696
24/07/2020 10:40,202003,WESTERN EUROPE-EU,SPAIN,LONDON CITY,MALAGA,986,986,0,4429,4429,0,-77.737638
24/07/2020 10:40,202003,WESTERN EUROPE-EU,SPAIN,LONDON CITY,PALMA DE MALLORCA,1013,1013,0,2106,2106,0,-51.899335
24/07/2020 10:40,202003,WESTERN EUROPE-EU,SPAIN,LUTON,ALICANTE,10015,10015,0,21493,21493,0,-53.403434
24/07/2020 10:40,202003,WESTERN EUROPE-EU,SPAIN,LUTON,BARCELONA,17265,17265,0,42436,42436,0,-59.315204
24/07/2020 10:40,202003,WESTERN EUROPE-EU,SPAIN,LUTON,CASTELLON COSTA AZAHAR,347,347,0,0,0,0,0
24/07/2020 10:40,202003,WESTERN EUROPE-EU,SPAIN,LUTON,MADRID,4839,4839,0,14304,14304,0,-66.170302
24/07/2020 10:40,202003,WESTERN EUROPE-EU,SPAIN,LUTON,MALAGA,10806,10099,707,23185,23009,176,-53.392279
24/07/2020 10:40,202003,WESTERN EUROPE-EU,SPAIN,LUTON,MURCIA INTERNATIONAL,0,0,0,4316,4316,0,-100
24/07/2020 10:40,202003,WESTERN EUROPE-EU,SPAIN,LUTON,PALMA DE MALLORCA,1565,1565,0,4347,4347,0,-63.99816
24/07/2020 10:40,202003,WESTERN EUROPE-EU,SPAIN,LUTON,SEVILLE,3941,3941,0,4500,4500,0,-12.422222
24/07/2020 10:40,202003,WESTERN EUROPE-EU,SPAIN,LUTON,VALENCIA,1657,1657,0,3968,3968,0,-58.240927
24/07/2020 10:40,202003,WESTERN EUROPE-EU,SPAIN,SOUTHEND,ALICANTE,8459,8459,0,10383,10383,0,-18.53029
24/07/2020 10:40,202003,WESTERN EUROPE-EU,SPAIN,SOUTHEND,BARCELONA,1780,1780,0,4062,4062,0,-56.179222
24/07/2020 10:40,202003,WESTERN EUROPE-EU,SPAIN,SOUTHEND,BILBAO,1897,1897,0,0,0,0,0
24/07/2020 10:40,202003,WESTERN EUROPE-EU,SPAIN,SOUTHEND,GIRONA,0,0,0,13,13,0,-100
24/07/2020 10:40,202003,WESTERN EUROPE-EU,SPAIN,SOUTHEND,MALAGA,7269,7269,0,9422,9422,0,-22.850775
24/07/2020 10:40,202003,WESTERN EUROPE-EU,SPAIN,SOUTHEND,MURCIA INTERNATIONAL,1031,1031,0,2642,2642,0,-60.976533
24/07/2020 10:40,202003,WESTERN EUROPE-EU,SPAIN,SOUTHEND,PALMA DE MALLORCA,0,0,0,168,168,0,-100
24/07/2020 10:40,202003,WESTERN EUROPE-EU,SPAIN,STANSTED,ALICANTE,12179,12179,0,23186,23186,0,-47.472613
24/07/2020 10:40,202003,WESTERN EUROPE-EU,SPAIN,STANSTED,BARCELONA,21113,21113,0,45907,45907,0,-54.009192
24/07/2020 10:40,202003,WESTERN EUROPE-EU,SPAIN,STANSTED,BILBAO,1194,1074,120,5059,5059,0,-76.398498
24/07/2020 10:40,202003,WESTERN EUROPE-EU,SPAIN,STANSTED,CASTELLON COSTA AZAHAR,917,917,0,3010,3010,0,-69.534884
24/07/2020 10:40,202003,WESTERN EUROPE-EU,SPAIN,STANSTED,CASTELLON DE LA PLANA AIRPORT,0,0,0,1283,1283,0,-100
24/07/2020 10:40,202003,WESTERN EUROPE-EU,SPAIN,STANSTED,JEREZ,1556,1556,0,3078,3078,0,-49.447693
24/07/2020 10:40,202003,WESTERN EUROPE-EU,SPAIN,STANSTED,LIEIDA,0,0,0,1454,1454,0,-100
24/07/2020 10:40,202003,WESTERN EUROPE-EU,SPAIN,STANSTED,MADRID,18246,18246,0,42197,41934,263,-56.759959
24/07/2020 10:40,202003,WESTERN EUROPE-EU,SPAIN,STANSTED,MALAGA,16989,16904,85,34309,34309,0,-50.482381
24/07/2020 10:40,202003,WESTERN EUROPE-EU,SPAIN,STANSTED,MURCIA INTERNATIONAL,2970,2970,0,7350,7350,0,-59.591837
24/07/2020 10:40,202003,WESTERN EUROPE-EU,SPAIN,STANSTED,PALMA DE MALLORCA,7682,7682,0,18760,18760,0,-59.051173
24/07/2020 10:40,202003,WESTERN EUROPE-EU,SPAIN,STANSTED,REUS,1050,1050,0,2827,2827,0,-62.858154
24/07/2020 10:40,202003,WESTERN EUROPE-EU,SPAIN,STANSTED,SANTANDER,3525,3525,0,7407,7407,0,-52.409883
24/07/2020 10:40,202003,WESTERN EUROPE-EU,SPAIN,STANSTED,SANTIAGO DE COMPOSTELA (SPAIN),2040,2040,0,4341,4341,0,-53.00622
24/07/2020 10:40,202003,WESTERN EUROPE-EU,SPAIN,STANSTED,SEVILLE,5925,5925,0,13832,13832,0,-57.164546
24/07/2020 10:40,202003,WESTERN EUROPE-EU,SPAIN,STANSTED,VALENCIA,6760,6760,0,13661,13661,0,-50.516068
24/07/2020 10:40,202003,WESTERN EUROPE-EU,SPAIN,STANSTED,ZARAGOZA,3489,3489,0,7610,7610,0,-54.152431
24/07/2020 10:40,202003,WESTERN EUROPE-EU,SPAIN,ABERDEEN,ALICANTE,1630,1630,0,3137,3137,0,-48.039528
24/07/2020 10:40,202003,WESTERN EUROPE-EU,SPAIN,BELFAST INTERNATIONAL,ALICANTE,4890,4890,0,13102,13102,0,-62.677454
24/07/2020 10:40,202003,WESTERN EUROPE-EU,SPAIN,BELFAST INTERNATIONAL,BARCELONA,0,0,0,212,212,0,-100
24/07/2020 10:40,202003,WESTERN EUROPE-EU,SPAIN,BELFAST INTERNATIONAL,MALAGA,4124,4124,0,11995,11995,0,-65.619008
24/07/2020 10:40,202003,WESTERN EUROPE-EU,SPAIN,BELFAST INTERNATIONAL,PALMA DE MALLORCA,0,0,0,645,645,0,-100
24/07/2020 10:40,202003,WESTERN EUROPE-EU,SPAIN,BIRMINGHAM,ALICANTE,12471,11405,1066,24708,22336,2372,-49.526469
24/07/2020 10:40,202003,WESTERN EUROPE-EU,SPAIN,BIRMINGHAM,BARCELONA,7796,7796,0,16469,16469,0,-52.662578
24/07/2020 10:40,202003,WESTERN EUROPE-EU,SPAIN,BIRMINGHAM,LIEIDA,0,0,0,786,0,786,-100
24/07/2020 10:40,202003,WESTERN EUROPE-EU,SPAIN,BIRMINGHAM,MADRID,4163,4163,0,10450,10450,0,-60.162679
24/07/2020 10:40,202003,WESTERN EUROPE-EU,SPAIN,BIRMINGHAM,MALAGA,11737,10698,1039,21205,19186,2019,-44.649847
24/07/2020 10:40,202003,WESTERN EUROPE-EU,SPAIN,BIRMINGHAM,MURCIA INTERNATIONAL,1471,1471,0,3305,3305,0,-55.491679
24/07/2020 10:40,202003,WESTERN EUROPE-EU,SPAIN,BIRMINGHAM,PALMA DE MALLORCA,1656,1656,0,7357,7357,0,-77.490825
24/07/2020 10:40,202003,WESTERN EUROPE-EU,SPAIN,BIRMINGHAM,SEVILLE,0,0,0,309,309,0,-100
24/07/2020 10:40,202003,WESTERN EUROPE-EU,SPAIN,BOURNEMOUTH,ALICANTE,2302,2302,0,4537,4537,0,-49.261627
24/07/2020 10:40,202003,WESTERN EUROPE-EU,SPAIN,BOURNEMOUTH,BARCELONA,0,0,0,42,0,42,-100
24/07/2020 10:40,202003,WESTERN EUROPE-EU,SPAIN,BOURNEMOUTH,MALAGA,1766,1766,0,3158,3158,0,-44.078531
24/07/2020 10:40,202003,WESTERN EUROPE-EU,SPAIN,BRISTOL,ALICANTE,11557,11557,0,22880,21847,1033,-49.488636
24/07/2020 10:40,202003,WESTERN EUROPE-EU,SPAIN,BRISTOL,BARCELONA,6639,6639,0,14694,14694,0,-54.818293
24/07/2020 10:40,202003,WESTERN EUROPE-EU,SPAIN,BRISTOL,BILBAO,1287,1287,0,2501,2501,0,-48.540584
24/07/2020 10:40,202003,WESTERN EUROPE-EU,SPAIN,BRISTOL,LIEIDA,0,0,0,438,0,438,-100
24/07/2020 10:40,202003,WESTERN EUROPE-EU,SPAIN,BRISTOL,MADRID,3826,3826,0,11575,11575,0,-66.946004
24/07/2020 10:40,202003,WESTERN EUROPE-EU,SPAIN,BRISTOL,MALAGA,12809,12075,734,24178,22124,2054,-47.022086
24/07/2020 10:40,202003,WESTERN EUROPE-EU,SPAIN,BRISTOL,MURCIA INTERNATIONAL,1960,1960,0,4867,4867,0,-59.728786
24/07/2020 10:40,202003,WESTERN EUROPE-EU,SPAIN,BRISTOL,PALMA DE MALLORCA,3488,3488,0,7610,7610,0,-54.165572
24/07/2020 10:40,202003,WESTERN EUROPE-EU,SPAIN,BRISTOL,SEVILLE,3255,3255,0,6885,6885,0,-52.723312
24/07/2020 10:40,202003,WESTERN EUROPE-EU,SPAIN,BRISTOL,VALENCIA,1311,1311,0,2885,2885,0,-54.558059
24/07/2020 10:40,202003,WESTERN EUROPE-EU,SPAIN,CARDIFF WALES,ALICANTE,3656,2172,1484,7906,4619,3287,-53.756641
24/07/2020 10:40,202003,WESTERN EUROPE-EU,SPAIN,CARDIFF WALES,MALAGA,1556,631,925,4751,2913,1838,-67.249
24/07/2020 10:40,202003,WESTERN EUROPE-EU,SPAIN,DONCASTER SHEFFIELD,ALICANTE,1515,0,1515,5214,1728,3486,-70.943613
24/07/2020 10:40,202003,WESTERN EUROPE-EU,SPAIN,DONCASTER SHEFFIELD,MALAGA,1674,0,1674,3232,0,3232,-48.205446
24/07/2020 10:40,202003,WESTERN EUROPE-EU,SPAIN,DONCASTER SHEFFIELD,PALMA DE MALLORCA,1377,0,1377,2564,0,2564,-46.294852
24/07/2020 10:40,202003,WESTERN EUROPE-EU,SPAIN,EAST MIDLANDS INTERNATIONAL,ALICANTE,11482,10562,920,23183,20768,2415,-50.472329
24/07/2020 10:40,202003,WESTERN EUROPE-EU,SPAIN,EAST MIDLANDS INTERNATIONAL,MALAGA,8399,7469,930,14689,12784,1905,-42.821159
24/07/2020 10:40,202003,WESTERN EUROPE-EU,SPAIN,EAST MIDLANDS INTERNATIONAL,MURCIA INTERNATIONAL,0,0,0,2147,2147,0,-100
24/07/2020 10:40,202003,WESTERN EUROPE-EU,SPAIN,EAST MIDLANDS INTERNATIONAL,PALMA DE MALLORCA,1638,1638,0,2913,2913,0,-43.76931
24/07/2020 10:40,202003,WESTERN EUROPE-EU,SPAIN,EAST MIDLANDS INTERNATIONAL,SEVILLE,0,0,0,3034,3034,0,-100
24/07/2020 10:40,202003,WESTERN EUROPE-EU,SPAIN,EDINBURGH,ALICANTE,7123,7123,0,16088,16088,0,-55.724764
24/07/2020 10:40,202003,WESTERN EUROPE-EU,SPAIN,EDINBURGH,BARCELONA,5868,5868,0,12769,12769,0,-54.044953
24/07/2020 10:40,202003,WESTERN EUROPE-EU,SPAIN,EDINBURGH,BILBAO,0,0,0,1101,1101,0,-100
24/07/2020 10:40,202003,WESTERN EUROPE-EU,SPAIN,EDINBURGH,MADRID,4493,4493,0,12332,12332,0,-63.566331
24/07/2020 10:40,202003,WESTERN EUROPE-EU,SPAIN,EDINBURGH,MALAGA,6207,5516,691,12043,12043,0,-48.459686
24/07/2020 10:40,202003,WESTERN EUROPE-EU,SPAIN,EDINBURGH,PALMA DE MALLORCA,1438,1438,0,3483,3483,0,-58.713753
24/07/2020 10:40,202003,WESTERN EUROPE-EU,SPAIN,EDINBURGH,SANTANDER,1498,1498,0,2824,2824,0,-46.954674
24/07/2020 10:40,202003,WESTERN EUROPE-EU,SPAIN,EDINBURGH,SEVILLE,2914,2914,0,5875,5875,0,-50.4
24/07/2020 10:40,202003,WESTERN EUROPE-EU,SPAIN,EDINBURGH,VALENCIA,0,0,0,4319,4319,0,-100
24/07/2020 10:40,202003,WESTERN EUROPE-EU,SPAIN,EXETER,ALICANTE,1354,1354,0,2767,2767,0,-51.066137
24/07/2020 10:40,202003,WESTERN EUROPE-EU,SPAIN,EXETER,MALAGA,1600,1600,0,2181,2181,0,-26.639156
24/07/2020 10:40,202003,WESTERN EUROPE-EU,SPAIN,EXETER,PALMA DE MALLORCA,0,0,0,40,40,0,-100
24/07/2020 10:40,202003,WESTERN EUROPE-EU,SPAIN,GLASGOW,ALICANTE,9868,8923,945,19782,17400,2382,-50.116267
24/07/2020 10:40,202003,WESTERN EUROPE-EU,SPAIN,GLASGOW,BARCELONA,1604,1604,0,3326,3326,0,-51.773903
24/07/2020 10:40,202003,WESTERN EUROPE-EU,SPAIN,GLASGOW,MALAGA,7700,6777,923,11918,10051,1867,-35.391844
24/07/2020 10:40,202003,WESTERN EUROPE-EU,SPAIN,GLASGOW,PALMA DE MALLORCA,1406,1406,0,4961,4961,0,-71.65894
24/07/2020 10:40,202003,WESTERN EUROPE-EU,SPAIN,LEEDS BRADFORD,ALICANTE,11475,11287,188,21639,21639,0,-46.970747
24/07/2020 10:40,202003,WESTERN EUROPE-EU,SPAIN,LEEDS BRADFORD,BARCELONA,2144,2144,0,5101,5101,0,-57.969026
24/07/2020 10:40,202003,WESTERN EUROPE-EU,SPAIN,LEEDS BRADFORD,MALAGA,7442,7124,318,15209,15209,0,-51.068446
24/07/2020 10:40,202003,WESTERN EUROPE-EU,SPAIN,LEEDS BRADFORD,MURCIA INTERNATIONAL,0,0,0,3390,3390,0,-100
24/07/2020 10:40,202003,WESTERN EUROPE-EU,SPAIN,LEEDS BRADFORD,PALMA DE MALLORCA,1470,1317,153,3724,3724,0,-60.526316
24/07/2020 10:40,202003,WESTERN EUROPE-EU,SPAIN,LIVERPOOL (JOHN LENNON),ALICANTE,10414,10414,0,17341,17341,0,-39.945793
24/07/2020 10:40,202003,WESTERN EUROPE-EU,SPAIN,LIVERPOOL (JOHN LENNON),BARCELONA,5471,5471,0,15860,15860,0,-65.504414
24/07/2020 10:40,202003,WESTERN EUROPE-EU,SPAIN,LIVERPOOL (JOHN LENNON),MADRID,4299,2622,1677,7274,7274,0,-40.899093
24/07/2020 10:40,202003,WESTERN EUROPE-EU,SPAIN,LIVERPOOL (JOHN LENNON),MALAGA,7674,7674,0,14745,14745,0,-47.955239
24/07/2020 10:40,202003,WESTERN EUROPE-EU,SPAIN,LIVERPOOL (JOHN LENNON),PALMA DE MALLORCA,1203,1203,0,2861,2861,0,-57.951765
24/07/2020 10:40,202003,WESTERN EUROPE-EU,SPAIN,MANCHESTER,A CORUNA,0,0,0,2,2,0,-100
24/07/2020 10:40,202003,WESTERN EUROPE-EU,SPAIN,MANCHESTER,ALICANTE,26780,24664,2116,50899,46235,4664,-47.386
24/07/2020 10:40,202003,WESTERN EUROPE-EU,SPAIN,MANCHESTER,BARCELONA,15706,15706,0,30575,30575,0,-48.631235
24/07/2020 10:40,202003,WESTERN EUROPE-EU,SPAIN,MANCHESTER,BILBAO,1878,1785,93,4822,4822,0,-61.053505
24/07/2020 10:40,202003,WESTERN EUROPE-EU,SPAIN,MANCHESTER,GRANADA,1373,1373,0,3105,3105,0,-55.780998
24/07/2020 10:40,202003,WESTERN EUROPE-EU,SPAIN,MANCHESTER,LIEIDA,0,0,0,2132,0,2132,-100
24/07/2020 10:40,202003,WESTERN EUROPE-EU,SPAIN,MANCHESTER,MADRID,6542,6542,0,14016,14016,0,-53.324772
24/07/2020 10:40,202003,WESTERN EUROPE-EU,SPAIN,MANCHESTER,MALAGA,19114,16035,3079,39144,35617,3527,-51.170039
24/07/2020 10:40,202003,WESTERN EUROPE-EU,SPAIN,MANCHESTER,MURCIA INTERNATIONAL,2322,2322,0,4694,4694,0,-50.532595
24/07/2020 10:40,202003,WESTERN EUROPE-EU,SPAIN,MANCHESTER,PALMA DE MALLORCA,7680,6203,1477,21102,18199,2903,-63.605345
24/07/2020 10:40,202003,WESTERN EUROPE-EU,SPAIN,MANCHESTER,SEVILLE,3202,3202,0,3250,3250,0,-1.476923
24/07/2020 10:40,202003,WESTERN EUROPE-EU,SPAIN,MANCHESTER,VALENCIA,1500,1500,0,3216,3216,0,-53.358209
24/07/2020 10:40,202003,WESTERN EUROPE-EU,SPAIN,NEWCASTLE,ALICANTE,13401,13401,0,26717,26717,0,-49.840925
24/07/2020 10:40,202003,WESTERN EUROPE-EU,SPAIN,NEWCASTLE,BARCELONA,2389,2389,0,5556,5556,0,-57.00144
24/07/2020 10:40,202003,WESTERN EUROPE-EU,SPAIN,NEWCASTLE,MALAGA,8505,8505,0,19193,19193,0,-55.686969
24/07/2020 10:40,202003,WESTERN EUROPE-EU,SPAIN,NEWCASTLE,PALMA DE MALLORCA,1319,1319,0,3203,3203,0,-58.819856
24/07/2020 10:40,202003,WESTERN EUROPE-EU,SPAIN,NEWQUAY,ALICANTE,1589,1589,0,3073,3073,0,-48.291572
24/07/2020 10:40,202003,WESTERN EUROPE-EU,SPAIN,NORWICH,ALICANTE,0,0,0,1341,1341,0,-100
24/07/2020 10:40,202003,WESTERN EUROPE-EU,SPAIN,NORWICH,MALAGA,0,0,0,1653,1653,0,-100
24/07/2020 10:40,202003,WESTERN EUROPE-EU,SPAIN,PRESTWICK,ALICANTE,3054,3054,0,4712,4566,146,-35.186757
24/07/2020 10:40,202003,WESTERN EUROPE-EU,SPAIN,PRESTWICK,MALAGA,1719,1719,0,3068,3068,0,-43.970013
24/07/2020 10:40,202003,WESTERN EUROPE-EU,SPAIN,SOUTHAMPTON,ALICANTE,0,0,0,1496,1496,0,-100
24/07/2020 10:40,202003,WESTERN EUROPE-EU,SPAIN(CANARY ISLANDS),GATWICK,ARRECIFE,19081,15880,3201,39433,32383,7050,-51.611594
24/07/2020 10:40,202003,WESTERN EUROPE-EU,SPAIN(CANARY ISLANDS),GATWICK,FUERTEVENTURA,9683,8184,1499,22980,19141,3839,-57.863359
24/07/2020 10:40,202003,WESTERN EUROPE-EU,SPAIN(CANARY ISLANDS),GATWICK,LAS PALMAS,14654,11099,3555,23285,16665,6620,-37.066781
24/07/2020 10:40,202003,WESTERN EUROPE-EU,SPAIN(CANARY ISLANDS),GATWICK,SANTA CRUZ DE LA PALMA,2347,1488,859,4242,2827,1415,-44.672324
24/07/2020 10:40,202003,WESTERN EUROPE-EU,SPAIN(CANARY ISLANDS),GATWICK,TENERIFE (SURREINA SOFIA),32418,27533,4885,70405,57718,12687,-53.954975
24/07/2020 10:40,202003,WESTERN EUROPE-EU,SPAIN(CANARY ISLANDS),HEATHROW,LAS PALMAS,0,0,0,2412,2412,0,-100
24/07/2020 10:40,202003,WESTERN EUROPE-EU,SPAIN(CANARY ISLANDS),HEATHROW,TENERIFE (SURREINA SOFIA),733,733,0,1359,1359,0,-46.063282
24/07/2020 10:40,202003,WESTERN EUROPE-EU,SPAIN(CANARY ISLANDS),LUTON,ARRECIFE,3662,2771,891,8844,7183,1661,-58.593397
24/07/2020 10:40,202003,WESTERN EUROPE-EU,SPAIN(CANARY ISLANDS),LUTON,FUERTEVENTURA,0,0,0,2910,2910,0,-100
24/07/2020 10:40,202003,WESTERN EUROPE-EU,SPAIN(CANARY ISLANDS),LUTON,LAS PALMAS,0,0,0,1370,0,1370,-100
24/07/2020 10:40,202003,WESTERN EUROPE-EU,SPAIN(CANARY ISLANDS),LUTON,TENERIFE (SURREINA SOFIA),6462,5681,781,10896,7636,3260,-40.693833
24/07/2020 10:40,202003,WESTERN EUROPE-EU,SPAIN(CANARY ISLANDS),SOUTHEND,ARRECIFE,1633,1633,0,2945,2945,0,-44.550085
24/07/2020 10:40,202003,WESTERN EUROPE-EU,SPAIN(CANARY ISLANDS),SOUTHEND,TENERIFE (SURREINA SOFIA),782,782,0,2990,2990,0,-73.846154
24/07/2020 10:40,202003,WESTERN EUROPE-EU,SPAIN(CANARY ISLANDS),STANSTED,ARRECIFE,11349,10431,918,19376,17931,1445,-41.427539
24/07/2020 10:40,202003,WESTERN EUROPE-EU,SPAIN(CANARY ISLANDS),STANSTED,FUERTEVENTURA,8653,8653,0,12474,11040,1434,-30.631714
24/07/2020 10:40,202003,WESTERN EUROPE-EU,SPAIN(CANARY ISLANDS),STANSTED,LAS PALMAS,8371,7485,886,17131,15704,1427,-51.135369
24/07/2020 10:40,202003,WESTERN EUROPE-EU,SPAIN(CANARY ISLANDS),STANSTED,TENERIFE (SURREINA SOFIA),17338,15658,1680,32414,29111,3303,-46.510767
24/07/2020 10:40,202003,WESTERN EUROPE-EU,SPAIN(CANARY ISLANDS),ABERDEEN,TENERIFE (SURREINA SOFIA),1760,0,1760,3392,0,3392,-48.113208
24/07/2020 10:40,202003,WESTERN EUROPE-EU,SPAIN(CANARY ISLANDS),BELFAST INTERNATIONAL,ARRECIFE,3904,3904,0,10936,9334,1602,-64.30139
24/07/2020 10:40,202003,WESTERN EUROPE-EU,SPAIN(CANARY ISLANDS),BELFAST INTERNATIONAL,FUERTEVENTURA,2307,2307,0,4706,4706,0,-50.977476
24/07/2020 10:40,202003,WESTERN EUROPE-EU,SPAIN(CANARY ISLANDS),BELFAST INTERNATIONAL,LAS PALMAS,1502,1502,0,3275,1940,1335,-54.137405
24/07/2020 10:40,202003,WESTERN EUROPE-EU,SPAIN(CANARY ISLANDS),BELFAST INTERNATIONAL,TENERIFE (SURREINA SOFIA),3260,3260,0,13253,7646,5607,-75.401796
24/07/2020 10:40,202003,WESTERN EUROPE-EU,SPAIN(CANARY ISLANDS),BIRMINGHAM,ARRECIFE,11941,9701,2240,23407,19401,4006,-48.985346
24/07/2020 10:40,202003,WESTERN EUROPE-EU,SPAIN(CANARY ISLANDS),BIRMINGHAM,FUERTEVENTURA,7847,6003,1844,14644,11104,3540,-46.414914
24/07/2020 10:40,202003,WESTERN EUROPE-EU,SPAIN(CANARY ISLANDS),BIRMINGHAM,LAS PALMAS,6737,5016,1721,13243,8573,4670,-49.127841
24/07/2020 10:40,202003,WESTERN EUROPE-EU,SPAIN(CANARY ISLANDS),BIRMINGHAM,TENERIFE (SURREINA SOFIA),16821,12886,3935,34442,27245,7197,-51.161373
24/07/2020 10:40,202003,WESTERN EUROPE-EU,SPAIN(CANARY ISLANDS),BOURNEMOUTH,ARRECIFE,1790,0,1790,3278,181,3097,-45.393533
24/07/2020 10:40,202003,WESTERN EUROPE-EU,SPAIN(CANARY ISLANDS),BOURNEMOUTH,LAS PALMAS,1522,638,884,1437,0,1437,5.915101
24/07/2020 10:40,202003,WESTERN EUROPE-EU,SPAIN(CANARY ISLANDS),BOURNEMOUTH,TENERIFE (SURREINA SOFIA),2238,677,1561,4639,1296,3343,-51.756844
24/07/2020 10:40,202003,WESTERN EUROPE-EU,SPAIN(CANARY ISLANDS),BRISTOL,ARRECIFE,6961,5141,1820,15504,8028,7476,-55.101909
24/07/2020 10:40,202003,WESTERN EUROPE-EU,SPAIN(CANARY ISLANDS),BRISTOL,FUERTEVENTURA,2086,1526,560,8937,3196,5741,-76.658834
24/07/2020 10:40,202003,WESTERN EUROPE-EU,SPAIN(CANARY ISLANDS),BRISTOL,LAS PALMAS,3184,2259,925,6487,4791,1696,-50.917219
24/07/2020 10:40,202003,WESTERN EUROPE-EU,SPAIN(CANARY ISLANDS),BRISTOL,TENERIFE (SURREINA SOFIA),8790,6385,2405,18183,10755,7428,-51.658142
24/07/2020 10:40,202003,WESTERN EUROPE-EU,SPAIN(CANARY ISLANDS),CARDIFF WALES,ARRECIFE,1967,0,1967,3314,0,3314,-40.645745
24/07/2020 10:40,202003,WESTERN EUROPE-EU,SPAIN(CANARY ISLANDS),CARDIFF WALES,LAS PALMAS,571,0,571,1837,0,1837,-68.916712
24/07/2020 10:40,202003,WESTERN EUROPE-EU,SPAIN(CANARY ISLANDS),CARDIFF WALES,TENERIFE (SURREINA SOFIA),2237,0,2237,7355,2616,4739,-69.585316
24/07/2020 10:40,202003,WESTERN EUROPE-EU,SPAIN(CANARY ISLANDS),DONCASTER SHEFFIELD,ARRECIFE,1935,0,1935,3287,0,3287,-41.131731
24/07/2020 10:40,202003,WESTERN EUROPE-EU,SPAIN(CANARY ISLANDS),DONCASTER SHEFFIELD,LAS PALMAS,781,0,781,1852,0,1852,-57.829374
24/07/2020 10:40,202003,WESTERN EUROPE-EU,SPAIN(CANARY ISLANDS),DONCASTER SHEFFIELD,TENERIFE (SURREINA SOFIA),2412,0,2412,4937,0,4937,-51.14442
24/07/2020 10:40,202003,WESTERN EUROPE-EU,SPAIN(CANARY ISLANDS),EAST MIDLANDS INTERNATIONAL,ARRECIFE,8761,7867,894,18243,16825,1418,-51.9761
24/07/2020 10:40,202003,WESTERN EUROPE-EU,SPAIN(CANARY ISLANDS),EAST MIDLANDS INTERNATIONAL,FUERTEVENTURA,5161,4267,894,11483,10027,1456,-55.055299
24/07/2020 10:40,202003,WESTERN EUROPE-EU,SPAIN(CANARY ISLANDS),EAST MIDLANDS INTERNATIONAL,LAS PALMAS,4643,4643,0,10378,9090,1288,-55.261129
24/07/2020 10:40,202003,WESTERN EUROPE-EU,SPAIN(CANARY ISLANDS),EAST MIDLANDS INTERNATIONAL,TENERIFE (SURREINA SOFIA),14010,11748,2262,30441,25553,4888,-53.976545
24/07/2020 10:40,202003,WESTERN EUROPE-EU,SPAIN(CANARY ISLANDS),EDINBURGH,ARRECIFE,5349,4450,899,9596,8113,1483,-44.258024
24/07/2020 10:40,202003,WESTERN EUROPE-EU,SPAIN(CANARY ISLANDS),EDINBURGH,FUERTEVENTURA,3808,3808,0,6384,6384,0,-40.350877
24/07/2020 10:40,202003,WESTERN EUROPE-EU,SPAIN(CANARY ISLANDS),EDINBURGH,LAS PALMAS,2445,2445,0,7670,6277,1393,-68.122555
24/07/2020 10:40,202003,WESTERN EUROPE-EU,SPAIN(CANARY ISLANDS),EDINBURGH,TENERIFE (SURREINA SOFIA),12206,10763,1443,20692,17375,3317,-41.011019
24/07/2020 10:40,202003,WESTERN EUROPE-EU,SPAIN(CANARY ISLANDS),EXETER,ARRECIFE,1960,0,1960,3346,0,3346,-41.422594
24/07/2020 10:40,202003,WESTERN EUROPE-EU,SPAIN(CANARY ISLANDS),EXETER,LAS PALMAS,888,0,888,1398,0,1398,-36.480687
24/07/2020 10:40,202003,WESTERN EUROPE-EU,SPAIN(CANARY ISLANDS),EXETER,TENERIFE (SURREINA SOFIA),2340,0,2340,4754,0,4754,-50.778292
24/07/2020 10:40,202003,WESTERN EUROPE-EU,SPAIN(CANARY ISLANDS),GLASGOW,ARRECIFE,5492,4561,931,12103,10640,1463,-54.622821
24/07/2020 10:40,202003,WESTERN EUROPE-EU,SPAIN(CANARY ISLANDS),GLASGOW,FUERTEVENTURA,2735,2735,0,7155,7155,0,-61.774983
24/07/2020 10:40,202003,WESTERN EUROPE-EU,SPAIN(CANARY ISLANDS),GLASGOW,LAS PALMAS,4377,3499,878,6702,6702,0,-34.691137
24/07/2020 10:40,202003,WESTERN EUROPE-EU,SPAIN(CANARY ISLANDS),GLASGOW,TENERIFE (SURREINA SOFIA),10066,8064,2002,25136,21809,3327,-59.953851
24/07/2020 10:40,202003,WESTERN EUROPE-EU,SPAIN(CANARY ISLANDS),JERSEY,TENERIFE (SURREINA SOFIA),584,0,584,850,0,850,-31.294118
24/07/2020 10:40,202003,WESTERN EUROPE-EU,SPAIN(CANARY ISLANDS),LEEDS BRADFORD,ARRECIFE,5325,5137,188,12741,12741,0,-58.205792
24/07/2020 10:40,202003,WESTERN EUROPE-EU,SPAIN(CANARY ISLANDS),LEEDS BRADFORD,FUERTEVENTURA,3144,3144,0,6213,6213,0,-49.396427
24/07/2020 10:40,202003,WESTERN EUROPE-EU,SPAIN(CANARY ISLANDS),LEEDS BRADFORD,LAS PALMAS,2655,2655,0,7883,7883,0,-66.319929
24/07/2020 10:40,202003,WESTERN EUROPE-EU,SPAIN(CANARY ISLANDS),LEEDS BRADFORD,TENERIFE (SURREINA SOFIA),9958,9769,189,16660,16660,0,-40.228091
24/07/2020 10:40,202003,WESTERN EUROPE-EU,SPAIN(CANARY ISLANDS),LIVERPOOL (JOHN LENNON),ARRECIFE,4326,4326,0,7013,7013,0,-38.314559
24/07/2020 10:40,202003,WESTERN EUROPE-EU,SPAIN(CANARY ISLANDS),LIVERPOOL (JOHN LENNON),FUERTEVENTURA,2130,2130,0,4843,4843,0,-56.018996
24/07/2020 10:40,202003,WESTERN EUROPE-EU,SPAIN(CANARY ISLANDS),LIVERPOOL (JOHN LENNON),TENERIFE (SURREINA SOFIA),1202,1202,0,1383,1383,0,-13.087491
24/07/2020 10:40,202003,WESTERN EUROPE-EU,SPAIN(CANARY ISLANDS),MANCHESTER,ARRECIFE,22889,18796,4093,47176,40766,6410,-51.481686
24/07/2020 10:40,202003,WESTERN EUROPE-EU,SPAIN(CANARY ISLANDS),MANCHESTER,FUERTEVENTURA,10305,7788,2517,27124,22571,4553,-62.007816
24/07/2020 10:40,202003,WESTERN EUROPE-EU,SPAIN(CANARY ISLANDS),MANCHESTER,LAS PALMAS,10388,7315,3073,25001,18313,6688,-58.449662
24/07/2020 10:40,202003,WESTERN EUROPE-EU,SPAIN(CANARY ISLANDS),MANCHESTER,SANTA CRUZ DE LA PALMA,823,0,823,3006,0,3006,-72.621424
24/07/2020 10:40,202003,WESTERN EUROPE-EU,SPAIN(CANARY ISLANDS),MANCHESTER,TENERIFE (SURREINA SOFIA),35951,28998,6953,77335,64877,12458,-53.51264
24/07/2020 10:40,202003,WESTERN EUROPE-EU,SPAIN(CANARY ISLANDS),NEWCASTLE,ARRECIFE,5781,5781,0,13118,13118,0,-55.930782
24/07/2020 10:40,202003,WESTERN EUROPE-EU,SPAIN(CANARY ISLANDS),NEWCASTLE,FUERTEVENTURA,2335,2335,0,4854,4854,0,-51.895344
24/07/2020 10:40,202003,WESTERN EUROPE-EU,SPAIN(CANARY ISLANDS),NEWCASTLE,LAS PALMAS,2473,2473,0,4443,4443,0,-44.33941
24/07/2020 10:40,202003,WESTERN EUROPE-EU,SPAIN(CANARY ISLANDS),NEWCASTLE,TENERIFE (SURREINA SOFIA),9437,9437,0,24060,24060,0,-60.777224
24/07/2020 10:40,202003,WESTERN EUROPE-EU,SPAIN(CANARY ISLANDS),NORWICH,TENERIFE (SURREINA SOFIA),726,0,726,1477,0,1477,-50.84631
24/07/2020 10:40,202003,WESTERN EUROPE-EU,SPAIN(CANARY ISLANDS),PRESTWICK,ARRECIFE,1678,1678,0,3044,3044,0,-44.875164
24/07/2020 10:40,202003,WESTERN EUROPE-EU,SPAIN(CANARY ISLANDS),PRESTWICK,FUERTEVENTURA,174,0,174,1643,1643,0,-89.409617
24/07/2020 10:40,202003,WESTERN EUROPE-EU,SPAIN(CANARY ISLANDS),PRESTWICK,TENERIFE (SURREINA SOFIA),1677,1677,0,6617,6275,342,-74.656189
24/07/2020 10:40,202003,WESTERN EUROPE-EU,SWEDEN,GATWICK,GOTEBORG (LANDVETTER),4752,4752,0,13985,13985,0,-66.020737
24/07/2020 10:40,202003,WESTERN EUROPE-EU,SWEDEN,GATWICK,OSTERSUND / FROSON,1767,1767,0,2693,2693,0,-34.385444
24/07/2020 10:40,202003,WESTERN EUROPE-EU,SWEDEN,GATWICK,STOCKHOLM (ARLANDA),12233,12233,0,38799,38799,0,-68.470837
24/07/2020 10:40,202003,WESTERN EUROPE-EU,SWEDEN,HEATHROW,GOTEBORG (LANDVETTER),8064,8064,0,18401,18401,0,-56.176295
24/07/2020 10:40,202003,WESTERN EUROPE-EU,SWEDEN,HEATHROW,KIRUNA,272,0,272,171,0,171,59.064327
24/07/2020 10:40,202003,WESTERN EUROPE-EU,SWEDEN,HEATHROW,SCANDINAVIAN MOUNTAINS AIRPORT,105,105,0,0,0,0,0
24/07/2020 10:40,202003,WESTERN EUROPE-EU,SWEDEN,HEATHROW,STOCKHOLM (ARLANDA),32421,32421,0,76134,76134,0,-57.415872
24/07/2020 10:40,202003,WESTERN EUROPE-EU,SWEDEN,LUTON,STOCKHOLM (ARLANDA),0,0,0,2581,2581,0,-100
24/07/2020 10:40,202003,WESTERN EUROPE-EU,SWEDEN,STANSTED,GOTEBORG (LANDVETTER),6371,6371,0,12185,12185,0,-47.714403
24/07/2020 10:40,202003,WESTERN EUROPE-EU,SWEDEN,STANSTED,STOCKHOLM (SKAVSTA),7598,7598,0,20534,20534,0,-62.997955
24/07/2020 10:40,202003,WESTERN EUROPE-EU,SWEDEN,STANSTED,VASTERAS,2677,2677,0,5509,5509,0,-51.406789
24/07/2020 10:40,202003,WESTERN EUROPE-EU,SWEDEN,BRISTOL,OSTERSUND / FROSON,0,0,0,443,443,0,-100
24/07/2020 10:40,202003,WESTERN EUROPE-EU,SWEDEN,BRISTOL,STOCKHOLM (ARLANDA),0,0,0,2483,2483,0,-100
24/07/2020 10:40,202003,WESTERN EUROPE-EU,SWEDEN,EDINBURGH,GOTEBORG (LANDVETTER),1206,1206,0,2648,2648,0,-54.456193
24/07/2020 10:40,202003,WESTERN EUROPE-EU,SWEDEN,EDINBURGH,STOCKHOLM (ARLANDA),3276,3276,0,6680,6680,0,-50.958084
24/07/2020 10:40,202003,WESTERN EUROPE-EU,SWEDEN,EDINBURGH,STOCKHOLM (SKAVSTA),0,0,0,2808,2808,0,-100
24/07/2020 10:40,202003,WESTERN EUROPE-EU,SWEDEN,MANCHESTER,GOTEBORG (LANDVETTER),1452,1452,0,323,323,0,349.535604
24/07/2020 10:40,202003,WESTERN EUROPE-EU,SWEDEN,MANCHESTER,STOCKHOLM (ARLANDA),5972,5972,0,14438,14438,0,-58.63693
24/07/2020 10:40,202003,WESTERN EUROPE-OTHER,FAROE ISLANDS,EDINBURGH,VAGAR,381,381,0,184,184,0,107.065217
24/07/2020 10:40,202003,WESTERN EUROPE-OTHER,ICELAND,GATWICK,KEFLAVIK,11914,11725,189,38018,34995,3023,-68.662213
24/07/2020 10:40,202003,WESTERN EUROPE-OTHER,ICELAND,HEATHROW,KEFLAVIK,16577,16577,0,33480,33480,0,-50.486858
24/07/2020 10:40,202003,WESTERN EUROPE-OTHER,ICELAND,LONDON CITY,KEFLAVIK,0,0,0,1052,1052,0,-100
24/07/2020 10:40,202003,WESTERN EUROPE-OTHER,ICELAND,LUTON,KEFLAVIK,14952,14952,0,26959,26959,0,-44.538002
24/07/2020 10:40,202003,WESTERN EUROPE-OTHER,ICELAND,SOUTHEND,AKUREYRI,0,0,0,201,201,0,-100
24/07/2020 10:40,202003,WESTERN EUROPE-OTHER,ICELAND,STANSTED,KEFLAVIK,0,0,0,3257,3257,0,-100
24/07/2020 10:40,202003,WESTERN EUROPE-OTHER,ICELAND,BELFAST INTERNATIONAL,KEFLAVIK,1463,1463,0,2489,2489,0,-41.221374
24/07/2020 10:40,202003,WESTERN EUROPE-OTHER,ICELAND,BIRMINGHAM,KEFLAVIK,725,725,0,738,738,0,-1.761518
24/07/2020 10:40,202003,WESTERN EUROPE-OTHER,ICELAND,BRISTOL,KEFLAVIK,2810,2625,185,3699,3699,0,-24.033523
24/07/2020 10:40,202003,WESTERN EUROPE-OTHER,ICELAND,EAST MIDLANDS INTERNATIONAL,KEFLAVIK,636,636,0,525,0,525,21.142857
24/07/2020 10:40,202003,WESTERN EUROPE-OTHER,ICELAND,EDINBURGH,KEFLAVIK,3052,3052,0,6960,6960,0,-56.149425
24/07/2020 10:40,202003,WESTERN EUROPE-OTHER,ICELAND,GLASGOW,KEFLAVIK,2938,2938,0,6659,6659,0,-55.879261
24/07/2020 10:40,202003,WESTERN EUROPE-OTHER,ICELAND,INVERNESS,AKUREYRI,0,0,0,351,0,351,-100
24/07/2020 10:40,202003,WESTERN EUROPE-OTHER,ICELAND,ISLE OF MAN,AKUREYRI,0,0,0,756,0,756,-100
24/07/2020 10:40,202003,WESTERN EUROPE-OTHER,ICELAND,JERSEY,AKUREYRI,0,0,0,386,0,386,-100
24/07/2020 10:40,202003,WESTERN EUROPE-OTHER,ICELAND,LEEDS BRADFORD,KEFLAVIK,0,0,0,366,366,0,-100
24/07/2020 10:40,202003,WESTERN EUROPE-OTHER,ICELAND,MANCHESTER,KEFLAVIK,12593,12375,218,22536,19935,2601,-44.120518
24/07/2020 10:40,202003,WESTERN EUROPE-OTHER,ICELAND,NEWCASTLE,KEFLAVIK,0,0,0,374,374,0,-100
24/07/2020 10:40,202003,WESTERN EUROPE-OTHER,ICELAND,NEWQUAY,AKUREYRI,0,0,0,298,0,298,-100
24/07/2020 10:40,202003,WESTERN EUROPE-OTHER,ICELAND,NORWICH,KEFLAVIK,0,0,0,15,0,15,-100
24/07/2020 10:40,202003,WESTERN EUROPE-OTHER,KOSOVO,LUTON,PRISTINA,2252,2252,0,5325,5325,0,-57.70892
24/07/2020 10:40,202003,WESTERN EUROPE-OTHER,MACEDONIA,LUTON,OHRID,771,771,0,0,0,0,0
24/07/2020 10:40,202003,WESTERN EUROPE-OTHER,MACEDONIA,LUTON,SKOPJE,1297,1297,0,4352,4352,0,-70.19761
24/07/2020 10:40,202003,WESTERN EUROPE-OTHER,NORWAY,GATWICK,BERGEN,6761,6425,336,16195,15381,814,-58.252547
24/07/2020 10:40,202003,WESTERN EUROPE-OTHER,NORWAY,GATWICK,MOLDE,0,0,0,249,145,104,-100
24/07/2020 10:40,202003,WESTERN EUROPE-OTHER,NORWAY,GATWICK,OSLO (GARDERMOEN),14882,14882,0,37737,37737,0,-60.563903
24/07/2020 10:40,202003,WESTERN EUROPE-OTHER,NORWAY,GATWICK,STAVANGER,2230,2230,0,6164,6164,0,-63.822193
24/07/2020 10:40,202003,WESTERN EUROPE-OTHER,NORWAY,GATWICK,TROMSOE,2475,2475,0,5711,5711,0,-56.662581
24/07/2020 10:40,202003,WESTERN EUROPE-OTHER,NORWAY,GATWICK,TRONDHEIM (VAERNES),1747,1747,0,6148,6148,0,-71.584255
24/07/2020 10:40,202003,WESTERN EUROPE-OTHER,NORWAY,HEATHROW,OSLO (GARDERMOEN),25215,25215,0,56804,56804,0,-55.61052
24/07/2020 10:40,202003,WESTERN EUROPE-OTHER,NORWAY,HEATHROW,STAVANGER,1721,1721,0,8171,8171,0,-78.937707
24/07/2020 10:40,202003,WESTERN EUROPE-OTHER,NORWAY,LUTON,BERGEN,1919,1919,0,0,0,0,0
24/07/2020 10:40,202003,WESTERN EUROPE-OTHER,NORWAY,LUTON,OSLO (GARDERMOEN),2485,2485,0,0,0,0,0
24/07/2020 10:40,202003,WESTERN EUROPE-OTHER,NORWAY,LUTON,STAVANGER,562,562,0,0,0,0,0
24/07/2020 10:40,202003,WESTERN EUROPE-OTHER,NORWAY,LUTON,TROMSOE,1296,1296,0,2617,2617,0,-50.477646
24/07/2020 10:40,202003,WESTERN EUROPE-OTHER,NORWAY,STANSTED,KRISTIANSAND (KJEVIK),695,695,0,1482,1482,0,-53.103914
24/07/2020 10:40,202003,WESTERN EUROPE-OTHER,NORWAY,STANSTED,OSLO (GARDERMOEN),10351,10351,0,26864,26864,0,-61.46888
24/07/2020 10:40,202003,WESTERN EUROPE-OTHER,NORWAY,STANSTED,SANDEFJORD(TORP),1120,1120,0,3207,3207,0,-65.076395
24/07/2020 10:40,202003,WESTERN EUROPE-OTHER,NORWAY,ABERDEEN,BERGEN,1555,1555,0,3396,3396,0,-54.210836
24/07/2020 10:40,202003,WESTERN EUROPE-OTHER,NORWAY,ABERDEEN,FLORO,17,0,17,0,0,0,0
24/07/2020 10:40,202003,WESTERN EUROPE-OTHER,NORWAY,ABERDEEN,HAUGESUND,151,151,0,0,0,0,0
24/07/2020 10:40,202003,WESTERN EUROPE-OTHER,NORWAY,ABERDEEN,OSLO (GARDERMOEN),718,718,0,2620,2620,0,-72.59542
24/07/2020 10:40,202003,WESTERN EUROPE-OTHER,NORWAY,ABERDEEN,SANDEFJORD(TORP),0,0,0,24,24,0,-100
24/07/2020 10:40,202003,WESTERN EUROPE-OTHER,NORWAY,ABERDEEN,STAVANGER,3795,3795,0,8882,8882,0,-57.273137
24/07/2020 10:40,202003,WESTERN EUROPE-OTHER,NORWAY,BIRMINGHAM,BERGEN,159,0,159,0,0,0,0
24/07/2020 10:40,202003,WESTERN EUROPE-OTHER,NORWAY,BOURNEMOUTH,BERGEN,146,0,146,144,0,144,1.388889
24/07/2020 10:40,202003,WESTERN EUROPE-OTHER,NORWAY,BRISTOL,BARDUFOSS,636,0,636,0,0,0,0
24/07/2020 10:40,202003,WESTERN EUROPE-OTHER,NORWAY,BRISTOL,BERGEN,0,0,0,165,0,165,-100
24/07/2020 10:40,202003,WESTERN EUROPE-OTHER,NORWAY,CARDIFF WALES,BERGEN,0,0,0,136,0,136,-100
24/07/2020 10:40,202003,WESTERN EUROPE-OTHER,NORWAY,EDINBURGH,BERGEN,111,111,0,0,0,0,0
24/07/2020 10:40,202003,WESTERN EUROPE-OTHER,NORWAY,EDINBURGH,OSLO (GARDERMOEN),3687,3687,0,9851,9851,0,-62.572328
24/07/2020 10:40,202003,WESTERN EUROPE-OTHER,NORWAY,EDINBURGH,STAVANGER,273,273,0,41,41,0,565.853659
24/07/2020 10:40,202003,WESTERN EUROPE-OTHER,NORWAY,LEEDS BRADFORD,BERGEN,125,0,125,338,0,338,-63.017751
24/07/2020 10:40,202003,WESTERN EUROPE-OTHER,NORWAY,LIVERPOOL (JOHN LENNON),BERGEN,351,351,0,784,784,0,-55.229592
24/07/2020 10:40,202003,WESTERN EUROPE-OTHER,NORWAY,LIVERPOOL (JOHN LENNON),OSLO (GARDERMOEN),365,0,365,189,0,189,93.121693
24/07/2020 10:40,202003,WESTERN EUROPE-OTHER,NORWAY,LIVERPOOL (JOHN LENNON),SANDEFJORD(TORP),366,0,366,0,0,0,0
24/07/2020 10:40,202003,WESTERN EUROPE-OTHER,NORWAY,LIVERPOOL (JOHN LENNON),STAVANGER,221,0,221,78,0,78,183.333333
24/07/2020 10:40,202003,WESTERN EUROPE-OTHER,NORWAY,LIVERPOOL (JOHN LENNON),TROMSOE,371,0,371,0,0,0,0
24/07/2020 10:40,202003,WESTERN EUROPE-OTHER,NORWAY,MANCHESTER,BERGEN,1639,1366,273,2116,1293,823,-22.542533
24/07/2020 10:40,202003,WESTERN EUROPE-OTHER,NORWAY,MANCHESTER,OSLO (GARDERMOEN),5672,5672,0,10593,10593,0,-46.455206
24/07/2020 10:40,202003,WESTERN EUROPE-OTHER,NORWAY,MANCHESTER,SANDEFJORD(TORP),2434,2434,0,5603,5603,0,-56.558986
24/07/2020 10:40,202003,WESTERN EUROPE-OTHER,NORWAY,MANCHESTER,STAVANGER,1052,1052,0,2465,2465,0,-57.322515
24/07/2020 10:40,202003,WESTERN EUROPE-OTHER,NORWAY,NEWCASTLE,STAVANGER,294,294,0,215,215,0,36.744186
24/07/2020 10:40,202003,WESTERN EUROPE-OTHER,REPUBLIC OF MONTENEGRO,GATWICK,PODGORICA,111,0,111,0,0,0,0
24/07/2020 10:40,202003,WESTERN EUROPE-OTHER,REPUBLIC OF MONTENEGRO,STANSTED,PODGORICA,1120,1120,0,3278,3048,230,-65.832825
24/07/2020 10:40,202003,WESTERN EUROPE-OTHER,REPUBLIC OF MONTENEGRO,BIRMINGHAM,PODGORICA,0,0,0,246,0,246,-100
24/07/2020 10:40,202003,WESTERN EUROPE-OTHER,REPUBLIC OF MONTENEGRO,MANCHESTER,TIVAT,0,0,0,138,138,0,-100
24/07/2020 10:40,202003,WESTERN EUROPE-OTHER,REPUBLIC OF SERBIA,HEATHROW,BELGRADE,2911,2723,188,5791,5791,0,-49.732343
24/07/2020 10:40,202003,WESTERN EUROPE-OTHER,REPUBLIC OF SERBIA,LUTON,BELGRADE,2782,2782,0,4537,4537,0,-38.681948
24/07/2020 10:40,202003,WESTERN EUROPE-OTHER,SWITZERLAND,GATWICK,BALE MULHOUSE,10412,10412,0,26871,26871,0,-61.251907
24/07/2020 10:40,202003,WESTERN EUROPE-OTHER,SWITZERLAND,GATWICK,GENEVA,57530,56830,700,117946,112776,5170,-51.223441
24/07/2020 10:40,202003,WESTERN EUROPE-OTHER,SWITZERLAND,GATWICK,ZURICH,6828,6828,0,14258,14258,0,-52.111096
24/07/2020 10:40,202003,WESTERN EUROPE-OTHER,SWITZERLAND,HEATHROW,BALE MULHOUSE,7657,7657,0,24776,24776,0,-69.095092
24/07/2020 10:40,202003,WESTERN EUROPE-OTHER,SWITZERLAND,HEATHROW,GENEVA,48894,48894,0,110362,110362,0,-55.696707
24/07/2020 10:40,202003,WESTERN EUROPE-OTHER,SWITZERLAND,HEATHROW,SION,0,0,0,70,70,0,-100
24/07/2020 10:40,202003,WESTERN EUROPE-OTHER,SWITZERLAND,HEATHROW,ZURICH,41235,41235,0,100498,100498,0,-58.969333
24/07/2020 10:40,202003,WESTERN EUROPE-OTHER,SWITZERLAND,LONDON CITY,ALTENRHEIN,62,0,62,0,0,0,0
24/07/2020 10:40,202003,WESTERN EUROPE-OTHER,SWITZERLAND,LONDON CITY,GENEVA,7194,7169,25,21189,21189,0,-66.048421
24/07/2020 10:40,202003,WESTERN EUROPE-OTHER,SWITZERLAND,LONDON CITY,ZURICH,11108,11108,0,35083,35083,0,-68.337941
24/07/2020 10:40,202003,WESTERN EUROPE-OTHER,SWITZERLAND,LUTON,BALE MULHOUSE,2771,2771,0,6954,6954,0,-60.15243
24/07/2020 10:40,202003,WESTERN EUROPE-OTHER,SWITZERLAND,LUTON,GENEVA,24929,24929,0,57063,57063,0,-56.313198
24/07/2020 10:40,202003,WESTERN EUROPE-OTHER,SWITZERLAND,LUTON,ZURICH,5242,5242,0,13822,13822,0,-62.074953
24/07/2020 10:40,202003,WESTERN EUROPE-OTHER,SWITZERLAND,SOUTHEND,GENEVA,3723,3723,0,7494,7494,0,-50.320256
24/07/2020 10:40,202003,WESTERN EUROPE-OTHER,SWITZERLAND,STANSTED,GENEVA,14131,14131,0,24666,24666,0,-42.710614
24/07/2020 10:40,202003,WESTERN EUROPE-OTHER,SWITZERLAND,ABERDEEN,GENEVA,583,583,0,1540,1540,0,-62.142857
24/07/2020 10:40,202003,WESTERN EUROPE-OTHER,SWITZERLAND,BELFAST INTERNATIONAL,GENEVA,2205,2205,0,5051,5051,0,-56.345278
24/07/2020 10:40,202003,WESTERN EUROPE-OTHER,SWITZERLAND,BIGGIN HILL,GENEVA,10,0,10,0,0,0,0
24/07/2020 10:40,202003,WESTERN EUROPE-OTHER,SWITZERLAND,BIRMINGHAM,GENEVA,11665,11665,0,23495,23005,490,-50.351139
24/07/2020 10:40,202003,WESTERN EUROPE-OTHER,SWITZERLAND,BIRMINGHAM,ZURICH,2046,2046,0,7337,7337,0,-72.113943
24/07/2020 10:40,202003,WESTERN EUROPE-OTHER,SWITZERLAND,BOURNEMOUTH,GENEVA,3895,3895,0,7447,7447,0,-47.697059
24/07/2020 10:40,202003,WESTERN EUROPE-OTHER,SWITZERLAND,BRISTOL,BALE MULHOUSE,2142,2142,0,4077,4077,0,-47.461369
24/07/2020 10:40,202003,WESTERN EUROPE-OTHER,SWITZERLAND,BRISTOL,GENEVA,15705,15045,660,32465,29579,2886,-51.624827
24/07/2020 10:40,202003,WESTERN EUROPE-OTHER,SWITZERLAND,CARDIFF WALES,GENEVA,0,0,0,766,766,0,-100
24/07/2020 10:40,202003,WESTERN EUROPE-OTHER,SWITZERLAND,EAST MIDLANDS INTERNATIONAL,GENEVA,581,581,0,1355,1355,0,-57.121771
24/07/2020 10:40,202003,WESTERN EUROPE-OTHER,SWITZERLAND,EDINBURGH,BALE MULHOUSE,2854,2854,0,6013,6013,0,-52.536172
24/07/2020 10:40,202003,WESTERN EUROPE-OTHER,SWITZERLAND,EDINBURGH,GENEVA,11820,11305,515,26006,24876,1130,-54.54895
24/07/2020 10:40,202003,WESTERN EUROPE-OTHER,SWITZERLAND,EDINBURGH,ZURICH,180,180,0,2021,2021,0,-91.093518
24/07/2020 10:40,202003,WESTERN EUROPE-OTHER,SWITZERLAND,EXETER,GENEVA,0,0,0,674,674,0,-100
24/07/2020 10:40,202003,WESTERN EUROPE-OTHER,SWITZERLAND,GLASGOW,GENEVA,1889,1889,0,4302,4302,0,-56.090191
24/07/2020 10:40,202003,WESTERN EUROPE-OTHER,SWITZERLAND,ISLE OF MAN,GENEVA,0,0,0,579,579,0,-100
24/07/2020 10:40,202003,WESTERN EUROPE-OTHER,SWITZERLAND,JERSEY,GENEVA,0,0,0,626,626,0,-100
24/07/2020 10:40,202003,WESTERN EUROPE-OTHER,SWITZERLAND,LEEDS BRADFORD,GENEVA,4846,4846,0,11391,11391,0,-57.457642
24/07/2020 10:40,202003,WESTERN EUROPE-OTHER,SWITZERLAND,LIVERPOOL (JOHN LENNON),GENEVA,11669,11669,0,24856,24856,0,-53.053589
24/07/2020 10:40,202003,WESTERN EUROPE-OTHER,SWITZERLAND,MANCHESTER,BALE MULHOUSE,3238,3238,0,9357,9357,0,-65.394892
24/07/2020 10:40,202003,WESTERN EUROPE-OTHER,SWITZERLAND,MANCHESTER,GENEVA,17207,16639,568,37914,36410,1504,-54.615709
24/07/2020 10:40,202003,WESTERN EUROPE-OTHER,SWITZERLAND,MANCHESTER,ZURICH,4351,4351,0,11521,11521,0,-62.234181
24/07/2020 10:40,202003,WESTERN EUROPE-OTHER,SWITZERLAND,NEWCASTLE,GENEVA,4153,4153,0,10547,10547,0,-60.623874
24/07/2020 10:40,202003,WESTERN EUROPE-OTHER,SWITZERLAND,SOUTHAMPTON,GENEVA,1340,1340,0,4242,4242,0,-68.411127
24/07/2020 10:40,202003,WESTERN EUROPE-OTHER,TURKEY,GATWICK,ANKARA (ESENBOGA),255,255,0,1631,1631,0,-84.36542
24/07/2020 10:40,202003,WESTERN EUROPE-OTHER,TURKEY,GATWICK,ANTALYA,3080,1763,1317,7640,6278,1362,-59.685864
24/07/2020 10:40,202003,WESTERN EUROPE-OTHER,TURKEY,GATWICK,DALAMAN,1593,1593,0,2439,2439,0,-34.686347
24/07/2020 10:40,202003,WESTERN EUROPE-OTHER,TURKEY,GATWICK,ISTANBUL,9855,9628,227,16291,16291,0,-39.506476
24/07/2020 10:40,202003,WESTERN EUROPE-OTHER,TURKEY,GATWICK,ISTANBUL (SABIHA GOKCEN),2272,2272,0,5360,5360,0,-57.61194
24/07/2020 10:40,202003,WESTERN EUROPE-OTHER,TURKEY,GATWICK,ISTANBUL ATATURK,0,0,0,2086,2086,0,-100
24/07/2020 10:40,202003,WESTERN EUROPE-OTHER,TURKEY,HEATHROW,ISTANBUL,38821,38821,0,84465,84465,0,-54.038951
24/07/2020 10:40,202003,WESTERN EUROPE-OTHER,TURKEY,LUTON,DALAMAN,0,0,0,215,215,0,-100
24/07/2020 10:40,202003,WESTERN EUROPE-OTHER,TURKEY,STANSTED,ANTALYA,4422,4086,336,3547,3547,0,24.668734
24/07/2020 10:40,202003,WESTERN EUROPE-OTHER,TURKEY,STANSTED,DALAMAN,0,0,0,203,203,0,-100
24/07/2020 10:40,202003,WESTERN EUROPE-OTHER,TURKEY,STANSTED,ISTANBUL,0,0,0,7342,7342,0,-100
24/07/2020 10:40,202003,WESTERN EUROPE-OTHER,TURKEY,STANSTED,ISTANBUL (SABIHA GOKCEN),19146,19146,0,32019,32019,0,-40.204254
24/07/2020 10:40,202003,WESTERN EUROPE-OTHER,TURKEY,STANSTED,IZMIR (ADNAN MENDERES),1866,1866,0,3926,3926,0,-52.470708
24/07/2020 10:40,202003,WESTERN EUROPE-OTHER,TURKEY,BELFAST INTERNATIONAL,ANTALYA,572,572,0,0,0,0,0
24/07/2020 10:40,202003,WESTERN EUROPE-OTHER,TURKEY,BIRMINGHAM,ANTALYA,3849,3849,0,4972,4972,0,-22.586484
24/07/2020 10:40,202003,WESTERN EUROPE-OTHER,TURKEY,BIRMINGHAM,DALAMAN,0,0,0,436,436,0,-100
24/07/2020 10:40,202003,WESTERN EUROPE-OTHER,TURKEY,BIRMINGHAM,ISTANBUL,5392,5392,0,0,0,0,0
24/07/2020 10:40,202003,WESTERN EUROPE-OTHER,TURKEY,BIRMINGHAM,ISTANBUL (SABIHA GOKCEN),0,0,0,1,1,0,-100
24/07/2020 10:40,202003,WESTERN EUROPE-OTHER,TURKEY,BIRMINGHAM,ISTANBUL ATATURK,0,0,0,11656,11656,0,-100
24/07/2020 10:40,202003,WESTERN EUROPE-OTHER,TURKEY,BRISTOL,DALAMAN,0,0,0,239,0,239,-100
24/07/2020 10:40,202003,WESTERN EUROPE-OTHER,TURKEY,EAST MIDLANDS INTERNATIONAL,ANTALYA,870,870,0,1900,1900,0,-54.210526
24/07/2020 10:40,202003,WESTERN EUROPE-OTHER,TURKEY,EAST MIDLANDS INTERNATIONAL,DALAMAN,0,0,0,224,224,0,-100
24/07/2020 10:40,202003,WESTERN EUROPE-OTHER,TURKEY,EDINBURGH,ANTALYA,1729,1729,0,2488,2488,0,-30.506431
24/07/2020 10:40,202003,WESTERN EUROPE-OTHER,TURKEY,EDINBURGH,ISTANBUL,3244,3244,0,0,0,0,0
24/07/2020 10:40,202003,WESTERN EUROPE-OTHER,TURKEY,EDINBURGH,ISTANBUL ATATURK,0,0,0,5139,5139,0,-100
24/07/2020 10:40,202003,WESTERN EUROPE-OTHER,TURKEY,GLASGOW,ANTALYA,3634,3634,0,5235,5235,0,-30.582617
24/07/2020 10:40,202003,WESTERN EUROPE-OTHER,TURKEY,GLASGOW,DALAMAN,0,0,0,245,245,0,-100
24/07/2020 10:40,202003,WESTERN EUROPE-OTHER,TURKEY,LEEDS BRADFORD,ANTALYA,1915,1757,158,1715,1715,0,11.661808
24/07/2020 10:40,202003,WESTERN EUROPE-OTHER,TURKEY,MANCHESTER,ANTALYA,6458,6458,0,14355,14355,0,-55.012191
24/07/2020 10:40,202003,WESTERN EUROPE-OTHER,TURKEY,MANCHESTER,BODRUM (MILAS),0,0,0,262,262,0,-100
24/07/2020 10:40,202003,WESTERN EUROPE-OTHER,TURKEY,MANCHESTER,DALAMAN,0,0,0,3140,3140,0,-100
24/07/2020 10:40,202003,WESTERN EUROPE-OTHER,TURKEY,MANCHESTER,ISTANBUL,10059,10059,0,0,0,0,0
24/07/2020 10:40,202003,WESTERN EUROPE-OTHER,TURKEY,MANCHESTER,ISTANBUL (SABIHA GOKCEN),4819,4819,0,0,0,0,0
24/07/2020 10:40,202003,WESTERN EUROPE-OTHER,TURKEY,MANCHESTER,ISTANBUL ATATURK,0,0,0,20173,20173,0,-100
24/07/2020 10:40,202003,WESTERN EUROPE-OTHER,TURKEY,NEWCASTLE,ANTALYA,1497,1497,0,1901,1901,0,-21.251973
24/07/2020 10:40,202003,WESTERN EUROPE-OTHER,TURKEY,NEWCASTLE,DALAMAN,0,0,0,465,465,0,-100
24/07/2020 10:40,202003,EASTERN EUROPE-EU,BULGARIA,GATWICK,SOFIA,9765,8612,1153,18357,16504,1853,-46.805034
24/07/2020 10:40,202003,EASTERN EUROPE-EU,BULGARIA,HEATHROW,SOFIA,9464,9464,0,15588,15588,0,-39.286631
24/07/2020 10:40,202003,EASTERN EUROPE-EU,BULGARIA,LUTON,BURGAS,1803,1803,0,4595,4595,0,-60.761697
24/07/2020 10:40,202003,EASTERN EUROPE-EU,BULGARIA,LUTON,SOFIA,17871,17871,0,26866,26866,0,-33.48098
24/07/2020 10:40,202003,EASTERN EUROPE-EU,BULGARIA,LUTON,VARNA,4755,4755,0,7641,7641,0,-37.769925
24/07/2020 10:40,202003,EASTERN EUROPE-EU,BULGARIA,SOUTHEND,SOFIA,1639,1639,0,2459,2459,0,-33.346889
24/07/2020 10:40,202003,EASTERN EUROPE-EU,BULGARIA,STANSTED,PLOVDIV,3503,3503,0,4552,4552,0,-23.044815
24/07/2020 10:40,202003,EASTERN EUROPE-EU,BULGARIA,STANSTED,SOFIA,16191,16191,0,23385,23385,0,-30.76331
24/07/2020 10:40,202003,EASTERN EUROPE-EU,BULGARIA,BELFAST INTERNATIONAL,PLOVDIV,843,0,843,1594,0,1594,-47.114178
24/07/2020 10:40,202003,EASTERN EUROPE-EU,BULGARIA,BELFAST INTERNATIONAL,SOFIA,271,0,271,0,0,0,0
24/07/2020 10:40,202003,EASTERN EUROPE-EU,BULGARIA,BIRMINGHAM,SOFIA,2559,2559,0,4788,4568,220,-46.553885
24/07/2020 10:40,202003,EASTERN EUROPE-EU,BULGARIA,BRISTOL,SOFIA,2770,2200,570,5683,4381,1302,-51.258138
24/07/2020 10:40,202003,EASTERN EUROPE-EU,BULGARIA,EAST MIDLANDS INTERNATIONAL,SOFIA,1244,718,526,719,0,719,73.018081
24/07/2020 10:40,202003,EASTERN EUROPE-EU,BULGARIA,EDINBURGH,SOFIA,3619,3619,0,6088,6088,0,-40.555191
24/07/2020 10:40,202003,EASTERN EUROPE-EU,BULGARIA,LIVERPOOL (JOHN LENNON),SOFIA,1631,1631,0,3207,3207,0,-49.142501
24/07/2020 10:40,202003,EASTERN EUROPE-EU,BULGARIA,LIVERPOOL (JOHN LENNON),VARNA,1769,1769,0,0,0,0,0
24/07/2020 10:40,202003,EASTERN EUROPE-EU,BULGARIA,MANCHESTER,SOFIA,5655,4843,812,8959,7306,1653,-36.879116
24/07/2020 10:40,202003,EASTERN EUROPE-EU,BULGARIA,NEWCASTLE,SOFIA,456,456,0,657,657,0,-30.593607
24/07/2020 10:40,202003,EASTERN EUROPE-EU,CZECH REPUBLIC,GATWICK,PRAGUE,6801,6801,0,26720,25739,981,-74.547156
24/07/2020 10:40,202003,EASTERN EUROPE-EU,CZECH REPUBLIC,HEATHROW,PRAGUE,15932,15932,0,39182,39182,0,-59.338472
24/07/2020 10:40,202003,EASTERN EUROPE-EU,CZECH REPUBLIC,LONDON CITY,PRAGUE,875,875,0,3387,3387,0,-74.165929
24/07/2020 10:40,202003,EASTERN EUROPE-EU,CZECH REPUBLIC,LUTON,PRAGUE,5422,5422,0,9400,9400,0,-42.319149
24/07/2020 10:40,202003,EASTERN EUROPE-EU,CZECH REPUBLIC,SOUTHEND,PRAGUE,913,913,0,4853,4853,0,-81.186895
24/07/2020 10:40,202003,EASTERN EUROPE-EU,CZECH REPUBLIC,STANSTED,BRNO (TURANY),2358,2358,0,7554,7554,0,-68.78475
24/07/2020 10:40,202003,EASTERN EUROPE-EU,CZECH REPUBLIC,STANSTED,OSTRAVA,1562,1562,0,5990,5990,0,-73.923205
24/07/2020 10:40,202003,EASTERN EUROPE-EU,CZECH REPUBLIC,STANSTED,PARDUBICE,0,0,0,3958,3958,0,-100
24/07/2020 10:40,202003,EASTERN EUROPE-EU,CZECH REPUBLIC,STANSTED,PRAGUE,14803,14803,0,35080,35080,0,-57.802166
24/07/2020 10:40,202003,EASTERN EUROPE-EU,CZECH REPUBLIC,BELFAST INTERNATIONAL,PRAGUE,1001,1001,0,2229,2229,0,-55.091969
24/07/2020 10:40,202003,EASTERN EUROPE-EU,CZECH REPUBLIC,BIRMINGHAM,PRAGUE,1165,1165,0,6681,6681,0,-82.562491
24/07/2020 10:40,202003,EASTERN EUROPE-EU,CZECH REPUBLIC,BOURNEMOUTH,PRAGUE,1227,1227,0,0,0,0,0
24/07/2020 10:40,202003,EASTERN EUROPE-EU,CZECH REPUBLIC,BRISTOL,PRAGUE,3997,3997,0,9909,9909,0,-59.662933
24/07/2020 10:40,202003,EASTERN EUROPE-EU,CZECH REPUBLIC,EAST MIDLANDS INTERNATIONAL,PRAGUE,1079,1079,0,2641,2641,0,-59.144264
24/07/2020 10:40,202003,EASTERN EUROPE-EU,CZECH REPUBLIC,EDINBURGH,PRAGUE,4950,4950,0,10474,10474,0,-52.740118
24/07/2020 10:40,202003,EASTERN EUROPE-EU,CZECH REPUBLIC,GLASGOW,PRAGUE,1211,1211,0,3137,3137,0,-61.396238
24/07/2020 10:40,202003,EASTERN EUROPE-EU,CZECH REPUBLIC,LEEDS BRADFORD,PRAGUE,1220,1220,0,2411,2411,0,-49.39859
24/07/2020 10:40,202003,EASTERN EUROPE-EU,CZECH REPUBLIC,LIVERPOOL (JOHN LENNON),PRAGUE,1153,1153,0,7470,7470,0,-84.564926
24/07/2020 10:40,202003,EASTERN EUROPE-EU,CZECH REPUBLIC,MANCHESTER,PRAGUE,13656,13656,0,19678,19678,0,-30.602704
24/07/2020 10:40,202003,EASTERN EUROPE-EU,CZECH REPUBLIC,NEWCASTLE,PRAGUE,1254,1254,0,3123,3123,0,-59.846302
24/07/2020 10:40,202003,EASTERN EUROPE-EU,ESTONIA,GATWICK,TALLIN,3117,3117,0,5427,5427,0,-42.564953
24/07/2020 10:40,202003,EASTERN EUROPE-EU,ESTONIA,HEATHROW,TALLIN,0,0,0,3066,3066,0,-100
24/07/2020 10:40,202003,EASTERN EUROPE-EU,ESTONIA,LUTON,TALLIN,0,0,0,4067,4067,0,-100
24/07/2020 10:40,202003,EASTERN EUROPE-EU,ESTONIA,STANSTED,TALLIN,3562,3562,0,6127,6127,0,-41.863881
24/07/2020 10:40,202003,EASTERN EUROPE-EU,ESTONIA,EDINBURGH,TALLIN,1430,1430,0,2969,2969,0,-51.835635
24/07/2020 10:40,202003,EASTERN EUROPE-EU,HUNGARY,GATWICK,BUDAPEST,16324,16324,0,19065,19065,0,-14.377131
24/07/2020 10:40,202003,EASTERN EUROPE-EU,HUNGARY,HEATHROW,BUDAPEST,10462,10462,0,28393,28393,0,-63.15289
24/07/2020 10:40,202003,EASTERN EUROPE-EU,HUNGARY,LONDON CITY,BUDAPEST,1002,1002,0,4385,4385,0,-77.149373
24/07/2020 10:40,202003,EASTERN EUROPE-EU,HUNGARY,LUTON,BUDAPEST,21101,21101,0,45169,45169,0,-53.284332
24/07/2020 10:40,202003,EASTERN EUROPE-EU,HUNGARY,LUTON,DEBRECEN,5058,5058,0,10691,10691,0,-52.689178
24/07/2020 10:40,202003,EASTERN EUROPE-EU,HUNGARY,SOUTHEND,BUDAPEST,1028,1028,0,2969,2969,0,-65.375547
24/07/2020 10:40,202003,EASTERN EUROPE-EU,HUNGARY,STANSTED,BUDAPEST,18873,18873,0,36272,36272,0,-47.96813
24/07/2020 10:40,202003,EASTERN EUROPE-EU,HUNGARY,BIRMINGHAM,BUDAPEST,2988,2988,0,3020,3020,0,-1.059603
24/07/2020 10:40,202003,EASTERN EUROPE-EU,HUNGARY,BRISTOL,BUDAPEST,3427,3427,0,4673,4673,0,-26.663813
24/07/2020 10:40,202003,EASTERN EUROPE-EU,HUNGARY,DONCASTER SHEFFIELD,BUDAPEST,2070,2070,0,3037,3037,0,-31.840632
24/07/2020 10:40,202003,EASTERN EUROPE-EU,HUNGARY,DONCASTER SHEFFIELD,DEBRECEN,1553,1553,0,2589,2589,0,-40.01545
24/07/2020 10:40,202003,EASTERN EUROPE-EU,HUNGARY,EAST MIDLANDS INTERNATIONAL,BUDAPEST,2990,2990,0,5724,5724,0,-47.763802
24/07/2020 10:40,202003,EASTERN EUROPE-EU,HUNGARY,EDINBURGH,BUDAPEST,8641,8641,0,6452,6452,0,33.927464
24/07/2020 10:40,202003,EASTERN EUROPE-EU,HUNGARY,GLASGOW,BUDAPEST,1533,1533,0,3644,3644,0,-57.930845
24/07/2020 10:40,202003,EASTERN EUROPE-EU,HUNGARY,LEEDS BRADFORD,BUDAPEST,1468,1468,0,3228,3228,0,-54.522924
24/07/2020 10:40,202003,EASTERN EUROPE-EU,HUNGARY,LIVERPOOL (JOHN LENNON),BUDAPEST,1493,1493,0,4784,4784,0,-68.791806
24/07/2020 10:40,202003,EASTERN EUROPE-EU,HUNGARY,MANCHESTER,BUDAPEST,9209,9209,0,17280,17280,0,-46.707176
24/07/2020 10:40,202003,EASTERN EUROPE-EU,LATVIA,GATWICK,RIGA,5491,5491,0,9603,9603,0,-42.819952
24/07/2020 10:40,202003,EASTERN EUROPE-EU,LATVIA,LUTON,RIGA,4672,4672,0,14116,14116,0,-66.902805
24/07/2020 10:40,202003,EASTERN EUROPE-EU,LATVIA,STANSTED,RIGA,10823,10823,0,21857,21857,0,-50.482683
24/07/2020 10:40,202003,EASTERN EUROPE-EU,LATVIA,BIRMINGHAM,RIGA,0,0,0,175,175,0,-100
24/07/2020 10:40,202003,EASTERN EUROPE-EU,LATVIA,DONCASTER SHEFFIELD,RIGA,1272,1272,0,3163,3163,0,-59.785014
24/07/2020 10:40,202003,EASTERN EUROPE-EU,LATVIA,EAST MIDLANDS INTERNATIONAL,RIGA,2183,2183,0,4512,4512,0,-51.617908
24/07/2020 10:40,202003,EASTERN EUROPE-EU,LATVIA,EDINBURGH,RIGA,1455,1455,0,1357,1357,0,7.221813
24/07/2020 10:40,202003,EASTERN EUROPE-EU,LATVIA,LEEDS BRADFORD,RIGA,1536,1536,0,3163,3163,0,-51.438508
24/07/2020 10:40,202003,EASTERN EUROPE-EU,LATVIA,MANCHESTER,RIGA,1564,1564,0,3098,3098,0,-49.515817
24/07/2020 10:40,202003,EASTERN EUROPE-EU,LITHUANIA,LONDON CITY,VILNIUS,1474,1474,0,0,0,0,0
24/07/2020 10:40,202003,EASTERN EUROPE-EU,LITHUANIA,LUTON,KAUNAS,10171,10171,0,19851,19851,0,-48.763286
24/07/2020 10:40,202003,EASTERN EUROPE-EU,LITHUANIA,LUTON,PALANGA,1839,1839,0,5811,5811,0,-68.353123
24/07/2020 10:40,202003,EASTERN EUROPE-EU,LITHUANIA,LUTON,VILNIUS,8817,8817,0,27023,27023,0,-67.372238
24/07/2020 10:40,202003,EASTERN EUROPE-EU,LITHUANIA,SOUTHEND,VILNIUS,3372,3372,0,0,0,0,0
24/07/2020 10:40,202003,EASTERN EUROPE-EU,LITHUANIA,STANSTED,KAUNAS,4008,4008,0,8194,8194,0,-51.086161
24/07/2020 10:40,202003,EASTERN EUROPE-EU,LITHUANIA,STANSTED,PALANGA,1741,1741,0,3176,3176,0,-45.18262
24/07/2020 10:40,202003,EASTERN EUROPE-EU,LITHUANIA,STANSTED,VILNIUS,6631,5981,650,10940,10940,0,-39.387569
24/07/2020 10:40,202003,EASTERN EUROPE-EU,LITHUANIA,BELFAST INTERNATIONAL,VILNIUS,1511,1511,0,3995,3995,0,-62.177722
24/07/2020 10:40,202003,EASTERN EUROPE-EU,LITHUANIA,BIRMINGHAM,VILNIUS,0,0,0,3071,3071,0,-100
24/07/2020 10:40,202003,EASTERN EUROPE-EU,LITHUANIA,BRISTOL,KAUNAS,1716,1716,0,3175,3175,0,-45.952756
24/07/2020 10:40,202003,EASTERN EUROPE-EU,LITHUANIA,DONCASTER SHEFFIELD,VILNIUS,2015,2015,0,3938,3938,0,-48.831894
24/07/2020 10:40,202003,EASTERN EUROPE-EU,LITHUANIA,EDINBURGH,KAUNAS,1569,1569,0,0,0,0,0
24/07/2020 10:40,202003,EASTERN EUROPE-EU,LITHUANIA,LEEDS BRADFORD,VILNIUS,0,0,0,3146,3146,0,-100
24/07/2020 10:40,202003,EASTERN EUROPE-EU,LITHUANIA,LIVERPOOL (JOHN LENNON),VILNIUS,1825,1825,0,3195,3195,0,-42.879499
24/07/2020 10:40,202003,EASTERN EUROPE-EU,POLAND,GATWICK,GDANSK,3826,3826,0,0,0,0,0
24/07/2020 10:40,202003,EASTERN EUROPE-EU,POLAND,GATWICK,KRAKOW,11897,11897,0,13028,13028,0,-8.681302
24/07/2020 10:40,202003,EASTERN EUROPE-EU,POLAND,GATWICK,WARSAW (CHOPIN),0,0,0,5656,5656,0,-100
24/07/2020 10:40,202003,EASTERN EUROPE-EU,POLAND,HEATHROW,KRAKOW,1931,1931,0,6821,6821,0,-71.690368
24/07/2020 10:40,202003,EASTERN EUROPE-EU,POLAND,HEATHROW,WARSAW (CHOPIN),26608,11971,14637,35444,35444,0,-24.929466
24/07/2020 10:40,202003,EASTERN EUROPE-EU,POLAND,LONDON CITY,WARSAW (CHOPIN),6214,3265,2949,5255,5255,0,18.249286
24/07/2020 10:40,202003,EASTERN EUROPE-EU,POLAND,LUTON,BYDGOSZCZ,1505,1505,0,4517,4517,0,-66.681426
24/07/2020 10:40,202003,EASTERN EUROPE-EU,POLAND,LUTON,GDANSK,5597,5597,0,26603,26603,0,-78.961019
24/07/2020 10:40,202003,EASTERN EUROPE-EU,POLAND,LUTON,KATOWICE,7512,7512,0,29401,29401,0,-74.449849
24/07/2020 10:40,202003,EASTERN EUROPE-EU,POLAND,LUTON,KRAKOW,11495,11495,0,5536,5536,0,107.640896
24/07/2020 10:40,202003,EASTERN EUROPE-EU,POLAND,LUTON,LUBLIN (PORT LOTNICZY),3833,3833,0,9987,9987,0,-61.620106
24/07/2020 10:40,202003,EASTERN EUROPE-EU,POLAND,LUTON,POZNAN,4320,4320,0,12073,12073,0,-64.217676
24/07/2020 10:40,202003,EASTERN EUROPE-EU,POLAND,LUTON,RZESZOW,1992,1992,0,5058,4680,378,-60.616845
24/07/2020 10:40,202003,EASTERN EUROPE-EU,POLAND,LUTON,SZYMANY (MAZURY),1341,1341,0,2989,2989,0,-55.135497
24/07/2020 10:40,202003,EASTERN EUROPE-EU,POLAND,LUTON,WARSAW (CHOPIN),13861,13861,0,36204,36204,0,-61.714175
24/07/2020 10:40,202003,EASTERN EUROPE-EU,POLAND,LUTON,WROCLAW,3786,3786,0,12017,12017,0,-68.494633
24/07/2020 10:40,202003,EASTERN EUROPE-EU,POLAND,STANSTED,BYDGOSZCZ,3215,3215,0,9222,9222,0,-65.137714
24/07/2020 10:40,202003,EASTERN EUROPE-EU,POLAND,STANSTED,GDANSK,6212,6212,0,17788,17788,0,-65.07758
24/07/2020 10:40,202003,EASTERN EUROPE-EU,POLAND,STANSTED,KATOWICE,5135,5135,0,10884,10884,0,-52.820654
24/07/2020 10:40,202003,EASTERN EUROPE-EU,POLAND,STANSTED,KRAKOW,12105,12105,0,30675,29896,779,-60.537897
24/07/2020 10:40,202003,EASTERN EUROPE-EU,POLAND,STANSTED,LODZ LUBLINEK,3483,3483,0,9131,9131,0,-61.855218
24/07/2020 10:40,202003,EASTERN EUROPE-EU,POLAND,STANSTED,LUBLIN (PORT LOTNICZY),0,0,0,6310,6310,0,-100
24/07/2020 10:40,202003,EASTERN EUROPE-EU,POLAND,STANSTED,POZNAN,4588,4588,0,13968,13968,0,-67.153494
24/07/2020 10:40,202003,EASTERN EUROPE-EU,POLAND,STANSTED,RZESZOW,3131,3131,0,8204,8204,0,-61.83569
24/07/2020 10:40,202003,EASTERN EUROPE-EU,POLAND,STANSTED,SZCZECIN (GOLENOW),2766,2766,0,7553,7553,0,-63.37879
24/07/2020 10:40,202003,EASTERN EUROPE-EU,POLAND,STANSTED,SZYMANY (MAZURY),869,869,0,4027,4027,0,-78.420661
24/07/2020 10:40,202003,EASTERN EUROPE-EU,POLAND,STANSTED,WARSAW (MODLIN MASOVIA),10099,10099,0,33269,33269,0,-69.644414
24/07/2020 10:40,202003,EASTERN EUROPE-EU,POLAND,STANSTED,WROCLAW,6854,6854,0,16961,16961,0,-59.589647
24/07/2020 10:40,202003,EASTERN EUROPE-EU,POLAND,ABERDEEN,GDANSK,1113,1113,0,3059,3059,0,-63.615561
24/07/2020 10:40,202003,EASTERN EUROPE-EU,POLAND,BELFAST INTERNATIONAL,GDANSK,0,0,0,3032,3032,0,-100
24/07/2020 10:40,202003,EASTERN EUROPE-EU,POLAND,BELFAST INTERNATIONAL,KRAKOW,3310,3310,0,8707,8356,351,-61.98461
24/07/2020 10:40,202003,EASTERN EUROPE-EU,POLAND,BELFAST INTERNATIONAL,WARSAW (MODLIN MASOVIA),0,0,0,2989,2989,0,-100
24/07/2020 10:40,202003,EASTERN EUROPE-EU,POLAND,BELFAST INTERNATIONAL,WROCLAW,0,0,0,2982,2982,0,-100
24/07/2020 10:40,202003,EASTERN EUROPE-EU,POLAND,BIRMINGHAM,BYDGOSZCZ,1806,1806,0,4559,4559,0,-60.38605
24/07/2020 10:40,202003,EASTERN EUROPE-EU,POLAND,BIRMINGHAM,GDANSK,1308,1308,0,3214,3214,0,-59.303049
24/07/2020 10:40,202003,EASTERN EUROPE-EU,POLAND,BIRMINGHAM,KATOWICE,1187,1187,0,3170,3170,0,-62.555205
24/07/2020 10:40,202003,EASTERN EUROPE-EU,POLAND,BIRMINGHAM,KRAKOW,5797,5436,361,7281,6394,887,-20.381816
24/07/2020 10:40,202003,EASTERN EUROPE-EU,POLAND,BIRMINGHAM,POZNAN,1038,1038,0,0,0,0,0
24/07/2020 10:40,202003,EASTERN EUROPE-EU,POLAND,BIRMINGHAM,WARSAW (CHOPIN),1282,1282,0,3246,3246,0,-60.505237
24/07/2020 10:40,202003,EASTERN EUROPE-EU,POLAND,BIRMINGHAM,WARSAW (MODLIN MASOVIA),1661,1661,0,4394,4394,0,-62.198452
24/07/2020 10:40,202003,EASTERN EUROPE-EU,POLAND,BIRMINGHAM,WROCLAW,1011,1011,0,2603,2603,0,-61.1602
24/07/2020 10:40,202003,EASTERN EUROPE-EU,POLAND,BOURNEMOUTH,GDANSK,0,0,0,143,0,143,-100
24/07/2020 10:40,202003,EASTERN EUROPE-EU,POLAND,BOURNEMOUTH,KRAKOW,1402,1402,0,3106,3106,0,-54.861558
24/07/2020 10:40,202003,EASTERN EUROPE-EU,POLAND,BRISTOL,GDANSK,1260,1260,0,3235,3235,0,-61.051005
24/07/2020 10:40,202003,EASTERN EUROPE-EU,POLAND,BRISTOL,KATOWICE,1325,1325,0,2849,2849,0,-53.492453
24/07/2020 10:40,202003,EASTERN EUROPE-EU,POLAND,BRISTOL,KRAKOW,5490,5490,0,13856,13856,0,-60.378176
24/07/2020 10:40,202003,EASTERN EUROPE-EU,POLAND,BRISTOL,POZNAN,1761,1761,0,4629,4485,144,-61.957226
24/07/2020 10:40,202003,EASTERN EUROPE-EU,POLAND,BRISTOL,RZESZOW,1253,1253,0,3125,3125,0,-59.904
24/07/2020 10:40,202003,EASTERN EUROPE-EU,POLAND,BRISTOL,WARSAW (MODLIN MASOVIA),2342,2342,0,6229,6229,0,-62.40167
24/07/2020 10:40,202003,EASTERN EUROPE-EU,POLAND,BRISTOL,WROCLAW,1310,1310,0,3145,3145,0,-58.346582
24/07/2020 10:40,202003,EASTERN EUROPE-EU,POLAND,DONCASTER SHEFFIELD,GDANSK,2480,2480,0,6198,6198,0,-59.987093
24/07/2020 10:40,202003,EASTERN EUROPE-EU,POLAND,DONCASTER SHEFFIELD,KATOWICE,2466,2466,0,6321,6321,0,-60.987186
24/07/2020 10:40,202003,EASTERN EUROPE-EU,POLAND,DONCASTER SHEFFIELD,KRAKOW,1488,1488,0,0,0,0,0
24/07/2020 10:40,202003,EASTERN EUROPE-EU,POLAND,DONCASTER SHEFFIELD,POZNAN,1806,1806,0,4555,4555,0,-60.351262
24/07/2020 10:40,202003,EASTERN EUROPE-EU,POLAND,DONCASTER SHEFFIELD,WARSAW (CHOPIN),1565,1565,0,3885,3885,0,-59.71686
24/07/2020 10:40,202003,EASTERN EUROPE-EU,POLAND,DONCASTER SHEFFIELD,WROCLAW,1238,1238,0,3061,3061,0,-59.555701
24/07/2020 10:40,202003,EASTERN EUROPE-EU,POLAND,EAST MIDLANDS INTERNATIONAL,KRAKOW,2268,1854,414,4483,4483,0,-49.408878
24/07/2020 10:40,202003,EASTERN EUROPE-EU,POLAND,EAST MIDLANDS INTERNATIONAL,LODZ LUBLINEK,1220,1220,0,3122,3122,0,-60.922486
24/07/2020 10:40,202003,EASTERN EUROPE-EU,POLAND,EAST MIDLANDS INTERNATIONAL,RZESZOW,1900,1900,0,4843,4843,0,-60.768119
24/07/2020 10:40,202003,EASTERN EUROPE-EU,POLAND,EAST MIDLANDS INTERNATIONAL,WARSAW (MODLIN MASOVIA),1108,1108,0,4439,4439,0,-75.039423
24/07/2020 10:40,202003,EASTERN EUROPE-EU,POLAND,EAST MIDLANDS INTERNATIONAL,WROCLAW,2407,2407,0,6353,6353,0,-62.112388
24/07/2020 10:40,202003,EASTERN EUROPE-EU,POLAND,EDINBURGH,GDANSK,3886,3886,0,4703,4703,0,-17.37189
24/07/2020 10:40,202003,EASTERN EUROPE-EU,POLAND,EDINBURGH,KATOWICE,1189,1189,0,3539,3539,0,-66.402939
24/07/2020 10:40,202003,EASTERN EUROPE-EU,POLAND,EDINBURGH,KRAKOW,5958,5958,0,13364,13364,0,-55.41754
24/07/2020 10:40,202003,EASTERN EUROPE-EU,POLAND,EDINBURGH,POZNAN,1128,1128,0,3147,3147,0,-64.156339
24/07/2020 10:40,202003,EASTERN EUROPE-EU,POLAND,EDINBURGH,WARSAW (CHOPIN),4382,2466,1916,0,0,0,0
24/07/2020 10:40,202003,EASTERN EUROPE-EU,POLAND,EDINBURGH,WARSAW (MODLIN MASOVIA),3708,3708,0,6471,6471,0,-42.698192
24/07/2020 10:40,202003,EASTERN EUROPE-EU,POLAND,EDINBURGH,WROCLAW,1173,1173,0,3076,3076,0,-61.86606
24/07/2020 10:40,202003,EASTERN EUROPE-EU,POLAND,GLASGOW,KRAKOW,2803,2803,0,3169,3169,0,-11.549385
24/07/2020 10:40,202003,EASTERN EUROPE-EU,POLAND,GLASGOW,WARSAW (MODLIN MASOVIA),1016,1016,0,0,0,0,0
24/07/2020 10:40,202003,EASTERN EUROPE-EU,POLAND,GLASGOW,WROCLAW,1114,1114,0,3136,3136,0,-64.477041
24/07/2020 10:40,202003,EASTERN EUROPE-EU,POLAND,LEEDS BRADFORD,GDANSK,1779,1779,0,4776,4776,0,-62.751256
24/07/2020 10:40,202003,EASTERN EUROPE-EU,POLAND,LEEDS BRADFORD,KRAKOW,4161,4161,0,8902,8902,0,-53.257695
24/07/2020 10:40,202003,EASTERN EUROPE-EU,POLAND,LEEDS BRADFORD,WARSAW (MODLIN MASOVIA),1254,1254,0,3099,3099,0,-59.535334
24/07/2020 10:40,202003,EASTERN EUROPE-EU,POLAND,LEEDS BRADFORD,WROCLAW,903,903,0,3046,3046,0,-70.354563
24/07/2020 10:40,202003,EASTERN EUROPE-EU,POLAND,LIVERPOOL (JOHN LENNON),GDANSK,1743,1743,0,4668,4668,0,-62.660668
24/07/2020 10:40,202003,EASTERN EUROPE-EU,POLAND,LIVERPOOL (JOHN LENNON),KATOWICE,1026,1026,0,2950,2950,0,-65.220339
24/07/2020 10:40,202003,EASTERN EUROPE-EU,POLAND,LIVERPOOL (JOHN LENNON),KRAKOW,4792,4792,0,8942,8942,0,-46.410199
24/07/2020 10:40,202003,EASTERN EUROPE-EU,POLAND,LIVERPOOL (JOHN LENNON),POZNAN,1200,1200,0,3043,3043,0,-60.565232
24/07/2020 10:40,202003,EASTERN EUROPE-EU,POLAND,LIVERPOOL (JOHN LENNON),SZCZECIN (GOLENOW),1200,1200,0,3131,3131,0,-61.673587
24/07/2020 10:40,202003,EASTERN EUROPE-EU,POLAND,LIVERPOOL (JOHN LENNON),WARSAW (CHOPIN),1315,1315,0,2911,2911,0,-54.82652
24/07/2020 10:40,202003,EASTERN EUROPE-EU,POLAND,LIVERPOOL (JOHN LENNON),WARSAW (MODLIN MASOVIA),1740,1740,0,6145,6145,0,-71.684296
24/07/2020 10:40,202003,EASTERN EUROPE-EU,POLAND,LIVERPOOL (JOHN LENNON),WROCLAW,1338,1338,0,3226,3226,0,-58.524489
24/07/2020 10:40,202003,EASTERN EUROPE-EU,POLAND,MANCHESTER,GDANSK,1256,1256,0,3204,3204,0,-60.799001
24/07/2020 10:40,202003,EASTERN EUROPE-EU,POLAND,MANCHESTER,KATOWICE,1712,1712,0,0,0,0,0
24/07/2020 10:40,202003,EASTERN EUROPE-EU,POLAND,MANCHESTER,KRAKOW,8488,8488,0,20551,20551,0,-58.697874
24/07/2020 10:40,202003,EASTERN EUROPE-EU,POLAND,MANCHESTER,RZESZOW,1340,1340,0,3217,3217,0,-58.346285
24/07/2020 10:40,202003,EASTERN EUROPE-EU,POLAND,MANCHESTER,WARSAW (MODLIN MASOVIA),1173,1173,0,4489,4489,0,-73.869459
24/07/2020 10:40,202003,EASTERN EUROPE-EU,POLAND,MANCHESTER,WROCLAW,1111,1111,0,3182,3182,0,-65.084852
24/07/2020 10:40,202003,EASTERN EUROPE-EU,POLAND,NEWCASTLE,KRAKOW,1485,1485,0,3197,3197,0,-53.550203
24/07/2020 10:40,202003,EASTERN EUROPE-EU,POLAND,NEWCASTLE,WARSAW (MODLIN MASOVIA),0,0,0,2855,2855,0,-100
24/07/2020 10:40,202003,EASTERN EUROPE-EU,POLAND,NEWCASTLE,WROCLAW,1197,1197,0,2858,2858,0,-58.117565
24/07/2020 10:40,202003,EASTERN EUROPE-EU,POLAND,PRESTWICK,RZESZOW,0,0,0,3046,3046,0,-100
24/07/2020 10:40,202003,EASTERN EUROPE-EU,ROMANIA,GATWICK,BUCHAREST (OTOPENI),7933,7933,0,13562,13562,0,-41.505678
24/07/2020 10:40,202003,EASTERN EUROPE-EU,ROMANIA,GATWICK,CLUJ NAPOCA,4843,4843,0,296,296,0,1536.148649
24/07/2020 10:40,202003,EASTERN EUROPE-EU,ROMANIA,HEATHROW,BUCHAREST (OTOPENI),10289,10289,0,19013,19013,0,-45.884395
24/07/2020 10:40,202003,EASTERN EUROPE-EU,ROMANIA,LUTON,BACAU,4796,4796,0,7606,7606,0,-36.944517
24/07/2020 10:40,202003,EASTERN EUROPE-EU,ROMANIA,LUTON,BUCHAREST (OTOPENI),26059,26059,0,48132,48132,0,-45.859304
24/07/2020 10:40,202003,EASTERN EUROPE-EU,ROMANIA,LUTON,CLUJ NAPOCA,9507,9507,0,23391,23391,0,-59.356163
24/07/2020 10:40,202003,EASTERN EUROPE-EU,ROMANIA,LUTON,CONSTANTA,2323,2323,0,3925,3925,0,-40.815287
24/07/2020 10:40,202003,EASTERN EUROPE-EU,ROMANIA,LUTON,CRAIOVA,6083,6083,0,9822,9822,0,-38.067603
24/07/2020 10:40,202003,EASTERN EUROPE-EU,ROMANIA,LUTON,IASI,9663,9663,0,15867,15867,0,-39.100019
24/07/2020 10:40,202003,EASTERN EUROPE-EU,ROMANIA,LUTON,SATU MARE,2068,2068,0,3501,3501,0,-40.931163
24/07/2020 10:40,202003,EASTERN EUROPE-EU,ROMANIA,LUTON,SIBIU,0,0,0,7760,7760,0,-100
24/07/2020 10:40,202003,EASTERN EUROPE-EU,ROMANIA,LUTON,SUCEAVA,6476,6476,0,12058,12058,0,-46.292918
24/07/2020 10:40,202003,EASTERN EUROPE-EU,ROMANIA,LUTON,TIMISOARA,5400,5400,0,10525,10525,0,-48.693587
24/07/2020 10:40,202003,EASTERN EUROPE-EU,ROMANIA,LUTON,TIRGU MURES,2570,2570,0,4590,4590,0,-44.008715
24/07/2020 10:40,202003,EASTERN EUROPE-EU,ROMANIA,SOUTHEND,BUCHAREST (OTOPENI),7373,7373,0,0,0,0,0
24/07/2020 10:40,202003,EASTERN EUROPE-EU,ROMANIA,SOUTHEND,SIBIU,4321,4321,0,0,0,0,0
24/07/2020 10:40,202003,EASTERN EUROPE-EU,ROMANIA,STANSTED,BUCHAREST (OTOPENI),14418,14418,0,21904,21904,0,-34.176406
24/07/2020 10:40,202003,EASTERN EUROPE-EU,ROMANIA,BIGGIN HILL,BUCHAREST (BANEASA),2,0,2,0,0,0,0
24/07/2020 10:40,202003,EASTERN EUROPE-EU,ROMANIA,BIGGIN HILL,BUCHAREST (OTOPENI),0,0,0,1,0,1,-100
24/07/2020 10:40,202003,EASTERN EUROPE-EU,ROMANIA,BIRMINGHAM,BUCHAREST (OTOPENI),6238,6238,0,9111,9111,0,-31.533311
24/07/2020 10:40,202003,EASTERN EUROPE-EU,ROMANIA,BIRMINGHAM,CLUJ NAPOCA,2088,2088,0,2850,2850,0,-26.736842
24/07/2020 10:40,202003,EASTERN EUROPE-EU,ROMANIA,BOURNEMOUTH,CLUJ NAPOCA,0,0,0,110,0,110,-100
24/07/2020 10:40,202003,EASTERN EUROPE-EU,ROMANIA,BRISTOL,BUCHAREST (OTOPENI),2034,2034,0,3158,3158,0,-35.592147
24/07/2020 10:40,202003,EASTERN EUROPE-EU,ROMANIA,DONCASTER SHEFFIELD,BUCHAREST (OTOPENI),4722,4722,0,5073,5073,0,-6.918983
24/07/2020 10:40,202003,EASTERN EUROPE-EU,ROMANIA,DONCASTER SHEFFIELD,CLUJ NAPOCA,2239,2239,0,3068,3068,0,-27.02086
24/07/2020 10:40,202003,EASTERN EUROPE-EU,ROMANIA,EDINBURGH,BUCHAREST (OTOPENI),4252,4252,0,0,0,0,0
24/07/2020 10:40,202003,EASTERN EUROPE-EU,ROMANIA,EXETER,CONSTANTA,188,0,188,0,0,0,0
24/07/2020 10:40,202003,EASTERN EUROPE-EU,ROMANIA,GLASGOW,BUCHAREST (OTOPENI),1277,1277,0,2782,2782,0,-54.097771
24/07/2020 10:40,202003,EASTERN EUROPE-EU,ROMANIA,LIVERPOOL (JOHN LENNON),BACAU,1416,1416,0,1758,1758,0,-19.453925
24/07/2020 10:40,202003,EASTERN EUROPE-EU,ROMANIA,LIVERPOOL (JOHN LENNON),BUCHAREST (OTOPENI),5758,5758,0,8588,8588,0,-32.952958
24/07/2020 10:40,202003,EASTERN EUROPE-EU,ROMANIA,LIVERPOOL (JOHN LENNON),CLUJ NAPOCA,1875,1875,0,2837,2837,0,-33.909059
24/07/2020 10:40,202003,EASTERN EUROPE-EU,ROMANIA,LIVERPOOL (JOHN LENNON),IASI,2059,2059,0,3013,3013,0,-31.662795
24/07/2020 10:40,202003,EASTERN EUROPE-EU,SLOVAK REPUBLIC,GATWICK,BRATISLAVA,26,0,26,0,0,0,0
24/07/2020 10:40,202003,EASTERN EUROPE-EU,SLOVAK REPUBLIC,LUTON,BRATISLAVA,1781,1781,0,7721,7721,0,-76.93304
24/07/2020 10:40,202003,EASTERN EUROPE-EU,SLOVAK REPUBLIC,LUTON,KOSICE,3040,3040,0,12059,12059,0,-74.790613
24/07/2020 10:40,202003,EASTERN EUROPE-EU,SLOVAK REPUBLIC,LUTON,TATRY-POPRAD,1472,1472,0,5232,5232,0,-71.865443
24/07/2020 10:40,202003,EASTERN EUROPE-EU,SLOVAK REPUBLIC,STANSTED,BRATISLAVA,5225,5225,0,18799,18799,0,-72.205968
24/07/2020 10:40,202003,EASTERN EUROPE-EU,SLOVAK REPUBLIC,BIRMINGHAM,BRATISLAVA,1667,1474,193,4555,4555,0,-63.402854
24/07/2020 10:40,202003,EASTERN EUROPE-EU,SLOVAK REPUBLIC,CARDIFF WALES,BRATISLAVA,0,0,0,633,0,633,-100
24/07/2020 10:40,202003,EASTERN EUROPE-EU,SLOVAK REPUBLIC,EDINBURGH,BRATISLAVA,1120,1120,0,3092,3092,0,-63.77749
24/07/2020 10:40,202003,EASTERN EUROPE-EU,SLOVAK REPUBLIC,LEEDS BRADFORD,BRATISLAVA,865,865,0,3058,3058,0,-71.713538
24/07/2020 10:40,202003,EASTERN EUROPE-EU,SLOVAK REPUBLIC,MANCHESTER,BRATISLAVA,1778,1778,0,4564,4564,0,-61.042945
24/07/2020 10:40,202003,EASTERN EUROPE -OTHER,ALBANIA,GATWICK,TIRANA,4656,4656,0,11042,10875,167,-57.833726
24/07/2020 10:40,202003,EASTERN EUROPE -OTHER,ALBANIA,LUTON,TIRANA,4229,4229,0,6241,6241,0,-32.238423
24/07/2020 10:40,202003,EASTERN EUROPE -OTHER,AZERBAIJAN,HEATHROW,BAKU (HEYDER ALIYEV INT'L),1983,1983,0,2627,2627,0,-24.514656
24/07/2020 10:40,202003,EASTERN EUROPE -OTHER,BELARUS,GATWICK,MINSK INT'L ,2439,2439,0,2104,2104,0,15.922053
24/07/2020 10:40,202003,EASTERN EUROPE -OTHER,BELARUS,BELFAST INTERNATIONAL,MINSK LOSHITSA,0,0,0,41,0,41,-100
24/07/2020 10:40,202003,EASTERN EUROPE -OTHER,GEORGIA,GATWICK,TBILISI,0,0,0,645,645,0,-100
24/07/2020 10:40,202003,EASTERN EUROPE -OTHER,GEORGIA,LUTON,KUTAISI,1158,1158,0,1597,1597,0,-27.489042
24/07/2020 10:40,202003,EASTERN EUROPE -OTHER,KAZAKHSTAN,HEATHROW,ASTANA,1410,1410,0,2694,2694,0,-47.66147
24/07/2020 10:40,202003,EASTERN EUROPE -OTHER,KAZAKHSTAN,GLASGOW,ASTANA,0,0,0,76,0,76,-100
24/07/2020 10:40,202003,EASTERN EUROPE -OTHER,REPUBLIC OF MOLDOVA,LUTON,CHISINAU (KISHINEV),4603,4603,0,13321,13321,0,-65.445537
24/07/2020 10:40,202003,EASTERN EUROPE -OTHER,REPUBLIC OF MOLDOVA,STANSTED,CHISINAU (KISHINEV),3186,2896,290,4794,4794,0,-33.541927
24/07/2020 10:40,202003,EASTERN EUROPE -OTHER,RUSSIA,GATWICK,ST PETERSBURG,3039,3039,0,5505,5505,0,-44.79564
24/07/2020 10:40,202003,EASTERN EUROPE -OTHER,RUSSIA,HEATHROW,MOSCOW (DOMODEDOVO),4491,4491,0,12105,12105,0,-62.899628
24/07/2020 10:40,202003,EASTERN EUROPE -OTHER,RUSSIA,HEATHROW,MOSCOW (SHEREMETYEVO),28500,28500,0,38642,38642,0,-26.246054
24/07/2020 10:40,202003,EASTERN EUROPE -OTHER,RUSSIA,HEATHROW,ST PETERSBURG,0,0,0,5542,5542,0,-100
24/07/2020 10:40,202003,EASTERN EUROPE -OTHER,RUSSIA,LUTON,MOSCOW (VNUKOVO),6189,6189,0,0,0,0,0
24/07/2020 10:40,202003,EASTERN EUROPE -OTHER,RUSSIA,LUTON,ST PETERSBURG,5639,5639,0,0,0,0,0
24/07/2020 10:40,202003,EASTERN EUROPE -OTHER,RUSSIA,STANSTED,MOSCOW (DOMODEDOVO),2095,2095,0,0,0,0,0
24/07/2020 10:40,202003,EASTERN EUROPE -OTHER,RUSSIA,STANSTED,ST PETERSBURG,0,0,0,289,289,0,-100
24/07/2020 10:40,202003,EASTERN EUROPE -OTHER,RUSSIA,BIGGIN HILL,MOSCOW (VNUKOVO),2,0,2,0,0,0,0
24/07/2020 10:40,202003,EASTERN EUROPE -OTHER,TURKMENISTAN,BIRMINGHAM,ASHKHABAD,462,462,0,1204,1204,0,-61.627907
24/07/2020 10:40,202003,EASTERN EUROPE -OTHER,UKRAINE,GATWICK,KIEV (BORISPOL),5955,5233,722,14837,14380,457,-59.863854
24/07/2020 10:40,202003,EASTERN EUROPE -OTHER,UKRAINE,HEATHROW,KIEV (BORISPOL),0,0,0,5571,5571,0,-100
24/07/2020 10:40,202003,EASTERN EUROPE -OTHER,UKRAINE,LUTON,KIEV (ZHULYANY),2101,2101,0,4267,4267,0,-50.761659
24/07/2020 10:40,202003,EASTERN EUROPE -OTHER,UKRAINE,LUTON,LVOV,1178,1178,0,3543,3543,0,-66.751341
24/07/2020 10:40,202003,EASTERN EUROPE -OTHER,UKRAINE,STANSTED,KIEV (BORISPOL),3574,3574,0,6391,6391,0,-44.077609
24/07/2020 10:40,202003,EASTERN EUROPE -OTHER,UKRAINE,STANSTED,LVOV,2299,2299,0,4324,4324,0,-46.831637
24/07/2020 10:40,202003,EASTERN EUROPE -OTHER,UKRAINE,MANCHESTER,KIEV (BORISPOL),1437,1437,0,0,0,0,0
24/07/2020 10:40,202003,EASTERN EUROPE -OTHER,UZBEKISTAN,HEATHROW,TASHKENT,816,816,0,2192,2192,0,-62.773723
24/07/2020 10:40,202003,NEAR EAST,ISRAEL,GATWICK,TEL AVIV,1926,1926,0,4151,4151,0,-53.601542
24/07/2020 10:40,202003,NEAR EAST,ISRAEL,HEATHROW,TEL AVIV,24160,24160,0,48069,48069,0,-49.738917
24/07/2020 10:40,202003,NEAR EAST,ISRAEL,LUTON,OVDA,0,0,0,1908,1908,0,-100
24/07/2020 10:40,202003,NEAR EAST,ISRAEL,LUTON,TEL AVIV,11118,11118,0,35041,35041,0,-68.271453
24/07/2020 10:40,202003,NEAR EAST,ISRAEL,STANSTED,TEL AVIV,1054,1054,0,5579,5579,0,-81.107725
24/07/2020 10:40,202003,NEAR EAST,ISRAEL,MANCHESTER,TEL AVIV,1953,1953,0,2946,2946,0,-33.706721
24/07/2020 10:40,202003,NEAR EAST,JORDAN,GATWICK,AQABA,1305,1305,0,1646,1646,0,-20.716889
24/07/2020 10:40,202003,NEAR EAST,JORDAN,HEATHROW,AMMAN,8287,8287,0,19403,19403,0,-57.29011
24/07/2020 10:40,202003,NEAR EAST,JORDAN,BIRMINGHAM,AMMAN (KING HUSSEIN),0,0,0,170,0,170,-100
24/07/2020 10:40,202003,NEAR EAST,LEBANON,HEATHROW,BEIRUT,7251,7251,0,22624,22624,0,-67.949965
24/07/2020 10:40,202003,NORTH AFRICA,ALGERIA,GATWICK,ALGIERS,3247,3247,0,4590,4590,0,-29.259259
24/07/2020 10:40,202003,NORTH AFRICA,ALGERIA,HEATHROW,ALGIERS,2941,2815,126,5300,5300,0,-44.509434
24/07/2020 10:40,202003,NORTH AFRICA,EGYPT,GATWICK,ALEXANDRIA (BORG EL ARAB),100,0,100,0,0,0,0
24/07/2020 10:40,202003,NORTH AFRICA,EGYPT,GATWICK,CAIRO,1017,0,1017,0,0,0,0
24/07/2020 10:40,202003,NORTH AFRICA,EGYPT,GATWICK,HURGHADA,11615,10939,676,21367,21367,0,-45.640474
24/07/2020 10:40,202003,NORTH AFRICA,EGYPT,GATWICK,MARSA ALAM,1062,908,154,4079,4079,0,-73.964207
24/07/2020 10:40,202003,NORTH AFRICA,EGYPT,GATWICK,SHARM EL SHEIKH (OPHIRA),2986,2730,256,0,0,0,0
24/07/2020 10:40,202003,NORTH AFRICA,EGYPT,HEATHROW,CAIRO,19035,19035,0,34285,34285,0,-44.480093
24/07/2020 10:40,202003,NORTH AFRICA,EGYPT,HEATHROW,LUXOR,590,590,0,972,972,0,-39.300412
24/07/2020 10:40,202003,NORTH AFRICA,EGYPT,STANSTED,HURGHADA,1827,1827,0,3149,2928,221,-41.981581
24/07/2020 10:40,202003,NORTH AFRICA,EGYPT,BIRMINGHAM,HURGHADA,3621,3477,144,10766,10766,0,-66.366338
24/07/2020 10:40,202003,NORTH AFRICA,EGYPT,BIRMINGHAM,MARSA ALAM,613,613,0,1664,1664,0,-63.161058
24/07/2020 10:40,202003,NORTH AFRICA,EGYPT,BIRMINGHAM,SHARM EL SHEIKH (OPHIRA),1450,829,621,0,0,0,0
24/07/2020 10:40,202003,NORTH AFRICA,EGYPT,BRISTOL,HURGHADA,4066,2660,1406,4737,0,4737,-14.165083
24/07/2020 10:40,202003,NORTH AFRICA,EGYPT,EAST MIDLANDS INTERNATIONAL,HURGHADA,184,184,0,3638,3638,0,-94.942276
24/07/2020 10:40,202003,NORTH AFRICA,EGYPT,GLASGOW,HURGHADA,0,0,0,1671,1671,0,-100
24/07/2020 10:40,202003,NORTH AFRICA,EGYPT,MANCHESTER,HURGHADA,6217,6217,0,19606,19606,0,-68.290319
24/07/2020 10:40,202003,NORTH AFRICA,EGYPT,MANCHESTER,MARSA ALAM,887,887,0,0,0,0,0
24/07/2020 10:40,202003,NORTH AFRICA,EGYPT,MANCHESTER,SHARM EL SHEIKH (OPHIRA),2323,2120,203,0,0,0,0
24/07/2020 10:40,202003,NORTH AFRICA,EGYPT,NEWCASTLE,HURGHADA,0,0,0,1509,1509,0,-100
24/07/2020 10:40,202003,NORTH AFRICA,MOROCCO,GATWICK,AGADIR (AL MASSIRA),6650,6361,289,8470,8470,0,-21.487603
24/07/2020 10:40,202003,NORTH AFRICA,MOROCCO,GATWICK,CASABLANCA MOHAMED V,2271,2247,24,3605,3605,0,-37.004161
24/07/2020 10:40,202003,NORTH AFRICA,MOROCCO,GATWICK,FEZ,576,576,0,1021,1021,0,-43.584721
24/07/2020 10:40,202003,NORTH AFRICA,MOROCCO,GATWICK,MARRAKESH,21667,21333,334,39756,39753,3,-45.50005
24/07/2020 10:40,202003,NORTH AFRICA,MOROCCO,GATWICK,TANGIERS (IBN BATUTA),1410,1410,0,2095,2095,0,-32.696897
24/07/2020 10:40,202003,NORTH AFRICA,MOROCCO,HEATHROW,CASABLANCA MOHAMED V,3389,3389,0,6713,6713,0,-49.515865
24/07/2020 10:40,202003,NORTH AFRICA,MOROCCO,HEATHROW,MARRAKESH,4031,2948,1083,5329,5329,0,-24.35729
24/07/2020 10:40,202003,NORTH AFRICA,MOROCCO,HEATHROW,RABAT,517,517,0,1141,1141,0,-54.688869
24/07/2020 10:40,202003,NORTH AFRICA,MOROCCO,LUTON,MARRAKESH,1584,1584,0,3174,3174,0,-50.094518
24/07/2020 10:40,202003,NORTH AFRICA,MOROCCO,SOUTHEND,CASABLANCA MOHAMED V,56,56,0,0,0,0,0
24/07/2020 10:40,202003,NORTH AFRICA,MOROCCO,STANSTED,AGADIR (AL MASSIRA),1922,1705,217,3102,3102,0,-38.039974
24/07/2020 10:40,202003,NORTH AFRICA,MOROCCO,STANSTED,ESSAOUIRA,1474,1474,0,0,0,0,0
24/07/2020 10:40,202003,NORTH AFRICA,MOROCCO,STANSTED,FEZ,1501,1501,0,3094,3094,0,-51.486749
24/07/2020 10:40,202003,NORTH AFRICA,MOROCCO,STANSTED,MARRAKESH,8280,7804,476,11567,10855,712,-28.417049
24/07/2020 10:40,202003,NORTH AFRICA,MOROCCO,STANSTED,RABAT,2046,2046,0,4477,4477,0,-54.299754
24/07/2020 10:40,202003,NORTH AFRICA,MOROCCO,BELFAST INTERNATIONAL,MARRAKESH,1401,1401,0,0,0,0,0
24/07/2020 10:40,202003,NORTH AFRICA,MOROCCO,BIRMINGHAM,AGADIR (AL MASSIRA),1223,1034,189,809,809,0,51.174289
24/07/2020 10:40,202003,NORTH AFRICA,MOROCCO,BIRMINGHAM,MARRAKESH,189,0,189,2234,1814,420,-91.539839
24/07/2020 10:40,202003,NORTH AFRICA,MOROCCO,BRISTOL,MARRAKESH,0,0,0,1606,0,1606,-100
24/07/2020 10:40,202003,NORTH AFRICA,MOROCCO,LIVERPOOL (JOHN LENNON),MARRAKESH,1537,1537,0,3111,3111,0,-50.594664
24/07/2020 10:40,202003,NORTH AFRICA,MOROCCO,MANCHESTER,AGADIR (AL MASSIRA),4912,4912,0,10212,10212,0,-51.899726
24/07/2020 10:40,202003,NORTH AFRICA,MOROCCO,MANCHESTER,CASABLANCA MOHAMED V,566,566,0,878,878,0,-35.535308
24/07/2020 10:40,202003,NORTH AFRICA,MOROCCO,MANCHESTER,MARRAKESH,7116,6612,504,11676,11244,432,-39.054471
24/07/2020 10:40,202003,NORTH AFRICA,TUNISIA,GATWICK,ENFIDHA - HAMMAMET INTL,825,0,825,6133,4400,1733,-86.548182
24/07/2020 10:40,202003,NORTH AFRICA,TUNISIA,GATWICK,TUNIS,599,599,0,1785,1785,0,-66.442577
24/07/2020 10:40,202003,NORTH AFRICA,TUNISIA,HEATHROW,TUNIS,2055,2055,0,3602,3602,0,-42.948362
24/07/2020 10:40,202003,NORTH AFRICA,TUNISIA,BELFAST INTERNATIONAL,ENFIDHA - HAMMAMET INTL,0,0,0,1015,0,1015,-100
24/07/2020 10:40,202003,NORTH AFRICA,TUNISIA,BIRMINGHAM,ENFIDHA - HAMMAMET INTL,0,0,0,3426,1678,1748,-100
24/07/2020 10:40,202003,NORTH AFRICA,TUNISIA,BRISTOL,ENFIDHA - HAMMAMET INTL,0,0,0,1592,0,1592,-100
24/07/2020 10:40,202003,NORTH AFRICA,TUNISIA,GLASGOW,ENFIDHA - HAMMAMET INTL,0,0,0,2172,2172,0,-100
24/07/2020 10:40,202003,NORTH AFRICA,TUNISIA,MANCHESTER,ENFIDHA - HAMMAMET INTL,539,0,539,5216,3391,1825,-89.666411
24/07/2020 10:40,202003,EAST AFRICA,ETHIOPIA,HEATHROW,ADDIS ABABA,15376,15376,0,16691,16691,0,-7.878497
24/07/2020 10:40,202003,EAST AFRICA,ETHIOPIA,MANCHESTER,ADDIS ABABA,3174,3174,0,2456,2456,0,29.234528
24/07/2020 10:40,202003,EAST AFRICA,KENYA,HEATHROW,NAIROBI,16764,16764,0,24717,24717,0,-32.176235
24/07/2020 10:40,202003,EAST AFRICA,RWANDA,GATWICK,KIGALI,953,953,0,962,962,0,-0.935551
24/07/2020 10:40,202003,WEST AFRICA,GAMBIA,GATWICK,BANJUL,2258,169,2089,8172,5985,2187,-72.369065
24/07/2020 10:40,202003,WEST AFRICA,GAMBIA,BIRMINGHAM,BANJUL,782,283,499,2856,2856,0,-72.619048
24/07/2020 10:40,202003,WEST AFRICA,GAMBIA,MANCHESTER,BANJUL,1355,1355,0,5620,5620,0,-75.88968
24/07/2020 10:40,202003,WEST AFRICA,GHANA,GATWICK,ACCRA,0,0,0,84,0,84,-100
24/07/2020 10:40,202003,WEST AFRICA,GHANA,HEATHROW,ACCRA,11845,11845,0,18665,18665,0,-36.538977
24/07/2020 10:40,202003,WEST AFRICA,GHANA,STANSTED,ACCRA,342,0,342,0,0,0,0
24/07/2020 10:40,202003,WEST AFRICA,NIGERIA,HEATHROW,ABUJA,6913,6913,0,9527,9527,0,-27.437808
24/07/2020 10:40,202003,WEST AFRICA,NIGERIA,HEATHROW,LAGOS,20527,20527,0,28682,28682,0,-28.432466
24/07/2020 10:40,202003,CENTRAL AFRICA,ANGOLA,GATWICK,LUANDA,114,0,114,0,0,0,0
24/07/2020 10:40,202003,SOUTHERN AFRICA,REPUBLIC OF SOUTH AFRICA,GATWICK,CAPE TOWN,5689,5587,102,10580,10580,0,-46.228733
24/07/2020 10:40,202003,SOUTHERN AFRICA,REPUBLIC OF SOUTH AFRICA,HEATHROW,CAPE TOWN,26532,26532,0,39241,39241,0,-32.387044
24/07/2020 10:40,202003,SOUTHERN AFRICA,REPUBLIC OF SOUTH AFRICA,HEATHROW,DURBAN,3683,3683,0,5609,5609,0,-34.337672
24/07/2020 10:40,202003,SOUTHERN AFRICA,REPUBLIC OF SOUTH AFRICA,HEATHROW,JOHANNESBURG,49051,49051,0,93609,93609,0,-47.600124
24/07/2020 10:40,202003,MIDDLE EAST,BAHRAIN,HEATHROW,BAHRAIN,17951,17951,0,32419,32419,0,-44.62815
24/07/2020 10:40,202003,MIDDLE EAST,IRAN,HEATHROW,TEHRAN IMAM KHOMEINI,2416,2416,0,4849,4849,0,-50.175294
24/07/2020 10:40,202003,MIDDLE EAST,IRAQ,GATWICK,BAGHDAD (GECA),0,0,0,638,638,0,-100
24/07/2020 10:40,202003,MIDDLE EAST,IRAQ,GATWICK,SULAYMANIYAH INT,0,0,0,880,880,0,-100
24/07/2020 10:40,202003,MIDDLE EAST,IRAQ,MANCHESTER,BAGHDAD (GECA),0,0,0,841,841,0,-100
24/07/2020 10:40,202003,MIDDLE EAST,KUWAIT,GATWICK,KUWAIT,632,632,0,0,0,0,0
24/07/2020 10:40,202003,MIDDLE EAST,KUWAIT,HEATHROW,KUWAIT,11743,11743,0,32935,32935,0,-64.344922
24/07/2020 10:40,202003,MIDDLE EAST,OMAN,HEATHROW,MUSCAT,20117,20117,0,31761,31761,0,-36.661314
24/07/2020 10:40,202003,MIDDLE EAST,OMAN,MANCHESTER,MUSCAT,6726,6726,0,11833,11833,0,-43.158962
24/07/2020 10:40,202003,MIDDLE EAST,QATAR,GATWICK,DOHA HAMAD,16101,16101,0,24039,24039,0,-33.02134
24/07/2020 10:40,202003,MIDDLE EAST,QATAR,HEATHROW,DOHA HAMAD,69710,69710,0,89779,89779,0,-22.35378
24/07/2020 10:40,202003,MIDDLE EAST,QATAR,BIRMINGHAM,DOHA HAMAD,7869,7869,0,11485,11485,0,-31.484545
24/07/2020 10:40,202003,MIDDLE EAST,QATAR,CARDIFF WALES,DOHA HAMAD,5192,5192,0,6106,6106,0,-14.968883
24/07/2020 10:40,202003,MIDDLE EAST,QATAR,EDINBURGH,DOHA HAMAD,8399,8399,0,11523,11523,0,-27.110995
24/07/2020 10:40,202003,MIDDLE EAST,QATAR,MANCHESTER,DOHA HAMAD,31813,31813,0,27335,27335,0,16.381928
24/07/2020 10:40,202003,MIDDLE EAST,QATAR,MANCHESTER,DOHA INTERNATIONAL,0,0,0,5891,5891,0,-100
24/07/2020 10:40,202003,MIDDLE EAST,SAUDI ARABIA,HEATHROW,DAMMAM,1109,1109,0,0,0,0,0
24/07/2020 10:40,202003,MIDDLE EAST,SAUDI ARABIA,HEATHROW,JEDDAH,7037,7037,0,17150,17150,0,-58.96793
24/07/2020 10:40,202003,MIDDLE EAST,SAUDI ARABIA,HEATHROW,RIYADH,9614,9614,0,19840,19840,0,-51.542339
24/07/2020 10:40,202003,MIDDLE EAST,SAUDI ARABIA,MANCHESTER,JEDDAH,2342,2342,0,6942,6942,0,-66.263325
24/07/2020 10:40,202003,MIDDLE EAST,UNITED ARAB EMIRATES,GATWICK,DUBAI,53156,53156,0,79858,79858,0,-33.43685
24/07/2020 10:40,202003,MIDDLE EAST,UNITED ARAB EMIRATES,HEATHROW,ABU DHABI INTERNATIONAL,50852,50852,0,75468,75468,0,-32.617798
24/07/2020 10:40,202003,MIDDLE EAST,UNITED ARAB EMIRATES,HEATHROW,DUBAI,121434,121434,0,202980,202980,0,-40.174401
24/07/2020 10:40,202003,MIDDLE EAST,UNITED ARAB EMIRATES,STANSTED,DUBAI,25817,25817,0,18484,18484,0,39.672149
24/07/2020 10:40,202003,MIDDLE EAST,UNITED ARAB EMIRATES,BIRMINGHAM,DUBAI,39848,39848,0,62665,62665,0,-36.411075
24/07/2020 10:40,202003,MIDDLE EAST,UNITED ARAB EMIRATES,EDINBURGH,DUBAI,10040,10040,0,12564,12564,0,-20.089144
24/07/2020 10:40,202003,MIDDLE EAST,UNITED ARAB EMIRATES,GLASGOW,DUBAI,23001,23001,0,36572,36572,0,-37.107623
24/07/2020 10:40,202003,MIDDLE EAST,UNITED ARAB EMIRATES,MANCHESTER,ABU DHABI INTERNATIONAL,23201,23201,0,34045,34045,0,-31.851961
24/07/2020 10:40,202003,MIDDLE EAST,UNITED ARAB EMIRATES,MANCHESTER,DUBAI,60496,60496,0,90364,88150,2214,-33.052986
24/07/2020 10:40,202003,MIDDLE EAST,UNITED ARAB EMIRATES,NEWCASTLE,DUBAI,13652,13652,0,19924,19924,0,-31.479623
24/07/2020 10:40,202003,INDIAN SUB-CONTINENT,BANGLADESH,HEATHROW,DHAKHA,6995,6995,0,8717,8717,0,-19.754503
24/07/2020 10:40,202003,INDIAN SUB-CONTINENT,BANGLADESH,HEATHROW,SYLHET,1928,1928,0,5707,5707,0,-66.216927
24/07/2020 10:40,202003,INDIAN SUB-CONTINENT,BANGLADESH,MANCHESTER,DHAKHA,4476,4476,0,0,0,0,0
24/07/2020 10:40,202003,INDIAN SUB-CONTINENT,INDIA,GATWICK,GOA,2621,0,2621,8972,6031,2941,-70.786893
24/07/2020 10:40,202003,INDIAN SUB-CONTINENT,INDIA,HEATHROW,AHMEDABAD,4600,4600,0,7506,7506,0,-38.715694
24/07/2020 10:40,202003,INDIAN SUB-CONTINENT,INDIA,HEATHROW,BANGALORE (BENGALURU),9780,9780,0,18233,18233,0,-46.360994
24/07/2020 10:40,202003,INDIAN SUB-CONTINENT,INDIA,HEATHROW,CHENNAI,6719,6719,0,10789,10789,0,-37.723607
24/07/2020 10:40,202003,INDIAN SUB-CONTINENT,INDIA,HEATHROW,DELHI,39451,39451,0,88967,88967,0,-55.656592
24/07/2020 10:40,202003,INDIAN SUB-CONTINENT,INDIA,HEATHROW,HYDERABAD ( RAJIV GHANDI ),6031,6031,0,11696,11696,0,-48.435363
24/07/2020 10:40,202003,INDIAN SUB-CONTINENT,INDIA,HEATHROW,MUMBAI,33657,33657,0,87382,87382,0,-61.482914
24/07/2020 10:40,202003,INDIAN SUB-CONTINENT,INDIA,STANSTED,AMRITSAR,2788,2788,0,0,0,0,0
24/07/2020 10:40,202003,INDIAN SUB-CONTINENT,INDIA,STANSTED,MUMBAI,2496,2496,0,0,0,0,0
24/07/2020 10:40,202003,INDIAN SUB-CONTINENT,INDIA,BIRMINGHAM,AMRITSAR,3566,3566,0,3223,3223,0,10.642259
24/07/2020 10:40,202003,INDIAN SUB-CONTINENT,INDIA,BIRMINGHAM,DELHI,3259,3259,0,2849,2849,0,14.391014
24/07/2020 10:40,202003,INDIAN SUB-CONTINENT,INDIA,BIRMINGHAM,GOA,0,0,0,2123,0,2123,-100
24/07/2020 10:40,202003,INDIAN SUB-CONTINENT,INDIA,MANCHESTER,GOA,3125,0,3125,11416,8463,2953,-72.626139
24/07/2020 10:40,202003,INDIAN SUB-CONTINENT,INDIA,MANCHESTER,MUMBAI,0,0,0,5983,5983,0,-100
24/07/2020 10:40,202003,INDIAN SUB-CONTINENT,PAKISTAN,GATWICK,BENAZIR BHUTTO INTERNATIONAL AIRPORT,0,0,0,51,51,0,-100
24/07/2020 10:40,202003,INDIAN SUB-CONTINENT,PAKISTAN,HEATHROW,ISLAMABAD INTERNATIONAL AIRPORT,12310,12310,0,13531,13531,0,-9.023723
24/07/2020 10:40,202003,INDIAN SUB-CONTINENT,PAKISTAN,HEATHROW,KARACHI,1658,1658,0,4696,4696,0,-64.693356
24/07/2020 10:40,202003,INDIAN SUB-CONTINENT,PAKISTAN,HEATHROW,LAHORE,5736,5736,0,7636,7636,0,-24.882137
24/07/2020 10:40,202003,INDIAN SUB-CONTINENT,PAKISTAN,HEATHROW,SIALKOT,970,970,0,0,0,0,0
24/07/2020 10:40,202003,INDIAN SUB-CONTINENT,PAKISTAN,BIRMINGHAM,ISLAMABAD INTERNATIONAL AIRPORT,6926,6926,0,7612,7612,0,-9.012086
24/07/2020 10:40,202003,INDIAN SUB-CONTINENT,PAKISTAN,MANCHESTER,ISLAMABAD INTERNATIONAL AIRPORT,12704,12704,0,17407,17407,0,-27.017866
24/07/2020 10:40,202003,INDIAN SUB-CONTINENT,PAKISTAN,MANCHESTER,LAHORE,3133,3133,0,4958,4958,0,-36.809197
24/07/2020 10:40,202003,INDIAN SUB-CONTINENT,SRI LANKA,GATWICK,COLOMBO,0,0,0,2317,0,2317,-100
24/07/2020 10:40,202003,INDIAN SUB-CONTINENT,SRI LANKA,HEATHROW,COLOMBO,14504,14504,0,21932,21932,0,-33.86832
24/07/2020 10:40,202003,FAR EAST,BRUNEI,HEATHROW,BANDAR SERI BEGAWAN,6108,6108,0,8355,8355,0,-26.894075
24/07/2020 10:40,202003,FAR EAST,CHINA,GATWICK,CHENGDU,85,0,85,3515,3515,0,-97.581792
24/07/2020 10:40,202003,FAR EAST,CHINA,GATWICK,SHANGHAI (PU DONG),2899,2899,0,4401,4401,0,-34.128607
24/07/2020 10:40,202003,FAR EAST,CHINA,HEATHROW,BEIJING,11788,11788,0,39121,39121,0,-69.867846
24/07/2020 10:40,202003,FAR EAST,CHINA,HEATHROW,CHANGSHA HUANGHUA INTERNATIONAL AIRPORT,0,0,0,1650,1650,0,-100
24/07/2020 10:40,202003,FAR EAST,CHINA,HEATHROW,CHONGQING JIANGBEI INTERNATIONAL,0,0,0,1002,1002,0,-100
24/07/2020 10:40,202003,FAR EAST,CHINA,HEATHROW,GUANGZHOU BAIYUN INTERNATIONAL,653,653,0,12694,12694,0,-94.855837
24/07/2020 10:40,202003,FAR EAST,CHINA,HEATHROW,QINGDAO,727,727,0,1640,1640,0,-55.670732
24/07/2020 10:40,202003,FAR EAST,CHINA,HEATHROW,SANYA PHOENIX INTERNATIONAL,0,0,0,1228,1228,0,-100
24/07/2020 10:40,202003,FAR EAST,CHINA,HEATHROW,SHANGHAI (PU DONG),8201,8201,0,37598,37598,0,-78.18767
24/07/2020 10:40,202003,FAR EAST,CHINA,HEATHROW,SHENZHEN (HUANGTIAN),0,0,0,4135,4135,0,-100
24/07/2020 10:40,202003,FAR EAST,CHINA,HEATHROW,TIANJIN,0,0,0,342,342,0,-100
24/07/2020 10:40,202003,FAR EAST,CHINA,HEATHROW,WUHAN TIANHE INTERNATIONAL,0,0,0,3235,3235,0,-100
24/07/2020 10:40,202003,FAR EAST,CHINA,HEATHROW,XIAN XIANYANG,0,0,0,1873,1873,0,-100
24/07/2020 10:40,202003,FAR EAST,CHINA,EDINBURGH,BEIJING,0,0,0,1516,1516,0,-100
24/07/2020 10:40,202003,FAR EAST,CHINA,MANCHESTER,BEIJING,0,0,0,4812,4812,0,-100
24/07/2020 10:40,202003,FAR EAST,HONG KONG,GATWICK,HONG KONG (CHEK LAP KOK),0,0,0,13165,13165,0,-100
24/07/2020 10:40,202003,FAR EAST,HONG KONG,HEATHROW,HONG KONG (CHEK LAP KOK),45230,45230,0,131279,131279,0,-65.54666
24/07/2020 10:40,202003,FAR EAST,HONG KONG,MANCHESTER,HONG KONG (CHEK LAP KOK),4463,4463,0,15281,15281,0,-70.793796
24/07/2020 10:40,202003,FAR EAST,INDONESIA,HEATHROW,BALI INTERNATIONAL,0,0,0,568,568,0,-100
24/07/2020 10:40,202003,FAR EAST,INDONESIA,HEATHROW,JAKARTA (SOEKARNO-HATTA INTNL),0,0,0,476,476,0,-100
24/07/2020 10:40,202003,FAR EAST,JAPAN,HEATHROW,OSAKA (KANSAI),2773,2773,0,215,215,0,1189.767442
24/07/2020 10:40,202003,FAR EAST,JAPAN,HEATHROW,TOKYO (HANEDA),24540,24540,0,52327,52327,0,-53.102605
24/07/2020 10:40,202003,FAR EAST,JAPAN,HEATHROW,TOKYO (NARITA),6206,6206,0,12793,12793,0,-51.489096
24/07/2020 10:40,202003,FAR EAST,MALAYSIA,GATWICK,LANGKAWI,0,0,0,1449,0,1449,-100
24/07/2020 10:40,202003,FAR EAST,MALAYSIA,HEATHROW,KUALA LUMPUR (SEPANG),24619,24619,0,38340,38340,0,-35.787689
24/07/2020 10:40,202003,FAR EAST,MALAYSIA,BIRMINGHAM,LANGKAWI,0,0,0,1157,0,1157,-100
24/07/2020 10:40,202003,FAR EAST,MALAYSIA,MANCHESTER,LANGKAWI,0,0,0,1449,0,1449,-100
24/07/2020 10:40,202003,FAR EAST,PHILIPPINES,HEATHROW,MANILA,4859,4859,0,7571,7571,0,-35.820896
24/07/2020 10:40,202003,FAR EAST,REPUBLIC OF KOREA,HEATHROW,SEOUL (INCHEON),10866,10866,0,37501,37501,0,-71.024773
24/07/2020 10:40,202003,FAR EAST,SINGAPORE,HEATHROW,SINGAPORE,76514,76514,0,124182,124182,0,-38.385595
24/07/2020 10:40,202003,FAR EAST,SINGAPORE,MANCHESTER,SINGAPORE,6019,6019,0,7817,7817,0,-23.001151
24/07/2020 10:40,202003,FAR EAST,TAIWAN,GATWICK,TAIPEI,4699,4699,0,7622,7622,0,-38.349515
24/07/2020 10:40,202003,FAR EAST,TAIWAN,HEATHROW,TAIPEI,1363,1363,0,2355,2355,0,-42.123142
24/07/2020 10:40,202003,FAR EAST,THAILAND,GATWICK,PHUKET,1610,0,1610,2962,0,2962,-45.644835
24/07/2020 10:40,202003,FAR EAST,THAILAND,GATWICK,U-TAPAO,663,0,663,1129,0,1129,-41.275465
24/07/2020 10:40,202003,FAR EAST,THAILAND,HEATHROW,BANGKOK SUVARNABHUMI ,53056,53056,0,73765,73765,0,-28.07429
24/07/2020 10:40,202003,FAR EAST,THAILAND,BIRMINGHAM,U-TAPAO,1307,263,1044,1178,0,1178,10.950764
24/07/2020 10:40,202003,FAR EAST,THAILAND,MANCHESTER,PHUKET,1456,0,1456,2281,0,2281,-36.168347
24/07/2020 10:40,202003,FAR EAST,THAILAND,MANCHESTER,U-TAPAO,838,0,838,1165,0,1165,-28.06867
24/07/2020 10:40,202003,FAR EAST,VIETNAM,GATWICK,PHU QUOC INTERNATIONAL,826,0,826,1775,0,1775,-53.464789
24/07/2020 10:40,202003,FAR EAST,VIETNAM,HEATHROW,HANOI,4597,4597,0,8282,8282,0,-44.494084
24/07/2020 10:40,202003,FAR EAST,VIETNAM,HEATHROW,HO CHI MINH CITY,3481,3481,0,5876,5876,0,-40.75902
24/07/2020 10:40,202003,AUSTRALASIA,AUSTRALIA,HEATHROW,DARWIN,1617,1617,0,0,0,0,0
24/07/2020 10:40,202003,AUSTRALASIA,AUSTRALIA,HEATHROW,MELBOURNE,1082,1082,0,1262,1262,0,-14.263074
24/07/2020 10:40,202003,AUSTRALASIA,AUSTRALIA,HEATHROW,PERTH (AUSTRALIA),10474,10474,0,11421,11421,0,-8.291743
24/07/2020 10:40,202003,AUSTRALASIA,AUSTRALIA,HEATHROW,SYDNEY,12913,12913,0,13132,13132,0,-1.667682
24/07/2020 10:40,202003,AUSTRALASIA,NEW ZEALAND,HEATHROW,AUCKLAND INTERNATIONAL,802,802,0,805,805,0,-0.372671
24/07/2020 10:40,202003,CANADA,CANADA,GATWICK,CALGARY,6795,6795,0,6585,6585,0,3.189066
24/07/2020 10:40,202003,CANADA,CANADA,GATWICK,TORONTO,19954,19954,0,28615,28615,0,-30.267342
24/07/2020 10:40,202003,CANADA,CANADA,HEATHROW,CALGARY,9749,9749,0,17078,17078,0,-42.914861
24/07/2020 10:40,202003,CANADA,CANADA,HEATHROW,HALIFAX INT,0,0,0,1668,1668,0,-100
24/07/2020 10:40,202003,CANADA,CANADA,HEATHROW,MONTREAL (DORVAL),15686,15686,0,26767,26767,0,-41.39799
24/07/2020 10:40,202003,CANADA,CANADA,HEATHROW,OTTAWA INTERNATIONAL,3674,3674,0,8786,8786,0,-58.183474
24/07/2020 10:40,202003,CANADA,CANADA,HEATHROW,ST JOHNS,0,0,0,856,856,0,-100
24/07/2020 10:40,202003,CANADA,CANADA,HEATHROW,TORONTO,55961,55961,0,88895,88895,0,-37.048203
24/07/2020 10:40,202003,CANADA,CANADA,HEATHROW,VANCOUVER,27799,27799,0,44135,44135,0,-37.013708
24/07/2020 10:40,202003,CANADA,CANADA,EAST MIDLANDS INTERNATIONAL,CALGARY,203,0,203,0,0,0,0
24/07/2020 10:40,202003,CANADA,CANADA,GLASGOW,TORONTO,2284,2284,0,3436,3436,0,-33.527357
24/07/2020 10:40,202003,CANADA,CANADA,MANCHESTER,TORONTO,2783,2783,0,4167,4167,0,-33.213343
24/07/2020 10:40,202003,UNITED STATES OF AMERICA,USA,GATWICK,AUSTIN (BERGSTROM),2567,2567,0,7624,7624,0,-66.33001
24/07/2020 10:40,202003,UNITED STATES OF AMERICA,USA,GATWICK,BOSTON,7027,7027,0,19152,19152,0,-63.309315
24/07/2020 10:40,202003,UNITED STATES OF AMERICA,USA,GATWICK,CHICAGO (O'HARE),0,0,0,11065,11065,0,-100
24/07/2020 10:40,202003,UNITED STATES OF AMERICA,USA,GATWICK,DENVER INTERNATIONAL,0,0,0,8136,8136,0,-100
24/07/2020 10:40,202003,UNITED STATES OF AMERICA,USA,GATWICK,FORT LAUDERDALE,0,0,0,24017,24017,0,-100
24/07/2020 10:40,202003,UNITED STATES OF AMERICA,USA,GATWICK,HONOLULU,237,0,237,0,0,0,0
24/07/2020 10:40,202003,UNITED STATES OF AMERICA,USA,GATWICK,LAS VEGAS,3912,3912,0,33261,33261,0,-88.238477
24/07/2020 10:40,202003,UNITED STATES OF AMERICA,USA,GATWICK,LOS ANGELES INTERNATIONAL,8580,8580,0,18868,18868,0,-54.526182
24/07/2020 10:40,202003,UNITED STATES OF AMERICA,USA,GATWICK,MIAMI INTERNATIONAL,9745,9745,0,328,328,0,2871.036585
24/07/2020 10:40,202003,UNITED STATES OF AMERICA,USA,GATWICK,NEW YORK (JF KENNEDY),24444,24444,0,54104,54104,0,-54.820346
24/07/2020 10:40,202003,UNITED STATES OF AMERICA,USA,GATWICK,OAKLAND,0,0,0,7852,7852,0,-100
24/07/2020 10:40,202003,UNITED STATES OF AMERICA,USA,GATWICK,ORLANDO,32284,32284,0,63971,63971,0,-49.533382
24/07/2020 10:40,202003,UNITED STATES OF AMERICA,USA,GATWICK,SAN FRANCISCO,4410,4410,0,321,321,0,1273.831776
24/07/2020 10:40,202003,UNITED STATES OF AMERICA,USA,GATWICK,SANFORD,0,0,0,667,0,667,-100
24/07/2020 10:40,202003,UNITED STATES OF AMERICA,USA,GATWICK,SEATTLE (TACOMA),0,0,0,307,307,0,-100
24/07/2020 10:40,202003,UNITED STATES OF AMERICA,USA,GATWICK,TAMPA,8456,8456,0,17664,17664,0,-52.128623
24/07/2020 10:40,202003,UNITED STATES OF AMERICA,USA,HEATHROW,ATLANTA,27413,27413,0,54644,54644,0,-49.833468
24/07/2020 10:40,202003,UNITED STATES OF AMERICA,USA,HEATHROW,AUSTIN (BERGSTROM),5344,5344,0,15961,15961,0,-66.518389
24/07/2020 10:40,202003,UNITED STATES OF AMERICA,USA,HEATHROW,BALTIMORE,3495,3495,0,11256,11256,0,-68.949893
24/07/2020 10:40,202003,UNITED STATES OF AMERICA,USA,HEATHROW,BOSTON,30367,30367,0,61875,61875,0,-50.92202
24/07/2020 10:40,202003,UNITED STATES OF AMERICA,USA,HEATHROW,CHARLOTTE,10225,10225,0,29043,29043,0,-64.793582
24/07/2020 10:40,202003,UNITED STATES OF AMERICA,USA,HEATHROW,CHICAGO (O'HARE),38269,38269,0,94469,94469,0,-59.490415
24/07/2020 10:40,202003,UNITED STATES OF AMERICA,USA,HEATHROW,DALLAS/FORT WORTH,38552,38552,0,66699,66699,0,-42.200033
24/07/2020 10:40,202003,UNITED STATES OF AMERICA,USA,HEATHROW,DENVER INTERNATIONAL,9745,9745,0,18382,18382,0,-46.986182
24/07/2020 10:40,202003,UNITED STATES OF AMERICA,USA,HEATHROW,DETROIT,4174,4174,0,19267,19267,0,-78.336015
24/07/2020 10:40,202003,UNITED STATES OF AMERICA,USA,HEATHROW,HOUSTON,14292,14292,0,43729,43729,0,-67.316884
24/07/2020 10:40,202003,UNITED STATES OF AMERICA,USA,HEATHROW,LAS VEGAS,15955,15955,0,19688,19688,0,-18.960788
24/07/2020 10:40,202003,UNITED STATES OF AMERICA,USA,HEATHROW,LOS ANGELES INTERNATIONAL,74674,74374,300,133949,133949,0,-44.251917
24/07/2020 10:40,202003,UNITED STATES OF AMERICA,USA,HEATHROW,MIAMI INTERNATIONAL,58768,58768,0,100804,100804,0,-41.700726
24/07/2020 10:40,202003,UNITED STATES OF AMERICA,USA,HEATHROW,MINNEAPOLIS-ST PAUL,4057,4057,0,11454,11454,0,-64.580059
24/07/2020 10:40,202003,UNITED STATES OF AMERICA,USA,HEATHROW,NASHVILLE METROPOLITAN,3365,3365,0,6220,6220,0,-45.900322
24/07/2020 10:40,202003,UNITED STATES OF AMERICA,USA,HEATHROW,NEW ORLEANS,3644,3644,0,8430,8430,0,-56.773428
24/07/2020 10:40,202003,UNITED STATES OF AMERICA,USA,HEATHROW,NEW YORK (JF KENNEDY),117756,117756,0,241361,241361,0,-51.21167
24/07/2020 10:40,202003,UNITED STATES OF AMERICA,USA,HEATHROW,NEW YORK (NEWARK),32674,32674,0,80222,80222,0,-59.270524
24/07/2020 10:40,202003,UNITED STATES OF AMERICA,USA,HEATHROW,ORLANDO,0,0,0,433,433,0,-100
24/07/2020 10:40,202003,UNITED STATES OF AMERICA,USA,HEATHROW,PHILADELPHIA INTERNATIONAL,10742,10742,0,36606,36606,0,-70.655084
24/07/2020 10:40,202003,UNITED STATES OF AMERICA,USA,HEATHROW,PHOENIX,10078,10078,0,19546,19546,0,-48.439578
24/07/2020 10:40,202003,UNITED STATES OF AMERICA,USA,HEATHROW,PITTSBURGH,1710,1710,0,0,0,0,0
24/07/2020 10:40,202003,UNITED STATES OF AMERICA,USA,HEATHROW,RALEIGH,3716,3716,0,12511,12511,0,-70.298138
24/07/2020 10:40,202003,UNITED STATES OF AMERICA,USA,HEATHROW,SALT LAKE CITY,3587,3587,0,0,0,0,0
24/07/2020 10:40,202003,UNITED STATES OF AMERICA,USA,HEATHROW,SAN DIEGO,6527,6527,0,14955,14955,0,-56.355734
24/07/2020 10:40,202003,UNITED STATES OF AMERICA,USA,HEATHROW,SAN FRANCISCO,34906,34906,0,83962,83962,0,-58.426431
24/07/2020 10:40,202003,UNITED STATES OF AMERICA,USA,HEATHROW,SAN JOSE,2915,2915,0,10945,10945,0,-73.366834
24/07/2020 10:40,202003,UNITED STATES OF AMERICA,USA,HEATHROW,SEATTLE (TACOMA),12290,12290,0,34893,34893,0,-64.778036
24/07/2020 10:40,202003,UNITED STATES OF AMERICA,USA,HEATHROW,WASHINGTON (DULLES),28665,28665,0,68120,68120,0,-57.919847
24/07/2020 10:40,202003,UNITED STATES OF AMERICA,USA,LONDON CITY,NEW YORK (JF KENNEDY),325,325,0,1024,1024,0,-68.261719
24/07/2020 10:40,202003,UNITED STATES OF AMERICA,USA,BRISTOL,SANFORD,0,0,0,627,0,627,-100
24/07/2020 10:40,202003,UNITED STATES OF AMERICA,USA,EDINBURGH,NEW YORK (JF KENNEDY),4081,4081,0,319,319,0,1179.310345
24/07/2020 10:40,202003,UNITED STATES OF AMERICA,USA,EDINBURGH,NEW YORK (NEWARK),5033,5033,0,9780,9780,0,-48.537832
24/07/2020 10:40,202003,UNITED STATES OF AMERICA,USA,EDINBURGH,NEWBURGH/USA,0,0,0,1840,1840,0,-100
24/07/2020 10:40,202003,UNITED STATES OF AMERICA,USA,GLASGOW,ORLANDO,0,0,0,1524,1524,0,-100
24/07/2020 10:40,202003,UNITED STATES OF AMERICA,USA,MANCHESTER,ATLANTA,3636,3636,0,9626,9626,0,-62.227301
24/07/2020 10:40,202003,UNITED STATES OF AMERICA,USA,MANCHESTER,HOUSTON,2407,2407,0,5436,5436,0,-55.721118
24/07/2020 10:40,202003,UNITED STATES OF AMERICA,USA,MANCHESTER,LAS VEGAS,0,0,0,1561,1561,0,-100
24/07/2020 10:40,202003,UNITED STATES OF AMERICA,USA,MANCHESTER,NEW YORK (JF KENNEDY),8013,8013,0,19937,19937,0,-59.808396
24/07/2020 10:40,202003,UNITED STATES OF AMERICA,USA,MANCHESTER,NEW YORK (NEWARK),5743,5743,0,9237,9237,0,-37.826134
24/07/2020 10:40,202003,UNITED STATES OF AMERICA,USA,MANCHESTER,ORLANDO,11979,11979,0,24581,24581,0,-51.267239
24/07/2020 10:40,202003,UNITED STATES OF AMERICA,USA,MANCHESTER,PHILADELPHIA INTERNATIONAL,3810,3810,0,10247,10247,0,-62.818386
24/07/2020 10:40,202003,CENTRAL AMERICA,COSTA RICA,GATWICK,LIBERIA,2242,0,2242,2341,0,2341,-4.228962
24/07/2020 10:40,202003,CENTRAL AMERICA,COSTA RICA,GATWICK,SAN JOSE COST RICA,5064,5064,0,6582,6582,0,-23.062899
24/07/2020 10:40,202003,CENTRAL AMERICA,CUBA,GATWICK,HAVANA,2967,2967,0,7014,7014,0,-57.698888
24/07/2020 10:40,202003,CENTRAL AMERICA,CUBA,GATWICK,HOLGUIN (FRANK PAIS),0,0,0,2483,2483,0,-100
24/07/2020 10:40,202003,CENTRAL AMERICA,CUBA,HEATHROW,HAVANA,996,342,654,0,0,0,0
24/07/2020 10:40,202003,CENTRAL AMERICA,CUBA,MANCHESTER,CUNAGUA (CAYO COCO),0,0,0,2495,2495,0,-100
24/07/2020 10:40,202003,CENTRAL AMERICA,CUBA,MANCHESTER,HOLGUIN (FRANK PAIS),0,0,0,3533,3533,0,-100
24/07/2020 10:40,202003,CENTRAL AMERICA,CUBA,MANCHESTER,VARADERO,0,0,0,3151,3151,0,-100
24/07/2020 10:40,202003,CENTRAL AMERICA,DOMINICAN REPUBLIC,GATWICK,PUNTA CANA,10437,7308,3129,12762,7652,5110,-18.218148
24/07/2020 10:40,202003,CENTRAL AMERICA,DOMINICAN REPUBLIC,BIRMINGHAM,PUNTA CANA,0,0,0,707,0,707,-100
24/07/2020 10:40,202003,CENTRAL AMERICA,DOMINICAN REPUBLIC,MANCHESTER,PUNTA CANA,3386,0,3386,5562,0,5562,-39.122618
24/07/2020 10:40,202003,CENTRAL AMERICA,MEXICO,GATWICK,CANCUN,17799,17799,0,20705,20705,0,-14.035257
24/07/2020 10:40,202003,CENTRAL AMERICA,MEXICO,GATWICK,LOS CABOS,1475,0,1475,0,0,0,0
24/07/2020 10:40,202003,CENTRAL AMERICA,MEXICO,GATWICK,MEXICO CITY,141,0,141,0,0,0,0
24/07/2020 10:40,202003,CENTRAL AMERICA,MEXICO,GATWICK,PUERTO VALLARTA,0,0,0,2991,0,2991,-100
24/07/2020 10:40,202003,CENTRAL AMERICA,MEXICO,HEATHROW,MEXICO CITY,15723,15723,0,20040,20040,0,-21.541916
24/07/2020 10:40,202003,CENTRAL AMERICA,MEXICO,HEATHROW,PUERTO VALLARTA,0,0,0,287,0,287,-100
24/07/2020 10:40,202003,CENTRAL AMERICA,MEXICO,BIRMINGHAM,CANCUN,4401,4401,0,5590,5590,0,-21.270125
24/07/2020 10:40,202003,CENTRAL AMERICA,MEXICO,BRISTOL,CANCUN,0,0,0,658,0,658,-100
24/07/2020 10:40,202003,CENTRAL AMERICA,MEXICO,EAST MIDLANDS INTERNATIONAL,CANCUN,0,0,0,283,283,0,-100
24/07/2020 10:40,202003,CENTRAL AMERICA,MEXICO,MANCHESTER,CANCUN,7079,6872,207,13444,13444,0,-47.34454
24/07/2020 10:40,202003,CENTRAL AMERICA,MEXICO,MANCHESTER,PUERTO VALLARTA,4076,0,4076,3339,0,3339,22.072477
24/07/2020 10:40,202003,SOUTH AMERICA,ARGENTINA,GATWICK,BUENOS AIRES,5904,5904,0,12897,12897,0,-54.221912
24/07/2020 10:40,202003,SOUTH AMERICA,ARGENTINA,HEATHROW,BUENOS AIRES,7358,7358,0,15169,15169,0,-51.493177
24/07/2020 10:40,202003,SOUTH AMERICA,BRAZIL,GATWICK,RIO DE JANEIRO (GALEAO),6114,6114,0,319,319,0,1816.61442
24/07/2020 10:40,202003,SOUTH AMERICA,BRAZIL,HEATHROW,RECIFE,172,0,172,0,0,0,0
24/07/2020 10:40,202003,SOUTH AMERICA,BRAZIL,HEATHROW,RIO DE JANEIRO (GALEAO),8541,8541,0,11580,11580,0,-26.243523
24/07/2020 10:40,202003,SOUTH AMERICA,BRAZIL,HEATHROW,SAO PAULO (GUARULHOS),29313,29127,186,38158,38158,0,-23.179936
24/07/2020 10:40,202003,SOUTH AMERICA,CHILE,HEATHROW,SANTIAGO DE CHILE,6950,6768,182,7483,7483,0,-7.122812
24/07/2020 10:40,202003,SOUTH AMERICA,COLOMBIA,HEATHROW,BOGOTA,8415,8415,0,13136,13136,0,-35.939403
24/07/2020 10:40,202003,SOUTH AMERICA,PERU,GATWICK,JORGE CHAVEZ INTERNATIONAL,577,0,577,282,282,0,104.609929
24/07/2020 10:40,202003,SOUTH AMERICA,PERU,HEATHROW,JORGE CHAVEZ INTERNATIONAL,686,0,686,0,0,0,0
24/07/2020 10:40,202003,CARIBBEAN AREA,ANTIGUA AND BARBUDA,GATWICK,ANTIGUA,14265,14265,0,18566,18566,0,-23.166002
24/07/2020 10:40,202003,CARIBBEAN AREA,ANTIGUA AND BARBUDA,HEATHROW,ANTIGUA,969,969,0,0,0,0,0
24/07/2020 10:40,202003,CARIBBEAN AREA,ANTIGUA AND BARBUDA,MANCHESTER,ANTIGUA,0,0,0,1258,1258,0,-100
24/07/2020 10:40,202003,CARIBBEAN AREA,ANTIGUA AND BARBUDA,MANCHESTER,ST MAARTEN,232,0,232,0,0,0,0
24/07/2020 10:40,202003,CARIBBEAN AREA,BAHAMAS,HEATHROW,NASSAU,3260,3260,0,5575,5575,0,-41.524664
24/07/2020 10:40,202003,CARIBBEAN AREA,BARBADOS,GATWICK,BRIDGETOWN,39777,30115,9662,57187,40503,16684,-30.443982
24/07/2020 10:40,202003,CARIBBEAN AREA,BARBADOS,HEATHROW,BRIDGETOWN,400,1,399,0,0,0,0
24/07/2020 10:40,202003,CARIBBEAN AREA,BARBADOS,STANSTED,BRIDGETOWN,0,0,0,271,0,271,-100
24/07/2020 10:40,202003,CARIBBEAN AREA,BARBADOS,BELFAST INTERNATIONAL,BRIDGETOWN,284,0,284,0,0,0,0
24/07/2020 10:40,202003,CARIBBEAN AREA,BARBADOS,BIRMINGHAM,BRIDGETOWN,6360,0,6360,9372,0,9372,-32.138284
24/07/2020 10:40,202003,CARIBBEAN AREA,BARBADOS,BOURNEMOUTH,BRIDGETOWN,0,0,0,277,0,277,-100
24/07/2020 10:40,202003,CARIBBEAN AREA,BARBADOS,CARDIFF WALES,BRIDGETOWN,548,0,548,866,0,866,-36.720554
24/07/2020 10:40,202003,CARIBBEAN AREA,BARBADOS,GLASGOW,BRIDGETOWN,1499,0,1499,868,0,868,72.695853
24/07/2020 10:40,202003,CARIBBEAN AREA,BARBADOS,MANCHESTER,BRIDGETOWN,12174,5473,6701,20925,8016,12909,-41.820789
24/07/2020 10:40,202003,CARIBBEAN AREA,BARBADOS,NEWCASTLE,BRIDGETOWN,859,859,0,893,893,0,-3.807391
24/07/2020 10:40,202003,CARIBBEAN AREA,BERMUDA,GATWICK,BERMUDA,3439,3439,0,6376,6376,0,-46.063363
24/07/2020 10:40,202003,CARIBBEAN AREA,CAYMAN ISLANDS,HEATHROW,GRAND CAYMAN,2420,2420,0,2966,2966,0,-18.408631
24/07/2020 10:40,202003,CARIBBEAN AREA,GRENADA,GATWICK,GRENADA,3489,3489,0,3737,3737,0,-6.636339
24/07/2020 10:40,202003,CARIBBEAN AREA,JAMAICA,GATWICK,KINGSTON,5568,5568,0,7829,7829,0,-28.879806
24/07/2020 10:40,202003,CARIBBEAN AREA,JAMAICA,GATWICK,MONTEGO BAY,12245,6232,6013,19373,9892,9481,-36.793475
24/07/2020 10:40,202003,CARIBBEAN AREA,JAMAICA,HEATHROW,MONTEGO BAY,250,250,0,250,0,250,0
24/07/2020 10:40,202003,CARIBBEAN AREA,JAMAICA,STANSTED,MONTEGO BAY,0,0,0,517,0,517,-100
24/07/2020 10:40,202003,CARIBBEAN AREA,JAMAICA,BIRMINGHAM,MONTEGO BAY,1702,0,1702,2670,0,2670,-36.254682
24/07/2020 10:40,202003,CARIBBEAN AREA,JAMAICA,CARDIFF WALES,MONTEGO BAY,0,0,0,294,0,294,-100
24/07/2020 10:40,202003,CARIBBEAN AREA,JAMAICA,DONCASTER SHEFFIELD,MONTEGO BAY,611,0,611,0,0,0,0
24/07/2020 10:40,202003,CARIBBEAN AREA,JAMAICA,EAST MIDLANDS INTERNATIONAL,MONTEGO BAY,0,0,0,297,0,297,-100
24/07/2020 10:40,202003,CARIBBEAN AREA,JAMAICA,GLASGOW,MONTEGO BAY,0,0,0,594,0,594,-100
24/07/2020 10:40,202003,CARIBBEAN AREA,JAMAICA,MANCHESTER,MONTEGO BAY,6270,0,6270,9474,0,9474,-33.818873
24/07/2020 10:40,202003,CARIBBEAN AREA,JAMAICA,NEWCASTLE,MONTEGO BAY,300,300,0,300,300,0,0
24/07/2020 10:40,202003,CARIBBEAN AREA,SAINT KITTS AND NEVIS,GATWICK,ST KITTS,1102,1102,0,1920,1920,0,-42.604167
24/07/2020 10:40,202003,CARIBBEAN AREA,ST LUCIA,GATWICK,ST LUCIA (HEWANORRA),12051,11470,581,18737,16008,2729,-35.683407
24/07/2020 10:40,202003,CARIBBEAN AREA,ST LUCIA,MANCHESTER,ST LUCIA (HEWANORRA),0,0,0,1182,1182,0,-100
24/07/2020 10:40,202003,CARIBBEAN AREA,TRINIDAD AND TOBAGO,GATWICK,PORT OF SPAIN,4447,4447,0,5755,5755,0,-22.728063
24/07/2020 10:40,202003,CARIBBEAN AREA,TRINIDAD AND TOBAGO,GATWICK,TOBAGO,2340,2340,0,3195,3195,0,-26.760563
24/07/2020 10:40,202003,CARIBBEAN AREA,TRINIDAD AND TOBAGO,MANCHESTER,TOBAGO,0,0,0,1221,1221,0,-100
24/07/2020 10:40,202003,CARIBBEAN AREA,TURKS AND CAICOS ISLANDS,GATWICK,PROVIDENCIALES,591,591,0,791,791,0,-25.28445
24/07/2020 10:40,202003,INDIAN OCEAN ISLANDS,MALDIVE ISLANDS,GATWICK,MALE INTERNATIONAL,5660,5660,0,5891,5891,0,-3.921236
24/07/2020 10:40,202003,INDIAN OCEAN ISLANDS,MAURITIUS,GATWICK,MAURITIUS,9556,9556,0,12311,12311,0,-22.378361
24/07/2020 10:40,202003,INDIAN OCEAN ISLANDS,MAURITIUS,HEATHROW,MAURITIUS,4199,4199,0,6093,6093,0,-31.084851
24/07/2020 10:40,202003,INDIAN OCEAN ISLANDS,SEYCHELLES,HEATHROW,SEYCHELLES,2464,2464,0,3528,3528,0,-30.15873
24/07/2020 10:40,202003,ATLANTIC OCEAN ISLANDS,CAPE VERDE ISLANDS,GATWICK,BOA VISTA (RABIL),5054,4423,631,7492,7492,0,-32.541377
24/07/2020 10:40,202003,ATLANTIC OCEAN ISLANDS,CAPE VERDE ISLANDS,GATWICK,ILHA DO SAL C.VERDE,4415,3790,625,7719,7719,0,-42.803472
24/07/2020 10:40,202003,ATLANTIC OCEAN ISLANDS,CAPE VERDE ISLANDS,STANSTED,ILHA DO SAL C.VERDE,217,0,217,0,0,0,0
24/07/2020 10:40,202003,ATLANTIC OCEAN ISLANDS,CAPE VERDE ISLANDS,BIRMINGHAM,BOA VISTA (RABIL),2552,2470,82,3699,3699,0,-31.008381
24/07/2020 10:40,202003,ATLANTIC OCEAN ISLANDS,CAPE VERDE ISLANDS,BIRMINGHAM,ILHA DO SAL C.VERDE,1938,1938,0,3037,3037,0,-36.187027
24/07/2020 10:40,202003,ATLANTIC OCEAN ISLANDS,CAPE VERDE ISLANDS,BRISTOL,ILHA DO SAL C.VERDE,978,0,978,1437,0,1437,-31.941545
24/07/2020 10:40,202003,ATLANTIC OCEAN ISLANDS,CAPE VERDE ISLANDS,MANCHESTER,BOA VISTA (RABIL),3571,3571,0,5519,5519,0,-35.296249
24/07/2020 10:40,202003,ATLANTIC OCEAN ISLANDS,CAPE VERDE ISLANDS,MANCHESTER,ILHA DO SAL C.VERDE,3441,3406,35,5558,5558,0,-38.089241
24/07/2020 10:40,202003,OIL RIGS,OIL RIGS,ABERDEEN,OIL RIGS,29899,0,29899,34287,0,34287,-12.797853
24/07/2020 10:40,202003,OIL RIGS,OIL RIGS,BLACKPOOL,OIL RIGS,1000,0,1000,759,0,759,31.752306
24/07/2020 10:40,202003,OIL RIGS,OIL RIGS,HUMBERSIDE,OIL RIGS,572,0,572,2059,0,2059,-72.219524
24/07/2020 10:40,202003,OIL RIGS,OIL RIGS,NORWICH,OIL RIGS,5199,0,5199,7874,0,7874,-33.972568
24/07/2020 10:40,202003,OIL RIGS,OIL RIGS,SCATSTA,OIL RIGS,3250,0,3250,4356,0,4356,-25.390266
24/07/2020 10:40,202003,OIL RIGS,OIL RIGS,SUMBURGH,OIL RIGS,2353,0,2353,4793,0,4793,-50.907574

