rundate,this_period,foreign_region,foreign_country,UK_airport,foreign_airport,total_pax_this_period,total_pax_scheduled_this_period,total_pax_charter_this_period,total_pax_last_period,total_pax_scheduled_last_period,total_pax_charter_last_period,total_pax_percent
07/04/2020 14:56,202002,WESTERN EUROPE-EU,AUSTRIA,GATWICK,INNSBRUCK,37012,28845,8167,37190,30474,6716,-0.478623
07/04/2020 14:56,202002,WESTERN EUROPE-EU,AUSTRIA,GATWICK,KLAGENFURT,2360,2360,0,2273,2273,0,3.827541
07/04/2020 14:56,202002,WESTERN EUROPE-EU,AUSTRIA,GATWICK,LINZ,180,180,0,0,0,0,0
07/04/2020 14:56,202002,WESTERN EUROPE-EU,AUSTRIA,GATWICK,SALZBURG,24949,20862,4087,21174,17427,3747,17.828469
07/04/2020 14:56,202002,WESTERN EUROPE-EU,AUSTRIA,GATWICK,VIENNA,12229,12229,0,21183,21183,0,-42.269745
07/04/2020 14:56,202002,WESTERN EUROPE-EU,AUSTRIA,HEATHROW,INNSBRUCK,6525,6525,0,7759,7759,0,-15.904111
07/04/2020 14:56,202002,WESTERN EUROPE-EU,AUSTRIA,HEATHROW,SALZBURG,4458,4458,0,3975,3975,0,12.150943
07/04/2020 14:56,202002,WESTERN EUROPE-EU,AUSTRIA,HEATHROW,VIENNA,56015,56015,0,48638,48638,0,15.167153
07/04/2020 14:56,202002,WESTERN EUROPE-EU,AUSTRIA,LUTON,INNSBRUCK,3029,3029,0,2328,2328,0,30.111684
07/04/2020 14:56,202002,WESTERN EUROPE-EU,AUSTRIA,LUTON,SALZBURG,2829,2034,795,3356,1808,1548,-15.703218
07/04/2020 14:56,202002,WESTERN EUROPE-EU,AUSTRIA,LUTON,VIENNA,3122,3122,0,3438,3438,0,-9.19139
07/04/2020 14:56,202002,WESTERN EUROPE-EU,AUSTRIA,STANSTED,INNSBRUCK,3247,554,2693,3318,1230,2088,-2.139843
07/04/2020 14:56,202002,WESTERN EUROPE-EU,AUSTRIA,STANSTED,SALZBURG,12341,10844,1497,13150,11253,1897,-6.152091
07/04/2020 14:56,202002,WESTERN EUROPE-EU,AUSTRIA,STANSTED,VIENNA,17198,17198,0,20206,20102,104,-14.886667
07/04/2020 14:56,202002,WESTERN EUROPE-EU,AUSTRIA,BELFAST CITY (GEORGE BEST),SALZBURG,0,0,0,595,0,595,-100
07/04/2020 14:56,202002,WESTERN EUROPE-EU,AUSTRIA,BELFAST INTERNATIONAL,SALZBURG,3149,1574,1575,2961,1975,986,6.349206
07/04/2020 14:56,202002,WESTERN EUROPE-EU,AUSTRIA,BIGGIN HILL,VIENNA,0,0,0,4,0,4,-100
07/04/2020 14:56,202002,WESTERN EUROPE-EU,AUSTRIA,BIRMINGHAM,INNSBRUCK,5356,1666,3690,2973,0,2973,80.154726
07/04/2020 14:56,202002,WESTERN EUROPE-EU,AUSTRIA,BIRMINGHAM,SALZBURG,3798,2111,1687,3342,1791,1551,13.644524
07/04/2020 14:56,202002,WESTERN EUROPE-EU,AUSTRIA,BIRMINGHAM,VIENNA,6357,6357,0,1567,1567,0,305.679643
07/04/2020 14:56,202002,WESTERN EUROPE-EU,AUSTRIA,BRISTOL,INNSBRUCK,6373,3630,2743,4264,1974,2290,49.4606
07/04/2020 14:56,202002,WESTERN EUROPE-EU,AUSTRIA,BRISTOL,SALZBURG,3888,2246,1642,4168,2669,1499,-6.71785
07/04/2020 14:56,202002,WESTERN EUROPE-EU,AUSTRIA,BRISTOL,VIENNA,2876,2876,0,2165,2165,0,32.840647
07/04/2020 14:56,202002,WESTERN EUROPE-EU,AUSTRIA,DONCASTER SHEFFIELD,SALZBURG,163,163,0,0,0,0,0
07/04/2020 14:56,202002,WESTERN EUROPE-EU,AUSTRIA,EAST MIDLANDS INTERNATIONAL,SALZBURG,2597,1491,1106,2372,1000,1372,9.485666
07/04/2020 14:56,202002,WESTERN EUROPE-EU,AUSTRIA,EDINBURGH,INNSBRUCK,3598,0,3598,2223,0,2223,61.853351
07/04/2020 14:56,202002,WESTERN EUROPE-EU,AUSTRIA,EDINBURGH,SALZBURG,2720,1774,946,2131,1413,718,27.639606
07/04/2020 14:56,202002,WESTERN EUROPE-EU,AUSTRIA,EDINBURGH,VIENNA,6270,6270,0,2495,2495,0,151.302605
07/04/2020 14:56,202002,WESTERN EUROPE-EU,AUSTRIA,GLASGOW,INNSBRUCK,286,0,286,284,0,284,0.704225
07/04/2020 14:56,202002,WESTERN EUROPE-EU,AUSTRIA,GLASGOW,SALZBURG,0,0,0,1357,0,1357,-100
07/04/2020 14:56,202002,WESTERN EUROPE-EU,AUSTRIA,ISLE OF MAN,SALZBURG,0,0,0,140,0,140,-100
07/04/2020 14:56,202002,WESTERN EUROPE-EU,AUSTRIA,LEEDS BRADFORD,SALZBURG,1707,1707,0,1470,1470,0,16.122449
07/04/2020 14:56,202002,WESTERN EUROPE-EU,AUSTRIA,LIVERPOOL (JOHN LENNON),SALZBURG,1381,1381,0,1113,1113,0,24.079066
07/04/2020 14:56,202002,WESTERN EUROPE-EU,AUSTRIA,LIVERPOOL (JOHN LENNON),VIENNA,2385,2385,0,0,0,0,0
07/04/2020 14:56,202002,WESTERN EUROPE-EU,AUSTRIA,MANCHESTER,INNSBRUCK,11016,3613,7403,9460,4545,4915,16.448203
07/04/2020 14:56,202002,WESTERN EUROPE-EU,AUSTRIA,MANCHESTER,SALZBURG,8853,4988,3865,6637,3469,3168,33.388579
07/04/2020 14:56,202002,WESTERN EUROPE-EU,AUSTRIA,MANCHESTER,VIENNA,6112,6112,0,7312,7312,0,-16.411379
07/04/2020 14:56,202002,WESTERN EUROPE-EU,AUSTRIA,NEWCASTLE,INNSBRUCK,1777,1777,0,1308,1308,0,35.856269
07/04/2020 14:56,202002,WESTERN EUROPE-EU,AUSTRIA,NEWCASTLE,SALZBURG,1719,1719,0,1300,1300,0,32.230769
07/04/2020 14:56,202002,WESTERN EUROPE-EU,BELGIUM,GATWICK,BRUSSELS,146,146,0,968,968,0,-84.917355
07/04/2020 14:56,202002,WESTERN EUROPE-EU,BELGIUM,HEATHROW,BRUSSELS,47831,47831,0,49871,49871,0,-4.090554
07/04/2020 14:56,202002,WESTERN EUROPE-EU,BELGIUM,LONDON CITY,ANTWERP,3770,3770,0,0,0,0,0
07/04/2020 14:56,202002,WESTERN EUROPE-EU,BELGIUM,SOUTHEND,ANTWERP,0,0,0,580,580,0,-100
07/04/2020 14:56,202002,WESTERN EUROPE-EU,BELGIUM,STANSTED,BRUSSELS,0,0,0,110,0,110,-100
07/04/2020 14:56,202002,WESTERN EUROPE-EU,BELGIUM,STANSTED,CHARLEROI,128,128,0,0,0,0,0
07/04/2020 14:56,202002,WESTERN EUROPE-EU,BELGIUM,ABERDEEN,BRUSSELS,552,552,0,0,0,0,0
07/04/2020 14:56,202002,WESTERN EUROPE-EU,BELGIUM,BIRMINGHAM,BRUSSELS,11019,11019,0,10601,10601,0,3.943024
07/04/2020 14:56,202002,WESTERN EUROPE-EU,BELGIUM,BRISTOL,BRUSSELS,5191,5191,0,1751,1751,0,196.459166
07/04/2020 14:56,202002,WESTERN EUROPE-EU,BELGIUM,EAST MIDLANDS INTERNATIONAL,BRUSSELS,0,0,0,993,993,0,-100
07/04/2020 14:56,202002,WESTERN EUROPE-EU,BELGIUM,EDINBURGH,BRUSSELS,9806,9806,0,9885,9885,0,-0.799191
07/04/2020 14:56,202002,WESTERN EUROPE-EU,BELGIUM,EDINBURGH,CHARLEROI,6979,6979,0,4997,4997,0,39.663798
07/04/2020 14:56,202002,WESTERN EUROPE-EU,BELGIUM,MANCHESTER,BRUSSELS,18579,18579,0,18413,18413,0,0.901537
07/04/2020 14:56,202002,WESTERN EUROPE-EU,BELGIUM,MANCHESTER,CHARLEROI,11951,11951,0,11505,11505,0,3.876575
07/04/2020 14:56,202002,WESTERN EUROPE-EU,BELGIUM,MANCHESTER,OSTEND,862,0,862,0,0,0,0
07/04/2020 14:56,202002,WESTERN EUROPE-EU,BELGIUM,NEWCASTLE,BRUSSELS,1361,1361,0,1171,1171,0,16.225448
07/04/2020 14:56,202002,WESTERN EUROPE-EU,CROATIA,GATWICK,DUBROVNIK,1840,1840,0,0,0,0,0
07/04/2020 14:56,202002,WESTERN EUROPE-EU,CROATIA,HEATHROW,ZAGREB,11604,11604,0,9566,9566,0,21.304621
07/04/2020 14:56,202002,WESTERN EUROPE-EU,CROATIA,BIRMINGHAM,DUBROVNIK,167,0,167,0,0,0,0
07/04/2020 14:56,202002,WESTERN EUROPE-EU,CROATIA,MANCHESTER,DUBROVNIK,525,0,525,0,0,0,0
07/04/2020 14:56,202002,WESTERN EUROPE-EU,CYPRUS,GATWICK,LARNACA,7806,7806,0,7390,7390,0,5.629229
07/04/2020 14:56,202002,WESTERN EUROPE-EU,CYPRUS,GATWICK,PAPHOS,11211,9368,1843,12703,10053,2650,-11.745257
07/04/2020 14:56,202002,WESTERN EUROPE-EU,CYPRUS,HEATHROW,LARNACA,14568,14568,0,10377,10377,0,40.387395
07/04/2020 14:56,202002,WESTERN EUROPE-EU,CYPRUS,LUTON,LARNACA,9735,9735,0,13608,13608,0,-28.461199
07/04/2020 14:56,202002,WESTERN EUROPE-EU,CYPRUS,LUTON,PAPHOS,4937,4937,0,5437,4655,782,-9.196248
07/04/2020 14:56,202002,WESTERN EUROPE-EU,CYPRUS,STANSTED,LARNACA,1047,1047,0,0,0,0,0
07/04/2020 14:56,202002,WESTERN EUROPE-EU,CYPRUS,STANSTED,PAPHOS,13577,13577,0,11469,10868,601,18.379981
07/04/2020 14:56,202002,WESTERN EUROPE-EU,CYPRUS,BIRMINGHAM,LARNACA,0,0,0,3221,3221,0,-100
07/04/2020 14:56,202002,WESTERN EUROPE-EU,CYPRUS,BIRMINGHAM,PAPHOS,2809,2809,0,2983,1822,1161,-5.833054
07/04/2020 14:56,202002,WESTERN EUROPE-EU,CYPRUS,BOURNEMOUTH,PAPHOS,143,0,143,2214,2051,163,-93.541102
07/04/2020 14:56,202002,WESTERN EUROPE-EU,CYPRUS,BRISTOL,LARNACA,2699,2699,0,2566,2566,0,5.183164
07/04/2020 14:56,202002,WESTERN EUROPE-EU,CYPRUS,BRISTOL,PAPHOS,3316,3316,0,3790,3642,148,-12.506596
07/04/2020 14:56,202002,WESTERN EUROPE-EU,CYPRUS,CARDIFF WALES,PAPHOS,138,0,138,156,0,156,-11.538462
07/04/2020 14:56,202002,WESTERN EUROPE-EU,CYPRUS,DONCASTER SHEFFIELD,PAPHOS,168,0,168,176,0,176,-4.545455
07/04/2020 14:56,202002,WESTERN EUROPE-EU,CYPRUS,EAST MIDLANDS INTERNATIONAL,PAPHOS,716,576,140,733,578,155,-2.319236
07/04/2020 14:56,202002,WESTERN EUROPE-EU,CYPRUS,EDINBURGH,PAPHOS,3925,3925,0,4321,3613,708,-9.164545
07/04/2020 14:56,202002,WESTERN EUROPE-EU,CYPRUS,GLASGOW,PAPHOS,1427,1290,137,1067,899,168,33.739456
07/04/2020 14:56,202002,WESTERN EUROPE-EU,CYPRUS,LEEDS BRADFORD,PAPHOS,552,552,0,700,700,0,-21.142857
07/04/2020 14:56,202002,WESTERN EUROPE-EU,CYPRUS,LIVERPOOL (JOHN LENNON),LARNACA,2003,2003,0,2606,2606,0,-23.13891
07/04/2020 14:56,202002,WESTERN EUROPE-EU,CYPRUS,LIVERPOOL (JOHN LENNON),PAPHOS,2033,2033,0,2134,2134,0,-4.732896
07/04/2020 14:56,202002,WESTERN EUROPE-EU,CYPRUS,MANCHESTER,PAPHOS,14810,11180,3630,12783,9691,3092,15.856998
07/04/2020 14:56,202002,WESTERN EUROPE-EU,CYPRUS,NEWCASTLE,PAPHOS,1917,1917,0,1988,1988,0,-3.571429
07/04/2020 14:56,202002,WESTERN EUROPE-EU,DENMARK,GATWICK,AARHUS (TIRSTRUP),1650,1650,0,1676,1676,0,-1.551313
07/04/2020 14:56,202002,WESTERN EUROPE-EU,DENMARK,GATWICK,COPENHAGEN,53881,53881,0,59506,59506,0,-9.452828
07/04/2020 14:56,202002,WESTERN EUROPE-EU,DENMARK,HEATHROW,BILLUND,7193,7193,0,8610,8610,0,-16.457607
07/04/2020 14:56,202002,WESTERN EUROPE-EU,DENMARK,HEATHROW,COPENHAGEN,65392,65392,0,74329,74329,0,-12.023571
07/04/2020 14:56,202002,WESTERN EUROPE-EU,DENMARK,LONDON CITY,BILLUND,1549,1549,0,1620,1620,0,-4.382716
07/04/2020 14:56,202002,WESTERN EUROPE-EU,DENMARK,LUTON,COPENHAGEN,8002,8002,0,9275,9275,0,-13.725067
07/04/2020 14:56,202002,WESTERN EUROPE-EU,DENMARK,STANSTED,AALBORG,3091,3091,0,4706,4706,0,-34.317892
07/04/2020 14:56,202002,WESTERN EUROPE-EU,DENMARK,STANSTED,AARHUS (TIRSTRUP),6208,6208,0,6309,6309,0,-1.600888
07/04/2020 14:56,202002,WESTERN EUROPE-EU,DENMARK,STANSTED,BILLUND,14530,14530,0,16493,16493,0,-11.902019
07/04/2020 14:56,202002,WESTERN EUROPE-EU,DENMARK,STANSTED,COPENHAGEN,31728,31728,0,23958,23958,0,32.431756
07/04/2020 14:56,202002,WESTERN EUROPE-EU,DENMARK,ABERDEEN,BILLUND,0,0,0,36,36,0,-100
07/04/2020 14:56,202002,WESTERN EUROPE-EU,DENMARK,ABERDEEN,COPENHAGEN,1978,1978,0,1963,1963,0,0.764137
07/04/2020 14:56,202002,WESTERN EUROPE-EU,DENMARK,ABERDEEN,ESBJERG,1080,1080,0,460,460,0,134.782609
07/04/2020 14:56,202002,WESTERN EUROPE-EU,DENMARK,BIRMINGHAM,COPENHAGEN,5771,5771,0,5226,5226,0,10.428626
07/04/2020 14:56,202002,WESTERN EUROPE-EU,DENMARK,BRISTOL,COPENHAGEN,2789,2789,0,2058,2058,0,35.519922
07/04/2020 14:56,202002,WESTERN EUROPE-EU,DENMARK,EDINBURGH,COPENHAGEN,10045,10045,0,11383,11383,0,-11.754371
07/04/2020 14:56,202002,WESTERN EUROPE-EU,DENMARK,GLASGOW,COPENHAGEN,2077,0,2077,0,0,0,0
07/04/2020 14:56,202002,WESTERN EUROPE-EU,DENMARK,LIVERPOOL (JOHN LENNON),COPENHAGEN,2247,2247,0,0,0,0,0
07/04/2020 14:56,202002,WESTERN EUROPE-EU,DENMARK,MANCHESTER,BILLUND,3855,3855,0,1729,1729,0,122.961249
07/04/2020 14:56,202002,WESTERN EUROPE-EU,DENMARK,MANCHESTER,COPENHAGEN,23705,23705,0,25685,25685,0,-7.708779
07/04/2020 14:56,202002,WESTERN EUROPE-EU,FINLAND,GATWICK,ENONTEKIO,394,394,0,290,0,290,35.862069
07/04/2020 14:56,202002,WESTERN EUROPE-EU,FINLAND,GATWICK,HELSINKI,16592,16592,0,18672,18672,0,-11.139674
07/04/2020 14:56,202002,WESTERN EUROPE-EU,FINLAND,GATWICK,IVALO,1839,1839,0,1672,1672,0,9.988038
07/04/2020 14:56,202002,WESTERN EUROPE-EU,FINLAND,GATWICK,KITTILA,2888,995,1893,3006,704,2302,-3.925482
07/04/2020 14:56,202002,WESTERN EUROPE-EU,FINLAND,GATWICK,KUUSAMO,1033,0,1033,1206,0,1206,-14.344942
07/04/2020 14:56,202002,WESTERN EUROPE-EU,FINLAND,GATWICK,ROVANIEMI,5598,5598,0,5569,5569,0,0.52074
07/04/2020 14:56,202002,WESTERN EUROPE-EU,FINLAND,HEATHROW,HELSINKI,55069,55069,0,54230,54230,0,1.547114
07/04/2020 14:56,202002,WESTERN EUROPE-EU,FINLAND,STANSTED,KITTILA,0,0,0,375,0,375,-100
07/04/2020 14:56,202002,WESTERN EUROPE-EU,FINLAND,BIRMINGHAM,ENONTEKIO,228,0,228,235,0,235,-2.978723
07/04/2020 14:56,202002,WESTERN EUROPE-EU,FINLAND,BIRMINGHAM,KUUSAMO,1128,0,1128,825,0,825,36.727273
07/04/2020 14:56,202002,WESTERN EUROPE-EU,FINLAND,BOURNEMOUTH,ENONTEKIO,91,0,91,0,0,0,0
07/04/2020 14:56,202002,WESTERN EUROPE-EU,FINLAND,BRISTOL,ENONTEKIO,315,0,315,320,0,320,-1.5625
07/04/2020 14:56,202002,WESTERN EUROPE-EU,FINLAND,BRISTOL,KITTILA,1327,0,1327,1113,1113,0,19.227314
07/04/2020 14:56,202002,WESTERN EUROPE-EU,FINLAND,DONCASTER SHEFFIELD,ENONTEKIO,210,0,210,234,0,234,-10.25641
07/04/2020 14:56,202002,WESTERN EUROPE-EU,FINLAND,EAST MIDLANDS INTERNATIONAL,ENONTEKIO,0,0,0,178,0,178,-100
07/04/2020 14:56,202002,WESTERN EUROPE-EU,FINLAND,EAST MIDLANDS INTERNATIONAL,KITTILA,139,139,0,0,0,0,0
07/04/2020 14:56,202002,WESTERN EUROPE-EU,FINLAND,EAST MIDLANDS INTERNATIONAL,KUUSAMO,173,173,0,0,0,0,0
07/04/2020 14:56,202002,WESTERN EUROPE-EU,FINLAND,EDINBURGH,HELSINKI,1090,1090,0,1075,1075,0,1.395349
07/04/2020 14:56,202002,WESTERN EUROPE-EU,FINLAND,EXETER,ENONTEKIO,0,0,0,95,0,95,-100
07/04/2020 14:56,202002,WESTERN EUROPE-EU,FINLAND,LEEDS BRADFORD,ENONTEKIO,166,0,166,0,0,0,0
07/04/2020 14:56,202002,WESTERN EUROPE-EU,FINLAND,MANCHESTER,HELSINKI,10220,10220,0,9995,9995,0,2.251126
07/04/2020 14:56,202002,WESTERN EUROPE-EU,FINLAND,MANCHESTER,KITTILA,1483,0,1483,1291,0,1291,14.872192
07/04/2020 14:56,202002,WESTERN EUROPE-EU,FINLAND,MANCHESTER,KUUSAMO,1214,0,1214,1113,0,1113,9.074573
07/04/2020 14:56,202002,WESTERN EUROPE-EU,FINLAND,NEWCASTLE,ENONTEKIO,66,66,0,246,120,126,-73.170732
07/04/2020 14:56,202002,WESTERN EUROPE-EU,FINLAND,NORWICH,ENONTEKIO,338,0,338,0,0,0,0
07/04/2020 14:56,202002,WESTERN EUROPE-EU,FRANCE,GATWICK,BORDEAUX,17979,17979,0,18722,18722,0,-3.968593
07/04/2020 14:56,202002,WESTERN EUROPE-EU,FRANCE,GATWICK,CHAMBERY,12478,138,12340,11565,0,11565,7.894509
07/04/2020 14:56,202002,WESTERN EUROPE-EU,FRANCE,GATWICK,GRENOBLE,22986,8682,14304,26595,10133,16462,-13.57022
07/04/2020 14:56,202002,WESTERN EUROPE-EU,FRANCE,GATWICK,LYON,26456,18675,7781,25518,21123,4395,3.675837
07/04/2020 14:56,202002,WESTERN EUROPE-EU,FRANCE,GATWICK,MARSEILLE,9349,9349,0,8554,8554,0,9.293898
07/04/2020 14:56,202002,WESTERN EUROPE-EU,FRANCE,GATWICK,MONTPELLIER,7225,7225,0,8125,8125,0,-11.076923
07/04/2020 14:56,202002,WESTERN EUROPE-EU,FRANCE,GATWICK,NANTES,11384,11384,0,10826,10826,0,5.154258
07/04/2020 14:56,202002,WESTERN EUROPE-EU,FRANCE,GATWICK,NICE,28860,28860,0,33353,33345,8,-13.471052
07/04/2020 14:56,202002,WESTERN EUROPE-EU,FRANCE,GATWICK,PARIS (CHARLES DE GAULLE),45292,45292,0,39223,39223,0,15.473064
07/04/2020 14:56,202002,WESTERN EUROPE-EU,FRANCE,GATWICK,TOULOUSE (BLAGNAC),19167,16341,2826,18897,17813,1084,1.428798
07/04/2020 14:56,202002,WESTERN EUROPE-EU,FRANCE,HEATHROW,GRENOBLE,1890,1890,0,1006,1006,0,87.872763
07/04/2020 14:56,202002,WESTERN EUROPE-EU,FRANCE,HEATHROW,LYON,21095,21095,0,21938,21938,0,-3.842647
07/04/2020 14:56,202002,WESTERN EUROPE-EU,FRANCE,HEATHROW,MARSEILLE,19972,19972,0,16922,16922,0,18.023874
07/04/2020 14:56,202002,WESTERN EUROPE-EU,FRANCE,HEATHROW,NICE,30216,30216,0,27459,27459,0,10.040424
07/04/2020 14:56,202002,WESTERN EUROPE-EU,FRANCE,HEATHROW,PARIS (CHARLES DE GAULLE),95723,95664,59,90892,90892,0,5.315099
07/04/2020 14:56,202002,WESTERN EUROPE-EU,FRANCE,HEATHROW,TOULOUSE (BLAGNAC),19731,19731,0,18705,18705,0,5.485164
07/04/2020 14:56,202002,WESTERN EUROPE-EU,FRANCE,LONDON CITY,CHAMBERY,942,942,0,802,802,0,17.456359
07/04/2020 14:56,202002,WESTERN EUROPE-EU,FRANCE,LONDON CITY,NICE,720,720,0,676,676,0,6.508876
07/04/2020 14:56,202002,WESTERN EUROPE-EU,FRANCE,LONDON CITY,PARIS (ORLY),0,0,0,6966,6966,0,-100
07/04/2020 14:56,202002,WESTERN EUROPE-EU,FRANCE,LUTON,BEZIERS,2947,2947,0,2551,2551,0,15.523324
07/04/2020 14:56,202002,WESTERN EUROPE-EU,FRANCE,LUTON,BORDEAUX,4732,4732,0,5082,5082,0,-6.887052
07/04/2020 14:56,202002,WESTERN EUROPE-EU,FRANCE,LUTON,CHAMBERY,0,0,0,1032,0,1032,-100
07/04/2020 14:56,202002,WESTERN EUROPE-EU,FRANCE,LUTON,GRENOBLE,3801,3801,0,4435,4435,0,-14.295378
07/04/2020 14:56,202002,WESTERN EUROPE-EU,FRANCE,LUTON,LYON,9787,9787,0,10820,10820,0,-9.547135
07/04/2020 14:56,202002,WESTERN EUROPE-EU,FRANCE,LUTON,MARSEILLE,2254,2254,0,2259,2259,0,-0.221337
07/04/2020 14:56,202002,WESTERN EUROPE-EU,FRANCE,LUTON,NANTES,3545,3545,0,3822,3822,0,-7.247514
07/04/2020 14:56,202002,WESTERN EUROPE-EU,FRANCE,LUTON,NICE,5409,5409,0,6008,6008,0,-9.97004
07/04/2020 14:56,202002,WESTERN EUROPE-EU,FRANCE,LUTON,PARIS (CHARLES DE GAULLE),22906,22906,0,25796,25796,0,-11.203287
07/04/2020 14:56,202002,WESTERN EUROPE-EU,FRANCE,LUTON,TOULOUSE (BLAGNAC),0,0,0,4406,4406,0,-100
07/04/2020 14:56,202002,WESTERN EUROPE-EU,FRANCE,SOUTHEND,BREST,2304,2304,0,0,0,0,0
07/04/2020 14:56,202002,WESTERN EUROPE-EU,FRANCE,SOUTHEND,CAEN,875,875,0,436,436,0,100.688073
07/04/2020 14:56,202002,WESTERN EUROPE-EU,FRANCE,SOUTHEND,LYON,0,0,0,2430,2430,0,-100
07/04/2020 14:56,202002,WESTERN EUROPE-EU,FRANCE,SOUTHEND,PARIS (CHARLES DE GAULLE),3191,3191,0,3927,3927,0,-18.742042
07/04/2020 14:56,202002,WESTERN EUROPE-EU,FRANCE,SOUTHEND,RENNES,3005,3005,0,3123,3123,0,-3.778418
07/04/2020 14:56,202002,WESTERN EUROPE-EU,FRANCE,STANSTED,BERGERAC,4233,4233,0,3976,3976,0,6.463783
07/04/2020 14:56,202002,WESTERN EUROPE-EU,FRANCE,STANSTED,BIARRITZ,3802,3802,0,638,638,0,495.924765
07/04/2020 14:56,202002,WESTERN EUROPE-EU,FRANCE,STANSTED,BORDEAUX,8131,8131,0,6559,6559,0,23.967068
07/04/2020 14:56,202002,WESTERN EUROPE-EU,FRANCE,STANSTED,BREST,0,0,0,169,169,0,-100
07/04/2020 14:56,202002,WESTERN EUROPE-EU,FRANCE,STANSTED,CARCASSONNE,3857,3857,0,3699,3699,0,4.271425
07/04/2020 14:56,202002,WESTERN EUROPE-EU,FRANCE,STANSTED,CHAMBERY,5463,1648,3815,4684,1427,3257,16.631085
07/04/2020 14:56,202002,WESTERN EUROPE-EU,FRANCE,STANSTED,DINARD,3618,3618,0,3640,3640,0,-0.604396
07/04/2020 14:56,202002,WESTERN EUROPE-EU,FRANCE,STANSTED,DOLE,777,777,0,900,900,0,-13.666667
07/04/2020 14:56,202002,WESTERN EUROPE-EU,FRANCE,STANSTED,GRENOBLE,11252,10727,525,8287,7143,1144,35.778931
07/04/2020 14:56,202002,WESTERN EUROPE-EU,FRANCE,STANSTED,LA ROCHELLE,2265,2265,0,2405,2405,0,-5.821206
07/04/2020 14:56,202002,WESTERN EUROPE-EU,FRANCE,STANSTED,LIMOGES,4983,4983,0,5360,5360,0,-7.033582
07/04/2020 14:56,202002,WESTERN EUROPE-EU,FRANCE,STANSTED,LYON,3146,3146,0,2694,2345,349,16.778025
07/04/2020 14:56,202002,WESTERN EUROPE-EU,FRANCE,STANSTED,MARSEILLE,9255,9255,0,8743,8743,0,5.856113
07/04/2020 14:56,202002,WESTERN EUROPE-EU,FRANCE,STANSTED,NANTES,9845,9845,0,5392,5392,0,82.585312
07/04/2020 14:56,202002,WESTERN EUROPE-EU,FRANCE,STANSTED,NICE,10188,10188,0,12286,12286,0,-17.076347
07/04/2020 14:56,202002,WESTERN EUROPE-EU,FRANCE,STANSTED,NIMES,0,0,0,2679,2679,0,-100
07/04/2020 14:56,202002,WESTERN EUROPE-EU,FRANCE,STANSTED,PARIS (CHARLES DE GAULLE),4087,4087,0,0,0,0,0
07/04/2020 14:56,202002,WESTERN EUROPE-EU,FRANCE,STANSTED,POITIERS,2669,2669,0,2661,2661,0,0.300639
07/04/2020 14:56,202002,WESTERN EUROPE-EU,FRANCE,STANSTED,TARBES-LOURDES INTERNATIONAL,2833,2833,0,2547,2547,0,11.228897
07/04/2020 14:56,202002,WESTERN EUROPE-EU,FRANCE,STANSTED,TOULOUSE (BLAGNAC),17437,17437,0,16271,15903,368,7.166124
07/04/2020 14:56,202002,WESTERN EUROPE-EU,FRANCE,STANSTED,TOURS,2593,2593,0,2696,2696,0,-3.820475
07/04/2020 14:56,202002,WESTERN EUROPE-EU,FRANCE,ABERDEEN,PARIS (CHARLES DE GAULLE),5834,5834,0,7049,7049,0,-17.236487
07/04/2020 14:56,202002,WESTERN EUROPE-EU,FRANCE,BELFAST CITY (GEORGE BEST),PARIS (CHARLES DE GAULLE),38,38,0,0,0,0,0
07/04/2020 14:56,202002,WESTERN EUROPE-EU,FRANCE,BELFAST INTERNATIONAL,LYON,1242,1242,0,960,960,0,29.375
07/04/2020 14:56,202002,WESTERN EUROPE-EU,FRANCE,BELFAST INTERNATIONAL,PARIS (CHARLES DE GAULLE),5936,5936,0,6428,6428,0,-7.654014
07/04/2020 14:56,202002,WESTERN EUROPE-EU,FRANCE,BIGGIN HILL,CHAMBERY,9,0,9,0,0,0,0
07/04/2020 14:56,202002,WESTERN EUROPE-EU,FRANCE,BIGGIN HILL,GRENOBLE,26,0,26,0,0,0,0
07/04/2020 14:56,202002,WESTERN EUROPE-EU,FRANCE,BIGGIN HILL,NICE,1,0,1,6,0,6,-83.333333
07/04/2020 14:56,202002,WESTERN EUROPE-EU,FRANCE,BIRMINGHAM,CHAMBERY,3865,914,2951,3147,719,2428,22.81538
07/04/2020 14:56,202002,WESTERN EUROPE-EU,FRANCE,BIRMINGHAM,GRENOBLE,4724,4554,170,3924,2537,1387,20.38736
07/04/2020 14:56,202002,WESTERN EUROPE-EU,FRANCE,BIRMINGHAM,LYON,1083,901,182,2943,2943,0,-63.200815
07/04/2020 14:56,202002,WESTERN EUROPE-EU,FRANCE,BIRMINGHAM,PARIS (CHARLES DE GAULLE),28357,28357,0,31275,31275,0,-9.330136
07/04/2020 14:56,202002,WESTERN EUROPE-EU,FRANCE,BIRMINGHAM,TOULOUSE (BLAGNAC),1985,0,1985,1000,0,1000,98.5
07/04/2020 14:56,202002,WESTERN EUROPE-EU,FRANCE,BRISTOL,BORDEAUX,2451,2451,0,2023,2023,0,21.156698
07/04/2020 14:56,202002,WESTERN EUROPE-EU,FRANCE,BRISTOL,CHAMBERY,2620,0,2620,2464,0,2464,6.331169
07/04/2020 14:56,202002,WESTERN EUROPE-EU,FRANCE,BRISTOL,GRENOBLE,5331,5174,157,3585,3585,0,48.702929
07/04/2020 14:56,202002,WESTERN EUROPE-EU,FRANCE,BRISTOL,LIMOGES,0,0,0,2219,2219,0,-100
07/04/2020 14:56,202002,WESTERN EUROPE-EU,FRANCE,BRISTOL,LYON,2349,2087,262,1203,1203,0,95.261845
07/04/2020 14:56,202002,WESTERN EUROPE-EU,FRANCE,BRISTOL,NICE,2584,2584,0,2523,2523,0,2.417757
07/04/2020 14:56,202002,WESTERN EUROPE-EU,FRANCE,BRISTOL,PARIS (CHARLES DE GAULLE),17873,17873,0,10049,10049,0,77.858493
07/04/2020 14:56,202002,WESTERN EUROPE-EU,FRANCE,BRISTOL,TOULOUSE (BLAGNAC),5151,3632,1519,5931,5931,0,-13.151239
07/04/2020 14:56,202002,WESTERN EUROPE-EU,FRANCE,CARDIFF WALES,BORDEAUX,1116,0,1116,0,0,0,0
07/04/2020 14:56,202002,WESTERN EUROPE-EU,FRANCE,CARDIFF WALES,CHAMBERY,357,357,0,601,601,0,-40.599002
07/04/2020 14:56,202002,WESTERN EUROPE-EU,FRANCE,CARDIFF WALES,GRENOBLE,354,0,354,0,0,0,0
07/04/2020 14:56,202002,WESTERN EUROPE-EU,FRANCE,CARDIFF WALES,LYON,1837,0,1837,0,0,0,0
07/04/2020 14:56,202002,WESTERN EUROPE-EU,FRANCE,CARDIFF WALES,MARSEILLE,332,0,332,0,0,0,0
07/04/2020 14:56,202002,WESTERN EUROPE-EU,FRANCE,CARDIFF WALES,NANTES,683,0,683,0,0,0,0
07/04/2020 14:56,202002,WESTERN EUROPE-EU,FRANCE,CARDIFF WALES,PARIS (CHARLES DE GAULLE),5708,4076,1632,4470,4470,0,27.695749
07/04/2020 14:56,202002,WESTERN EUROPE-EU,FRANCE,CARDIFF WALES,PARIS (LE BOURGET),71,71,0,0,0,0,0
07/04/2020 14:56,202002,WESTERN EUROPE-EU,FRANCE,CARDIFF WALES,PARIS (ORLY),253,0,253,0,0,0,0
07/04/2020 14:56,202002,WESTERN EUROPE-EU,FRANCE,CARDIFF WALES,TOULOUSE (BLAGNAC),1334,0,1334,0,0,0,0
07/04/2020 14:56,202002,WESTERN EUROPE-EU,FRANCE,DONCASTER SHEFFIELD,CHAMBERY,133,119,14,14,0,14,850
07/04/2020 14:56,202002,WESTERN EUROPE-EU,FRANCE,DONCASTER SHEFFIELD,PARIS (CHARLES DE GAULLE),0,0,0,1533,1533,0,-100
07/04/2020 14:56,202002,WESTERN EUROPE-EU,FRANCE,EAST MIDLANDS INTERNATIONAL,CHAMBERY,1402,0,1402,1938,0,1938,-27.657379
07/04/2020 14:56,202002,WESTERN EUROPE-EU,FRANCE,EAST MIDLANDS INTERNATIONAL,GRENOBLE,468,468,0,0,0,0,0
07/04/2020 14:56,202002,WESTERN EUROPE-EU,FRANCE,EAST MIDLANDS INTERNATIONAL,LIMOGES,2364,2364,0,2617,2617,0,-9.667558
07/04/2020 14:56,202002,WESTERN EUROPE-EU,FRANCE,EDINBURGH,CHAMBERY,1469,0,1469,1932,0,1932,-23.964803
07/04/2020 14:56,202002,WESTERN EUROPE-EU,FRANCE,EDINBURGH,GRENOBLE,1654,1654,0,1395,1395,0,18.566308
07/04/2020 14:56,202002,WESTERN EUROPE-EU,FRANCE,EDINBURGH,LYON,1347,1347,0,1733,1733,0,-22.273514
07/04/2020 14:56,202002,WESTERN EUROPE-EU,FRANCE,EDINBURGH,MARSEILLE,2683,2683,0,2632,2632,0,1.93769
07/04/2020 14:56,202002,WESTERN EUROPE-EU,FRANCE,EDINBURGH,NANTES,2574,2574,0,2773,2773,0,-7.176343
07/04/2020 14:56,202002,WESTERN EUROPE-EU,FRANCE,EDINBURGH,PARIS (CHARLES DE GAULLE),30425,30425,0,28608,28325,283,6.35137
07/04/2020 14:56,202002,WESTERN EUROPE-EU,FRANCE,EDINBURGH,TOULOUSE (BLAGNAC),3463,2717,746,3472,2408,1064,-0.259217
07/04/2020 14:56,202002,WESTERN EUROPE-EU,FRANCE,EXETER,CHAMBERY,1894,464,1430,2022,782,1240,-6.330366
07/04/2020 14:56,202002,WESTERN EUROPE-EU,FRANCE,EXETER,PARIS (CHARLES DE GAULLE),5242,5242,0,5525,5525,0,-5.122172
07/04/2020 14:56,202002,WESTERN EUROPE-EU,FRANCE,GLASGOW,CHAMBERY,1715,0,1715,1565,0,1565,9.584665
07/04/2020 14:56,202002,WESTERN EUROPE-EU,FRANCE,GLASGOW,GRENOBLE,1670,1670,0,1288,1288,0,29.658385
07/04/2020 14:56,202002,WESTERN EUROPE-EU,FRANCE,GLASGOW,LYON,374,0,374,370,0,370,1.081081
07/04/2020 14:56,202002,WESTERN EUROPE-EU,FRANCE,GLASGOW,PARIS (CHARLES DE GAULLE),7927,7927,0,8796,8796,0,-9.879491
07/04/2020 14:56,202002,WESTERN EUROPE-EU,FRANCE,GUERNSEY,GRENOBLE,700,700,0,700,571,129,0
07/04/2020 14:56,202002,WESTERN EUROPE-EU,FRANCE,JERSEY,GRENOBLE,130,0,130,278,0,278,-53.23741
07/04/2020 14:56,202002,WESTERN EUROPE-EU,FRANCE,JERSEY,PARIS (CHARLES DE GAULLE),148,0,148,0,0,0,0
07/04/2020 14:56,202002,WESTERN EUROPE-EU,FRANCE,JERSEY,RENNES,31,31,0,0,0,0,0
07/04/2020 14:56,202002,WESTERN EUROPE-EU,FRANCE,LEEDS BRADFORD,GRENOBLE,1225,1225,0,1004,1004,0,22.011952
07/04/2020 14:56,202002,WESTERN EUROPE-EU,FRANCE,LEEDS BRADFORD,PARIS (CHARLES DE GAULLE),3926,3926,0,4031,4031,0,-2.604813
07/04/2020 14:56,202002,WESTERN EUROPE-EU,FRANCE,LIVERPOOL (JOHN LENNON),GRENOBLE,862,862,0,1295,1295,0,-33.436293
07/04/2020 14:56,202002,WESTERN EUROPE-EU,FRANCE,LIVERPOOL (JOHN LENNON),NICE,4553,4553,0,5269,5269,0,-13.588916
07/04/2020 14:56,202002,WESTERN EUROPE-EU,FRANCE,LIVERPOOL (JOHN LENNON),PARIS (CHARLES DE GAULLE),6643,6643,0,5487,5487,0,21.067979
07/04/2020 14:56,202002,WESTERN EUROPE-EU,FRANCE,LIVERPOOL (JOHN LENNON),TOULOUSE (BLAGNAC),0,0,0,2778,2778,0,-100
07/04/2020 14:56,202002,WESTERN EUROPE-EU,FRANCE,MANCHESTER,BORDEAUX,4503,4503,0,2166,2166,0,107.894737
07/04/2020 14:56,202002,WESTERN EUROPE-EU,FRANCE,MANCHESTER,CARCASSONNE,2812,2812,0,2738,2738,0,2.702703
07/04/2020 14:56,202002,WESTERN EUROPE-EU,FRANCE,MANCHESTER,CHAMBERY,8155,1056,7099,7770,1772,5998,4.954955
07/04/2020 14:56,202002,WESTERN EUROPE-EU,FRANCE,MANCHESTER,GRENOBLE,7355,7355,0,6668,6668,0,10.302939
07/04/2020 14:56,202002,WESTERN EUROPE-EU,FRANCE,MANCHESTER,LIMOGES,2691,2691,0,2793,2793,0,-3.651987
07/04/2020 14:56,202002,WESTERN EUROPE-EU,FRANCE,MANCHESTER,LYON,4928,4742,186,5160,4601,559,-4.496124
07/04/2020 14:56,202002,WESTERN EUROPE-EU,FRANCE,MANCHESTER,MARSEILLE,2611,2611,0,0,0,0,0
07/04/2020 14:56,202002,WESTERN EUROPE-EU,FRANCE,MANCHESTER,NANTES,2255,2255,0,0,0,0,0
07/04/2020 14:56,202002,WESTERN EUROPE-EU,FRANCE,MANCHESTER,NICE,2082,2082,0,282,282,0,638.297872
07/04/2020 14:56,202002,WESTERN EUROPE-EU,FRANCE,MANCHESTER,PARIS (CHARLES DE GAULLE),53979,53979,0,53920,53763,157,0.109421
07/04/2020 14:56,202002,WESTERN EUROPE-EU,FRANCE,MANCHESTER,TOULOUSE (BLAGNAC),2834,0,2834,2897,1414,1483,-2.174663
07/04/2020 14:56,202002,WESTERN EUROPE-EU,FRANCE,NEWCASTLE,CHAMBERY,178,0,178,0,0,0,0
07/04/2020 14:56,202002,WESTERN EUROPE-EU,FRANCE,NEWCASTLE,GRENOBLE,1697,1697,0,1256,1256,0,35.111465
07/04/2020 14:56,202002,WESTERN EUROPE-EU,FRANCE,NEWCASTLE,PARIS (CHARLES DE GAULLE),12267,12179,88,11850,11850,0,3.518987
07/04/2020 14:56,202002,WESTERN EUROPE-EU,FRANCE,SOUTHAMPTON,BERGERAC,557,557,0,1381,1381,0,-59.666908
07/04/2020 14:56,202002,WESTERN EUROPE-EU,FRANCE,SOUTHAMPTON,CHAMBERY,1068,1068,0,1984,1019,965,-46.169355
07/04/2020 14:56,202002,WESTERN EUROPE-EU,FRANCE,SOUTHAMPTON,NANTES,0,0,0,835,835,0,-100
07/04/2020 14:56,202002,WESTERN EUROPE-EU,FRANCE,SOUTHAMPTON,PARIS (CHARLES DE GAULLE),6116,6116,0,5253,5253,0,16.428707
07/04/2020 14:56,202002,WESTERN EUROPE-EU,GERMANY,GATWICK,BERLIN (SCHONEFELD),14096,14096,0,15606,15606,0,-9.675766
07/04/2020 14:56,202002,WESTERN EUROPE-EU,GERMANY,GATWICK,BERLIN (TEGEL),21792,21792,0,23443,23443,0,-7.042614
07/04/2020 14:56,202002,WESTERN EUROPE-EU,GERMANY,GATWICK,COLOGNE BONN,4064,3430,634,3333,3333,0,21.932193
07/04/2020 14:56,202002,WESTERN EUROPE-EU,GERMANY,GATWICK,DUSSELDORF,12087,12087,0,6871,6871,0,75.913259
07/04/2020 14:56,202002,WESTERN EUROPE-EU,GERMANY,GATWICK,FRIEDRICHSHAFEN,6288,2929,3359,5953,3346,2607,5.627415
07/04/2020 14:56,202002,WESTERN EUROPE-EU,GERMANY,GATWICK,HAMBURG,11135,11135,0,14892,14892,0,-25.228311
07/04/2020 14:56,202002,WESTERN EUROPE-EU,GERMANY,GATWICK,LEIPZIG,61,0,61,0,0,0,0
07/04/2020 14:56,202002,WESTERN EUROPE-EU,GERMANY,GATWICK,MUNICH,17005,17005,0,19619,19619,0,-13.323819
07/04/2020 14:56,202002,WESTERN EUROPE-EU,GERMANY,GATWICK,STUTTGART,7759,7759,0,9283,9283,0,-16.417107
07/04/2020 14:56,202002,WESTERN EUROPE-EU,GERMANY,HEATHROW,BERLIN (TEGEL),49110,49110,0,62412,62412,0,-21.313209
07/04/2020 14:56,202002,WESTERN EUROPE-EU,GERMANY,HEATHROW,COLOGNE BONN,13430,13430,0,11749,11749,0,14.307601
07/04/2020 14:56,202002,WESTERN EUROPE-EU,GERMANY,HEATHROW,DUSSELDORF,50860,50860,0,50974,50974,0,-0.223643
07/04/2020 14:56,202002,WESTERN EUROPE-EU,GERMANY,HEATHROW,FRANKFURT MAIN,91103,91103,0,99931,99931,0,-8.834096
07/04/2020 14:56,202002,WESTERN EUROPE-EU,GERMANY,HEATHROW,FRIEDRICHSHAFEN,273,0,273,574,0,574,-52.439024
07/04/2020 14:56,202002,WESTERN EUROPE-EU,GERMANY,HEATHROW,HAMBURG,45710,45710,0,42208,42208,0,8.297005
07/04/2020 14:56,202002,WESTERN EUROPE-EU,GERMANY,HEATHROW,HANOVER,12613,12613,0,16291,16291,0,-22.576883
07/04/2020 14:56,202002,WESTERN EUROPE-EU,GERMANY,HEATHROW,MUNICH,84523,84089,434,89483,89483,0,-5.542952
07/04/2020 14:56,202002,WESTERN EUROPE-EU,GERMANY,HEATHROW,STUTTGART,22723,22723,0,23005,23005,0,-1.22582
07/04/2020 14:56,202002,WESTERN EUROPE-EU,GERMANY,LONDON CITY,BERLIN (TEGEL),14168,14168,0,9495,9495,0,49.215377
07/04/2020 14:56,202002,WESTERN EUROPE-EU,GERMANY,LONDON CITY,DUSSELDORF,9312,9312,0,12776,12776,0,-27.113338
07/04/2020 14:56,202002,WESTERN EUROPE-EU,GERMANY,LONDON CITY,FRANKFURT MAIN,19606,19606,0,20633,20633,0,-4.977463
07/04/2020 14:56,202002,WESTERN EUROPE-EU,GERMANY,LONDON CITY,MUNICH,8928,8878,50,3455,3455,0,158.408104
07/04/2020 14:56,202002,WESTERN EUROPE-EU,GERMANY,LUTON,BERLIN (SCHONEFELD),10774,10774,0,13691,13691,0,-21.305967
07/04/2020 14:56,202002,WESTERN EUROPE-EU,GERMANY,LUTON,DORTMUND,8196,8196,0,9184,9184,0,-10.75784
07/04/2020 14:56,202002,WESTERN EUROPE-EU,GERMANY,LUTON,MUNICH,4756,4756,0,6076,6076,0,-21.724819
07/04/2020 14:56,202002,WESTERN EUROPE-EU,GERMANY,SOUTHEND,COLOGNE BONN,0,0,0,1308,1308,0,-100
07/04/2020 14:56,202002,WESTERN EUROPE-EU,GERMANY,STANSTED,BERLIN (SCHONEFELD),33367,33367,0,35324,35324,0,-5.540143
07/04/2020 14:56,202002,WESTERN EUROPE-EU,GERMANY,STANSTED,BERLIN (TEGEL),415,415,0,474,474,0,-12.447257
07/04/2020 14:56,202002,WESTERN EUROPE-EU,GERMANY,STANSTED,BREMEN,13045,13045,0,12382,12382,0,5.354547
07/04/2020 14:56,202002,WESTERN EUROPE-EU,GERMANY,STANSTED,COLOGNE BONN,21276,21276,0,30357,30357,0,-29.914023
07/04/2020 14:56,202002,WESTERN EUROPE-EU,GERMANY,STANSTED,DORTMUND,9224,9224,0,9169,8904,265,0.599847
07/04/2020 14:56,202002,WESTERN EUROPE-EU,GERMANY,STANSTED,DRESDEN,3738,3738,0,0,0,0,0
07/04/2020 14:56,202002,WESTERN EUROPE-EU,GERMANY,STANSTED,FRANKFURT MAIN,23182,23182,0,16340,16340,0,41.872705
07/04/2020 14:56,202002,WESTERN EUROPE-EU,GERMANY,STANSTED,FRIEDRICHSHAFEN,1017,1017,0,0,0,0,0
07/04/2020 14:56,202002,WESTERN EUROPE-EU,GERMANY,STANSTED,HAHN,0,0,0,5897,5897,0,-100
07/04/2020 14:56,202002,WESTERN EUROPE-EU,GERMANY,STANSTED,HAMBURG,6467,6467,0,11911,11911,0,-45.70565
07/04/2020 14:56,202002,WESTERN EUROPE-EU,GERMANY,STANSTED,HANOVER,1002,0,1002,5211,5211,0,-80.771445
07/04/2020 14:56,202002,WESTERN EUROPE-EU,GERMANY,STANSTED,KARLSRUHE/BADEN BADEN,8792,8792,0,8916,8916,0,-1.390758
07/04/2020 14:56,202002,WESTERN EUROPE-EU,GERMANY,STANSTED,LEIPZIG,521,0,521,3691,3691,0,-85.884584
07/04/2020 14:56,202002,WESTERN EUROPE-EU,GERMANY,STANSTED,MEMMINGEN ALLGAU,6512,6512,0,6083,6083,0,7.052441
07/04/2020 14:56,202002,WESTERN EUROPE-EU,GERMANY,STANSTED,MUNICH,5842,5842,0,13798,13798,0,-57.660531
07/04/2020 14:56,202002,WESTERN EUROPE-EU,GERMANY,STANSTED,NUREMBERG,13581,13581,0,14186,14186,0,-4.264768
07/04/2020 14:56,202002,WESTERN EUROPE-EU,GERMANY,BELFAST INTERNATIONAL,BERLIN (SCHONEFELD),0,0,0,2587,2587,0,-100
07/04/2020 14:56,202002,WESTERN EUROPE-EU,GERMANY,BELFAST INTERNATIONAL,MEMMINGEN ALLGAU,155,0,155,0,0,0,0
07/04/2020 14:56,202002,WESTERN EUROPE-EU,GERMANY,BIGGIN HILL,BERLIN (SCHONEFELD),0,0,0,1,0,1,-100
07/04/2020 14:56,202002,WESTERN EUROPE-EU,GERMANY,BIGGIN HILL,MUNICH,8,0,8,0,0,0,0
07/04/2020 14:56,202002,WESTERN EUROPE-EU,GERMANY,BIRMINGHAM,BERLIN (TEGEL),1552,1552,0,3869,3869,0,-59.886276
07/04/2020 14:56,202002,WESTERN EUROPE-EU,GERMANY,BIRMINGHAM,DUSSELDORF,21034,21034,0,23423,23423,0,-10.199377
07/04/2020 14:56,202002,WESTERN EUROPE-EU,GERMANY,BIRMINGHAM,FRANKFURT MAIN,22962,22962,0,23237,23237,0,-1.183457
07/04/2020 14:56,202002,WESTERN EUROPE-EU,GERMANY,BIRMINGHAM,HAMBURG,0,0,0,1908,1908,0,-100
07/04/2020 14:56,202002,WESTERN EUROPE-EU,GERMANY,BIRMINGHAM,HANOVER,575,0,575,1684,1684,0,-65.855107
07/04/2020 14:56,202002,WESTERN EUROPE-EU,GERMANY,BIRMINGHAM,MUNICH,14946,14946,0,15087,15087,0,-0.934579
07/04/2020 14:56,202002,WESTERN EUROPE-EU,GERMANY,BIRMINGHAM,STUTTGART,4312,4312,0,5776,5776,0,-25.34626
07/04/2020 14:56,202002,WESTERN EUROPE-EU,GERMANY,BRISTOL,BERLIN (SCHONEFELD),4970,4970,0,5045,5045,0,-1.48662
07/04/2020 14:56,202002,WESTERN EUROPE-EU,GERMANY,BRISTOL,COLOGNE BONN,4831,4831,0,4198,4198,0,15.078609
07/04/2020 14:56,202002,WESTERN EUROPE-EU,GERMANY,BRISTOL,DUSSELDORF,0,0,0,513,513,0,-100
07/04/2020 14:56,202002,WESTERN EUROPE-EU,GERMANY,BRISTOL,FRANKFURT MAIN,0,0,0,1966,1966,0,-100
07/04/2020 14:56,202002,WESTERN EUROPE-EU,GERMANY,BRISTOL,HAMBURG,0,0,0,383,383,0,-100
07/04/2020 14:56,202002,WESTERN EUROPE-EU,GERMANY,BRISTOL,MUNICH,0,0,0,1763,1763,0,-100
07/04/2020 14:56,202002,WESTERN EUROPE-EU,GERMANY,CARDIFF WALES,BERLIN (TEGEL),0,0,0,868,868,0,-100
07/04/2020 14:56,202002,WESTERN EUROPE-EU,GERMANY,CARDIFF WALES,DUSSELDORF,0,0,0,30,30,0,-100
07/04/2020 14:56,202002,WESTERN EUROPE-EU,GERMANY,CARDIFF WALES,MUNICH,0,0,0,723,686,37,-100
07/04/2020 14:56,202002,WESTERN EUROPE-EU,GERMANY,EAST MIDLANDS INTERNATIONAL,BERLIN (SCHONEFELD),2763,2763,0,2669,2669,0,3.521918
07/04/2020 14:56,202002,WESTERN EUROPE-EU,GERMANY,EAST MIDLANDS INTERNATIONAL,DUSSELDORF,0,0,0,7,7,0,-100
07/04/2020 14:56,202002,WESTERN EUROPE-EU,GERMANY,EDINBURGH,BERLIN (SCHONEFELD),7824,7824,0,7538,7538,0,3.79411
07/04/2020 14:56,202002,WESTERN EUROPE-EU,GERMANY,EDINBURGH,BERLIN (TEGEL),5631,5631,0,6255,6255,0,-9.976019
07/04/2020 14:56,202002,WESTERN EUROPE-EU,GERMANY,EDINBURGH,COLOGNE BONN,764,764,0,612,612,0,24.836601
07/04/2020 14:56,202002,WESTERN EUROPE-EU,GERMANY,EDINBURGH,DUSSELDORF,754,754,0,796,796,0,-5.276382
07/04/2020 14:56,202002,WESTERN EUROPE-EU,GERMANY,EDINBURGH,FRANKFURT MAIN,9929,9929,0,9453,9453,0,5.035438
07/04/2020 14:56,202002,WESTERN EUROPE-EU,GERMANY,EDINBURGH,HAMBURG,3719,3719,0,9575,9575,0,-61.159269
07/04/2020 14:56,202002,WESTERN EUROPE-EU,GERMANY,EDINBURGH,MEMMINGEN ALLGAU,0,0,0,1908,1908,0,-100
07/04/2020 14:56,202002,WESTERN EUROPE-EU,GERMANY,EDINBURGH,MUNICH,10540,10540,0,11879,11879,0,-11.271993
07/04/2020 14:56,202002,WESTERN EUROPE-EU,GERMANY,EXETER,HANOVER,312,0,312,0,0,0,0
07/04/2020 14:56,202002,WESTERN EUROPE-EU,GERMANY,GLASGOW,BERLIN (SCHONEFELD),4816,4816,0,6687,6687,0,-27.979662
07/04/2020 14:56,202002,WESTERN EUROPE-EU,GERMANY,GLASGOW,DUSSELDORF,514,514,0,4239,4239,0,-87.874499
07/04/2020 14:56,202002,WESTERN EUROPE-EU,GERMANY,GLASGOW,FRANKFURT MAIN,5058,5058,0,5221,5221,0,-3.122007
07/04/2020 14:56,202002,WESTERN EUROPE-EU,GERMANY,GLASGOW,MUNICH,0,0,0,1864,1864,0,-100
07/04/2020 14:56,202002,WESTERN EUROPE-EU,GERMANY,LEEDS BRADFORD,DUSSELDORF,0,0,0,1760,1760,0,-100
07/04/2020 14:56,202002,WESTERN EUROPE-EU,GERMANY,LIVERPOOL (JOHN LENNON),BERLIN (SCHONEFELD),4437,4437,0,4136,4136,0,7.277563
07/04/2020 14:56,202002,WESTERN EUROPE-EU,GERMANY,LIVERPOOL (JOHN LENNON),MUNICH,0,0,0,516,0,516,-100
07/04/2020 14:56,202002,WESTERN EUROPE-EU,GERMANY,MANCHESTER,BERLIN (SCHONEFELD),12512,12512,0,26229,26229,0,-52.297076
07/04/2020 14:56,202002,WESTERN EUROPE-EU,GERMANY,MANCHESTER,BERLIN (TEGEL),16201,16201,0,0,0,0,0
07/04/2020 14:56,202002,WESTERN EUROPE-EU,GERMANY,MANCHESTER,COLOGNE BONN,7698,7698,0,7746,7037,709,-0.619675
07/04/2020 14:56,202002,WESTERN EUROPE-EU,GERMANY,MANCHESTER,DUSSELDORF,22244,22244,0,24459,24308,151,-9.055971
07/04/2020 14:56,202002,WESTERN EUROPE-EU,GERMANY,MANCHESTER,FRANKFURT MAIN,30330,30330,0,40430,40430,0,-24.981449
07/04/2020 14:56,202002,WESTERN EUROPE-EU,GERMANY,MANCHESTER,HAMBURG,12046,12046,0,16486,16486,0,-26.931942
07/04/2020 14:56,202002,WESTERN EUROPE-EU,GERMANY,MANCHESTER,HANOVER,3168,1890,1278,1843,1843,0,71.893652
07/04/2020 14:56,202002,WESTERN EUROPE-EU,GERMANY,MANCHESTER,MUNICH,27721,27583,138,27546,26532,1014,0.635301
07/04/2020 14:56,202002,WESTERN EUROPE-EU,GERMANY,MANCHESTER,NUREMBERG,0,0,0,6010,6010,0,-100
07/04/2020 14:56,202002,WESTERN EUROPE-EU,GERMANY,MANCHESTER,STUTTGART,0,0,0,4834,4834,0,-100
07/04/2020 14:56,202002,WESTERN EUROPE-EU,GERMANY,NEWCASTLE,BERLIN (SCHONEFELD),0,0,0,2322,2322,0,-100
07/04/2020 14:56,202002,WESTERN EUROPE-EU,GERMANY,NEWCASTLE,DUSSELDORF,3282,3282,0,3822,3822,0,-14.128728
07/04/2020 14:56,202002,WESTERN EUROPE-EU,GERMANY,NEWCASTLE,MUNICH,3177,3177,0,0,0,0,0
07/04/2020 14:56,202002,WESTERN EUROPE-EU,GERMANY,SOUTHAMPTON,DUSSELDORF,0,0,0,2029,2029,0,-100
07/04/2020 14:56,202002,WESTERN EUROPE-EU,GERMANY,SUMBURGH,NUREMBERG,1,0,1,0,0,0,0
07/04/2020 14:56,202002,WESTERN EUROPE-EU,GIBRALTAR,GATWICK,GIBRALTAR,7910,7910,0,8170,8170,0,-3.182375
07/04/2020 14:56,202002,WESTERN EUROPE-EU,GIBRALTAR,HEATHROW,GIBRALTAR,10316,10316,0,12363,12363,0,-16.55747
07/04/2020 14:56,202002,WESTERN EUROPE-EU,GIBRALTAR,LUTON,GIBRALTAR,2493,2493,0,2329,2329,0,7.041649
07/04/2020 14:56,202002,WESTERN EUROPE-EU,GIBRALTAR,BRISTOL,GIBRALTAR,3711,3711,0,4136,4136,0,-10.275629
07/04/2020 14:56,202002,WESTERN EUROPE-EU,GIBRALTAR,MANCHESTER,GIBRALTAR,3813,3813,0,2804,2804,0,35.984308
07/04/2020 14:56,202002,WESTERN EUROPE-EU,GREECE,GATWICK,ATHENS,14128,14128,0,13451,13451,0,5.033083
07/04/2020 14:56,202002,WESTERN EUROPE-EU,GREECE,GATWICK,HERAKLION,0,0,0,1352,0,1352,-100
07/04/2020 14:56,202002,WESTERN EUROPE-EU,GREECE,GATWICK,SALONIKA,6612,6612,0,6001,6001,0,10.181636
07/04/2020 14:56,202002,WESTERN EUROPE-EU,GREECE,HEATHROW,ATHENS,48037,48037,0,45681,45681,0,5.157505
07/04/2020 14:56,202002,WESTERN EUROPE-EU,GREECE,LUTON,ATHENS,13078,13078,0,15460,15460,0,-15.407503
07/04/2020 14:56,202002,WESTERN EUROPE-EU,GREECE,LUTON,SALONIKA,3131,3131,0,0,0,0,0
07/04/2020 14:56,202002,WESTERN EUROPE-EU,GREECE,STANSTED,ATHENS,10229,9972,257,15301,15301,0,-33.14816
07/04/2020 14:56,202002,WESTERN EUROPE-EU,GREECE,STANSTED,SALONIKA,8631,8631,0,8374,8374,0,3.069023
07/04/2020 14:56,202002,WESTERN EUROPE-EU,GREECE,BIGGIN HILL,ATHENS,4,0,4,7,0,7,-42.857143
07/04/2020 14:56,202002,WESTERN EUROPE-EU,GREECE,BRISTOL,ATHENS,3696,3696,0,2443,2443,0,51.289398
07/04/2020 14:56,202002,WESTERN EUROPE-EU,GREECE,EDINBURGH,ATHENS,3145,3145,0,2863,2863,0,9.849808
07/04/2020 14:56,202002,WESTERN EUROPE-EU,GREECE,MANCHESTER,ATHENS,4895,4895,0,4271,4271,0,14.610162
07/04/2020 14:56,202002,WESTERN EUROPE-EU,GREECE,MANCHESTER,HERAKLION,0,0,0,622,0,622,-100
07/04/2020 14:56,202002,WESTERN EUROPE-EU,GREECE,MANCHESTER,SALONIKA,5231,5231,0,2789,2789,0,87.558265
07/04/2020 14:56,202002,WESTERN EUROPE-EU,IRISH REPUBLIC,GATWICK,CORK,9313,9313,0,9323,9323,0,-0.107262
07/04/2020 14:56,202002,WESTERN EUROPE-EU,IRISH REPUBLIC,GATWICK,DUBLIN,110496,110496,0,109250,109250,0,1.140503
07/04/2020 14:56,202002,WESTERN EUROPE-EU,IRISH REPUBLIC,GATWICK,IRELAND WEST(KNOCK),5747,5747,0,5219,5219,0,10.116881
07/04/2020 14:56,202002,WESTERN EUROPE-EU,IRISH REPUBLIC,GATWICK,SHANNON,8312,8312,0,8002,8002,0,3.874031
07/04/2020 14:56,202002,WESTERN EUROPE-EU,IRISH REPUBLIC,HEATHROW,CORK,27149,27149,0,27257,27257,0,-0.396228
07/04/2020 14:56,202002,WESTERN EUROPE-EU,IRISH REPUBLIC,HEATHROW,DUBLIN,126557,126557,0,128645,128645,0,-1.623071
07/04/2020 14:56,202002,WESTERN EUROPE-EU,IRISH REPUBLIC,HEATHROW,SHANNON,18133,18133,0,18129,18129,0,0.022064
07/04/2020 14:56,202002,WESTERN EUROPE-EU,IRISH REPUBLIC,LONDON CITY,DUBLIN,35787,35787,0,34391,34391,0,4.059202
07/04/2020 14:56,202002,WESTERN EUROPE-EU,IRISH REPUBLIC,LUTON,CORK,5949,5949,0,5791,5791,0,2.728372
07/04/2020 14:56,202002,WESTERN EUROPE-EU,IRISH REPUBLIC,LUTON,DUBLIN,27060,27060,0,26412,26412,0,2.45343
07/04/2020 14:56,202002,WESTERN EUROPE-EU,IRISH REPUBLIC,LUTON,IRELAND WEST(KNOCK),8116,8116,0,7719,7719,0,5.143153
07/04/2020 14:56,202002,WESTERN EUROPE-EU,IRISH REPUBLIC,LUTON,KERRY COUNTY,7620,7620,0,7478,7478,0,1.898903
07/04/2020 14:56,202002,WESTERN EUROPE-EU,IRISH REPUBLIC,SOUTHEND,DUBLIN,7618,7618,0,5782,5782,0,31.753718
07/04/2020 14:56,202002,WESTERN EUROPE-EU,IRISH REPUBLIC,STANSTED,CORK,25213,25213,0,25479,25479,0,-1.043997
07/04/2020 14:56,202002,WESTERN EUROPE-EU,IRISH REPUBLIC,STANSTED,DUBLIN,68103,68103,0,69685,69483,202,-2.270216
07/04/2020 14:56,202002,WESTERN EUROPE-EU,IRISH REPUBLIC,STANSTED,IRELAND WEST(KNOCK),11898,11898,0,12042,12042,0,-1.195815
07/04/2020 14:56,202002,WESTERN EUROPE-EU,IRISH REPUBLIC,STANSTED,KERRY COUNTY,5941,5941,0,6045,6045,0,-1.72043
07/04/2020 14:56,202002,WESTERN EUROPE-EU,IRISH REPUBLIC,STANSTED,SHANNON,15576,15576,0,15535,15535,0,0.26392
07/04/2020 14:56,202002,WESTERN EUROPE-EU,IRISH REPUBLIC,ABERDEEN,DUBLIN,2566,2566,0,3491,3491,0,-26.496706
07/04/2020 14:56,202002,WESTERN EUROPE-EU,IRISH REPUBLIC,BELFAST INTERNATIONAL,DUBLIN,146,0,146,531,0,531,-72.504708
07/04/2020 14:56,202002,WESTERN EUROPE-EU,IRISH REPUBLIC,BELFAST INTERNATIONAL,KERRY COUNTY,18,0,18,0,0,0,0
07/04/2020 14:56,202002,WESTERN EUROPE-EU,IRISH REPUBLIC,BIRMINGHAM,CORK,6266,6266,0,5609,5609,0,11.713318
07/04/2020 14:56,202002,WESTERN EUROPE-EU,IRISH REPUBLIC,BIRMINGHAM,DUBLIN,77756,77756,0,76311,76311,0,1.893567
07/04/2020 14:56,202002,WESTERN EUROPE-EU,IRISH REPUBLIC,BIRMINGHAM,IRELAND WEST(KNOCK),1239,1239,0,1589,1589,0,-22.026432
07/04/2020 14:56,202002,WESTERN EUROPE-EU,IRISH REPUBLIC,BIRMINGHAM,SHANNON,3022,3022,0,2910,2910,0,3.848797
07/04/2020 14:56,202002,WESTERN EUROPE-EU,IRISH REPUBLIC,BOURNEMOUTH,DUBLIN,5048,5048,0,0,0,0,0
07/04/2020 14:56,202002,WESTERN EUROPE-EU,IRISH REPUBLIC,BRISTOL,CORK,3025,3025,0,2784,2784,0,8.656609
07/04/2020 14:56,202002,WESTERN EUROPE-EU,IRISH REPUBLIC,BRISTOL,DUBLIN,34054,34054,0,30105,30051,54,13.117422
07/04/2020 14:56,202002,WESTERN EUROPE-EU,IRISH REPUBLIC,BRISTOL,IRELAND WEST(KNOCK),3413,3413,0,2793,2793,0,22.198353
07/04/2020 14:56,202002,WESTERN EUROPE-EU,IRISH REPUBLIC,CARDIFF WALES,CORK,415,415,0,1063,1063,0,-60.959548
07/04/2020 14:56,202002,WESTERN EUROPE-EU,IRISH REPUBLIC,CARDIFF WALES,DUBLIN,9103,7951,1152,6913,6913,0,31.679445
07/04/2020 14:56,202002,WESTERN EUROPE-EU,IRISH REPUBLIC,DONCASTER SHEFFIELD,DUBLIN,0,0,0,1808,1808,0,-100
07/04/2020 14:56,202002,WESTERN EUROPE-EU,IRISH REPUBLIC,EAST MIDLANDS INTERNATIONAL,DUBLIN,14836,14836,0,14649,14649,0,1.276538
07/04/2020 14:56,202002,WESTERN EUROPE-EU,IRISH REPUBLIC,EAST MIDLANDS INTERNATIONAL,IRELAND WEST(KNOCK),4767,4767,0,4346,4346,0,9.687069
07/04/2020 14:56,202002,WESTERN EUROPE-EU,IRISH REPUBLIC,EDINBURGH,CORK,3978,3978,0,4189,4189,0,-5.037002
07/04/2020 14:56,202002,WESTERN EUROPE-EU,IRISH REPUBLIC,EDINBURGH,DUBLIN,47293,47218,75,51018,49544,1474,-7.301345
07/04/2020 14:56,202002,WESTERN EUROPE-EU,IRISH REPUBLIC,EDINBURGH,IRELAND WEST(KNOCK),989,989,0,1350,1350,0,-26.740741
07/04/2020 14:56,202002,WESTERN EUROPE-EU,IRISH REPUBLIC,EDINBURGH,SHANNON,1461,1461,0,1514,1514,0,-3.500661
07/04/2020 14:56,202002,WESTERN EUROPE-EU,IRISH REPUBLIC,EXETER,DUBLIN,1540,1540,0,2650,2650,0,-41.886792
07/04/2020 14:56,202002,WESTERN EUROPE-EU,IRISH REPUBLIC,GLASGOW,CORK,1611,1611,0,1729,1729,0,-6.824754
07/04/2020 14:56,202002,WESTERN EUROPE-EU,IRISH REPUBLIC,GLASGOW,DONEGAL,444,444,0,361,361,0,22.99169
07/04/2020 14:56,202002,WESTERN EUROPE-EU,IRISH REPUBLIC,GLASGOW,DUBLIN,38536,38536,0,36825,36825,0,4.6463
07/04/2020 14:56,202002,WESTERN EUROPE-EU,IRISH REPUBLIC,INVERNESS,DUBLIN,433,433,0,378,378,0,14.550265
07/04/2020 14:56,202002,WESTERN EUROPE-EU,IRISH REPUBLIC,ISLE OF MAN,DUBLIN,3153,3153,0,2785,2785,0,13.213645
07/04/2020 14:56,202002,WESTERN EUROPE-EU,IRISH REPUBLIC,LEEDS BRADFORD,DUBLIN,23057,23057,0,23812,23812,0,-3.17067
07/04/2020 14:56,202002,WESTERN EUROPE-EU,IRISH REPUBLIC,LIVERPOOL (JOHN LENNON),CORK,6634,6634,0,6189,6189,0,7.190176
07/04/2020 14:56,202002,WESTERN EUROPE-EU,IRISH REPUBLIC,LIVERPOOL (JOHN LENNON),DUBLIN,29230,29230,0,28072,28072,0,4.125107
07/04/2020 14:56,202002,WESTERN EUROPE-EU,IRISH REPUBLIC,LIVERPOOL (JOHN LENNON),IRELAND WEST(KNOCK),7670,7670,0,7405,7405,0,3.578663
07/04/2020 14:56,202002,WESTERN EUROPE-EU,IRISH REPUBLIC,MANCHESTER,CORK,8368,8368,0,7907,7907,0,5.830277
07/04/2020 14:56,202002,WESTERN EUROPE-EU,IRISH REPUBLIC,MANCHESTER,DUBLIN,83203,83203,0,82620,82620,0,0.70564
07/04/2020 14:56,202002,WESTERN EUROPE-EU,IRISH REPUBLIC,MANCHESTER,IRELAND WEST(KNOCK),2028,2028,0,2279,2279,0,-11.013602
07/04/2020 14:56,202002,WESTERN EUROPE-EU,IRISH REPUBLIC,MANCHESTER,SHANNON,6979,6979,0,6847,6847,0,1.927852
07/04/2020 14:56,202002,WESTERN EUROPE-EU,IRISH REPUBLIC,NEWCASTLE,DUBLIN,16160,16160,0,16270,16270,0,-0.676091
07/04/2020 14:56,202002,WESTERN EUROPE-EU,IRISH REPUBLIC,NEWQUAY,DUBLIN,1529,1529,0,1618,1618,0,-5.500618
07/04/2020 14:56,202002,WESTERN EUROPE-EU,IRISH REPUBLIC,SOUTHAMPTON,CORK,0,0,0,1022,1022,0,-100
07/04/2020 14:56,202002,WESTERN EUROPE-EU,IRISH REPUBLIC,SOUTHAMPTON,DUBLIN,8764,8764,0,10543,10543,0,-16.873755
07/04/2020 14:56,202002,WESTERN EUROPE-EU,ITALY,GATWICK,ANCONA,1753,1753,0,0,0,0,0
07/04/2020 14:56,202002,WESTERN EUROPE-EU,ITALY,GATWICK,BARI (PALESE),1128,1128,0,2108,2108,0,-46.489564
07/04/2020 14:56,202002,WESTERN EUROPE-EU,ITALY,GATWICK,BERGAMO,5259,5259,0,0,0,0,0
07/04/2020 14:56,202002,WESTERN EUROPE-EU,ITALY,GATWICK,BOLOGNA,5922,5922,0,7628,7628,0,-22.364971
07/04/2020 14:56,202002,WESTERN EUROPE-EU,ITALY,GATWICK,CAGLIARI (ELMAS),0,0,0,716,716,0,-100
07/04/2020 14:56,202002,WESTERN EUROPE-EU,ITALY,GATWICK,CATANIA (FONTANAROSSA),4843,4843,0,3929,3929,0,23.262917
07/04/2020 14:56,202002,WESTERN EUROPE-EU,ITALY,GATWICK,FLORENCE,8371,8371,0,7072,7072,0,18.368213
07/04/2020 14:56,202002,WESTERN EUROPE-EU,ITALY,GATWICK,GENOA,2994,2994,0,4340,4340,0,-31.013825
07/04/2020 14:56,202002,WESTERN EUROPE-EU,ITALY,GATWICK,MILAN (LINATE),19304,19304,0,22589,22589,0,-14.542476
07/04/2020 14:56,202002,WESTERN EUROPE-EU,ITALY,GATWICK,MILAN (MALPENSA),31508,31200,308,41684,41684,0,-24.412245
07/04/2020 14:56,202002,WESTERN EUROPE-EU,ITALY,GATWICK,NAPLES,17363,17363,0,16279,16279,0,6.658886
07/04/2020 14:56,202002,WESTERN EUROPE-EU,ITALY,GATWICK,OLBIA,206,206,0,2178,2178,0,-90.541781
07/04/2020 14:56,202002,WESTERN EUROPE-EU,ITALY,GATWICK,PALERMO,1803,1803,0,2437,2437,0,-26.015593
07/04/2020 14:56,202002,WESTERN EUROPE-EU,ITALY,GATWICK,PISA,8513,8513,0,12236,12236,0,-30.42661
07/04/2020 14:56,202002,WESTERN EUROPE-EU,ITALY,GATWICK,ROME (FIUMICINO),50163,50163,0,53477,53477,0,-6.197057
07/04/2020 14:56,202002,WESTERN EUROPE-EU,ITALY,GATWICK,TURIN,31212,26754,4458,30651,24653,5998,1.830283
07/04/2020 14:56,202002,WESTERN EUROPE-EU,ITALY,GATWICK,VENICE,42536,42536,0,47336,47336,0,-10.140274
07/04/2020 14:56,202002,WESTERN EUROPE-EU,ITALY,GATWICK,VERONA VILLAFRANCA,13309,11706,1603,13539,11499,2040,-1.698796
07/04/2020 14:56,202002,WESTERN EUROPE-EU,ITALY,HEATHROW,BOLOGNA,16587,16587,0,18113,18113,0,-8.424888
07/04/2020 14:56,202002,WESTERN EUROPE-EU,ITALY,HEATHROW,MILAN (LINATE),47085,47085,0,48067,48067,0,-2.042982
07/04/2020 14:56,202002,WESTERN EUROPE-EU,ITALY,HEATHROW,MILAN (MALPENSA),7398,7398,0,13261,13261,0,-44.212352
07/04/2020 14:56,202002,WESTERN EUROPE-EU,ITALY,HEATHROW,PISA,6072,6072,0,4998,4998,0,21.488595
07/04/2020 14:56,202002,WESTERN EUROPE-EU,ITALY,HEATHROW,ROME (FIUMICINO),56187,56187,0,65567,65567,0,-14.305977
07/04/2020 14:56,202002,WESTERN EUROPE-EU,ITALY,HEATHROW,VENICE,7464,7464,0,12407,12407,0,-39.840413
07/04/2020 14:56,202002,WESTERN EUROPE-EU,ITALY,LONDON CITY,FLORENCE,6177,6177,0,4461,4461,0,38.466711
07/04/2020 14:56,202002,WESTERN EUROPE-EU,ITALY,LONDON CITY,MILAN (LINATE),25915,25915,0,28369,28369,0,-8.650287
07/04/2020 14:56,202002,WESTERN EUROPE-EU,ITALY,LONDON CITY,ROME (FIUMICINO),2680,2680,0,3169,3169,0,-15.430735
07/04/2020 14:56,202002,WESTERN EUROPE-EU,ITALY,LUTON,ALGHERO (FERTILIA),2072,2072,0,2021,2021,0,2.523503
07/04/2020 14:56,202002,WESTERN EUROPE-EU,ITALY,LUTON,BARI (PALESE),0,0,0,2293,2293,0,-100
07/04/2020 14:56,202002,WESTERN EUROPE-EU,ITALY,LUTON,BOLOGNA,8368,8368,0,8894,8894,0,-5.914099
07/04/2020 14:56,202002,WESTERN EUROPE-EU,ITALY,LUTON,CATANIA (FONTANAROSSA),4606,4606,0,2620,2620,0,75.801527
07/04/2020 14:56,202002,WESTERN EUROPE-EU,ITALY,LUTON,FLORENCE,1217,1217,0,0,0,0,0
07/04/2020 14:56,202002,WESTERN EUROPE-EU,ITALY,LUTON,MILAN (MALPENSA),7497,7497,0,9977,9977,0,-24.857171
07/04/2020 14:56,202002,WESTERN EUROPE-EU,ITALY,LUTON,NAPLES,7043,7043,0,7287,7287,0,-3.348429
07/04/2020 14:56,202002,WESTERN EUROPE-EU,ITALY,LUTON,PISA,1478,1478,0,2857,2857,0,-48.267413
07/04/2020 14:56,202002,WESTERN EUROPE-EU,ITALY,LUTON,ROME (FIUMICINO),6351,6351,0,8112,8112,0,-21.70858
07/04/2020 14:56,202002,WESTERN EUROPE-EU,ITALY,LUTON,TURIN,1159,1159,0,3538,3538,0,-67.241379
07/04/2020 14:56,202002,WESTERN EUROPE-EU,ITALY,LUTON,VENICE,6534,6534,0,6818,6818,0,-4.165444
07/04/2020 14:56,202002,WESTERN EUROPE-EU,ITALY,LUTON,VERONA VILLAFRANCA,0,0,0,2944,2584,360,-100
07/04/2020 14:56,202002,WESTERN EUROPE-EU,ITALY,SOUTHEND,BERGAMO,2596,2596,0,0,0,0,0
07/04/2020 14:56,202002,WESTERN EUROPE-EU,ITALY,SOUTHEND,TREVISO,3115,3115,0,0,0,0,0
07/04/2020 14:56,202002,WESTERN EUROPE-EU,ITALY,SOUTHEND,TURIN,301,301,0,0,0,0,0
07/04/2020 14:56,202002,WESTERN EUROPE-EU,ITALY,SOUTHEND,VERONA VILLAFRANCA,259,259,0,0,0,0,0
07/04/2020 14:56,202002,WESTERN EUROPE-EU,ITALY,STANSTED,ANCONA,5264,5264,0,5474,5474,0,-3.836317
07/04/2020 14:56,202002,WESTERN EUROPE-EU,ITALY,STANSTED,BARI (PALESE),9354,9354,0,9217,9217,0,1.486384
07/04/2020 14:56,202002,WESTERN EUROPE-EU,ITALY,STANSTED,BERGAMO,37464,37464,0,36552,36552,0,2.495076
07/04/2020 14:56,202002,WESTERN EUROPE-EU,ITALY,STANSTED,BOLOGNA,16710,16710,0,17213,17213,0,-2.92221
07/04/2020 14:56,202002,WESTERN EUROPE-EU,ITALY,STANSTED,BRINDISI,4129,4129,0,3902,3902,0,5.817529
07/04/2020 14:56,202002,WESTERN EUROPE-EU,ITALY,STANSTED,CAGLIARI (ELMAS),9073,9073,0,7165,7165,0,26.629449
07/04/2020 14:56,202002,WESTERN EUROPE-EU,ITALY,STANSTED,GENOA,4033,4033,0,3799,3799,0,6.159516
07/04/2020 14:56,202002,WESTERN EUROPE-EU,ITALY,STANSTED,LAMETIA-TERME,2544,2544,0,2686,2686,0,-5.286672
07/04/2020 14:56,202002,WESTERN EUROPE-EU,ITALY,STANSTED,MILAN (MALPENSA),20729,20729,0,17151,17151,0,20.861757
07/04/2020 14:56,202002,WESTERN EUROPE-EU,ITALY,STANSTED,NAPLES,19514,19514,0,16982,16982,0,14.909905
07/04/2020 14:56,202002,WESTERN EUROPE-EU,ITALY,STANSTED,PALERMO,8087,8087,0,5381,5381,0,50.288051
07/04/2020 14:56,202002,WESTERN EUROPE-EU,ITALY,STANSTED,PERUGIA,4939,4939,0,5294,5294,0,-6.705705
07/04/2020 14:56,202002,WESTERN EUROPE-EU,ITALY,STANSTED,PESCARA,6776,6776,0,6979,6979,0,-2.908726
07/04/2020 14:56,202002,WESTERN EUROPE-EU,ITALY,STANSTED,PISA,18060,18060,0,18872,18872,0,-4.302671
07/04/2020 14:56,202002,WESTERN EUROPE-EU,ITALY,STANSTED,ROME (CIAMPINO),46201,46201,0,44747,44747,0,3.24938
07/04/2020 14:56,202002,WESTERN EUROPE-EU,ITALY,STANSTED,ROME (FIUMICINO),0,0,0,1583,1583,0,-100
07/04/2020 14:56,202002,WESTERN EUROPE-EU,ITALY,STANSTED,TREVISO,243,243,0,24349,24349,0,-99.002012
07/04/2020 14:56,202002,WESTERN EUROPE-EU,ITALY,STANSTED,TRIESTE (RONCHI DEI LEGIONARI),3637,3637,0,3947,3947,0,-7.854066
07/04/2020 14:56,202002,WESTERN EUROPE-EU,ITALY,STANSTED,TURIN,12519,11183,1336,12866,10821,2045,-2.697031
07/04/2020 14:56,202002,WESTERN EUROPE-EU,ITALY,STANSTED,VENICE,22535,22535,0,0,0,0,0
07/04/2020 14:56,202002,WESTERN EUROPE-EU,ITALY,STANSTED,VERONA VILLAFRANCA,4154,3737,417,4459,3967,492,-6.840099
07/04/2020 14:56,202002,WESTERN EUROPE-EU,ITALY,BELFAST INTERNATIONAL,BERGAMO,1560,1560,0,2279,2279,0,-31.548925
07/04/2020 14:56,202002,WESTERN EUROPE-EU,ITALY,BELFAST INTERNATIONAL,ROME (FIUMICINO),0,0,0,337,0,337,-100
07/04/2020 14:56,202002,WESTERN EUROPE-EU,ITALY,BELFAST INTERNATIONAL,VENICE,1631,1631,0,2075,2075,0,-21.39759
07/04/2020 14:56,202002,WESTERN EUROPE-EU,ITALY,BELFAST INTERNATIONAL,VERONA VILLAFRANCA,1579,0,1579,1300,0,1300,21.461538
07/04/2020 14:56,202002,WESTERN EUROPE-EU,ITALY,BIGGIN HILL,MILAN (LINATE),26,0,26,3,0,3,766.666667
07/04/2020 14:56,202002,WESTERN EUROPE-EU,ITALY,BIGGIN HILL,ROME (CIAMPINO),0,0,0,5,0,5,-100
07/04/2020 14:56,202002,WESTERN EUROPE-EU,ITALY,BIGGIN HILL,ROME (FIUMICINO),8,0,8,0,0,0,0
07/04/2020 14:56,202002,WESTERN EUROPE-EU,ITALY,BIRMINGHAM,MILAN (LINATE),0,0,0,355,355,0,-100
07/04/2020 14:56,202002,WESTERN EUROPE-EU,ITALY,BIRMINGHAM,MILAN (MALPENSA),1304,1304,0,3818,3818,0,-65.845993
07/04/2020 14:56,202002,WESTERN EUROPE-EU,ITALY,BIRMINGHAM,ROME (FIUMICINO),4818,4818,0,4976,4976,0,-3.175241
07/04/2020 14:56,202002,WESTERN EUROPE-EU,ITALY,BIRMINGHAM,TURIN,4234,2525,1709,3859,2267,1592,9.717543
07/04/2020 14:56,202002,WESTERN EUROPE-EU,ITALY,BIRMINGHAM,VENICE,1275,1275,0,1176,1176,0,8.418367
07/04/2020 14:56,202002,WESTERN EUROPE-EU,ITALY,BIRMINGHAM,VERONA VILLAFRANCA,3514,1537,1977,4188,2789,1399,-16.093601
07/04/2020 14:56,202002,WESTERN EUROPE-EU,ITALY,BOURNEMOUTH,TURIN,0,0,0,795,0,795,-100
07/04/2020 14:56,202002,WESTERN EUROPE-EU,ITALY,BRISTOL,BERGAMO,3565,3565,0,3837,3837,0,-7.088872
07/04/2020 14:56,202002,WESTERN EUROPE-EU,ITALY,BRISTOL,CATANIA (FONTANAROSSA),1126,1126,0,1813,1813,0,-37.892995
07/04/2020 14:56,202002,WESTERN EUROPE-EU,ITALY,BRISTOL,MILAN (MALPENSA),4861,4861,0,0,0,0,0
07/04/2020 14:56,202002,WESTERN EUROPE-EU,ITALY,BRISTOL,NAPLES,1308,1308,0,2075,2075,0,-36.963855
07/04/2020 14:56,202002,WESTERN EUROPE-EU,ITALY,BRISTOL,PISA,1809,1809,0,2146,2146,0,-15.703635
07/04/2020 14:56,202002,WESTERN EUROPE-EU,ITALY,BRISTOL,ROME (FIUMICINO),8121,8121,0,8460,8460,0,-4.007092
07/04/2020 14:56,202002,WESTERN EUROPE-EU,ITALY,BRISTOL,TREVISO,115,115,0,0,0,0,0
07/04/2020 14:56,202002,WESTERN EUROPE-EU,ITALY,BRISTOL,TURIN,3629,2239,1390,2571,1022,1549,41.151303
07/04/2020 14:56,202002,WESTERN EUROPE-EU,ITALY,BRISTOL,VENICE,11760,11760,0,12929,12929,0,-9.041689
07/04/2020 14:56,202002,WESTERN EUROPE-EU,ITALY,BRISTOL,VERONA VILLAFRANCA,1658,0,1658,1524,0,1524,8.792651
07/04/2020 14:56,202002,WESTERN EUROPE-EU,ITALY,CARDIFF WALES,MILAN (MALPENSA),0,0,0,899,899,0,-100
07/04/2020 14:56,202002,WESTERN EUROPE-EU,ITALY,CARDIFF WALES,ROME (FIUMICINO),0,0,0,3951,1282,2669,-100
07/04/2020 14:56,202002,WESTERN EUROPE-EU,ITALY,EAST MIDLANDS INTERNATIONAL,BERGAMO,3896,3896,0,4012,4012,0,-2.891326
07/04/2020 14:56,202002,WESTERN EUROPE-EU,ITALY,EAST MIDLANDS INTERNATIONAL,TREVISO,2424,2424,0,2653,2653,0,-8.631738
07/04/2020 14:56,202002,WESTERN EUROPE-EU,ITALY,EAST MIDLANDS INTERNATIONAL,TURIN,0,0,0,92,0,92,-100
07/04/2020 14:56,202002,WESTERN EUROPE-EU,ITALY,EDINBURGH,BERGAMO,10233,10233,0,6286,6286,0,62.790328
07/04/2020 14:56,202002,WESTERN EUROPE-EU,ITALY,EDINBURGH,BOLOGNA,2554,2554,0,2680,2680,0,-4.701493
07/04/2020 14:56,202002,WESTERN EUROPE-EU,ITALY,EDINBURGH,MILAN (MALPENSA),11346,11346,0,11714,11714,0,-3.14154
07/04/2020 14:56,202002,WESTERN EUROPE-EU,ITALY,EDINBURGH,NAPLES,897,897,0,2307,2307,0,-61.118336
07/04/2020 14:56,202002,WESTERN EUROPE-EU,ITALY,EDINBURGH,ROME (CIAMPINO),6998,6998,0,7052,7052,0,-0.76574
07/04/2020 14:56,202002,WESTERN EUROPE-EU,ITALY,EDINBURGH,ROME (FIUMICINO),1529,622,907,0,0,0,0
07/04/2020 14:56,202002,WESTERN EUROPE-EU,ITALY,EDINBURGH,TREVISO,2215,2215,0,3391,3391,0,-34.680035
07/04/2020 14:56,202002,WESTERN EUROPE-EU,ITALY,EDINBURGH,TURIN,1606,1606,0,1389,1389,0,15.62275
07/04/2020 14:56,202002,WESTERN EUROPE-EU,ITALY,EDINBURGH,VENICE,5554,5554,0,5508,5508,0,0.835149
07/04/2020 14:56,202002,WESTERN EUROPE-EU,ITALY,EDINBURGH,VERONA VILLAFRANCA,2248,1366,882,725,0,725,210.068966
07/04/2020 14:56,202002,WESTERN EUROPE-EU,ITALY,GLASGOW,ROME (FIUMICINO),3485,3110,375,1930,1930,0,80.569948
07/04/2020 14:56,202002,WESTERN EUROPE-EU,ITALY,GLASGOW,TURIN,1455,0,1455,1605,0,1605,-9.345794
07/04/2020 14:56,202002,WESTERN EUROPE-EU,ITALY,GLASGOW,VENICE,2425,2425,0,2177,2177,0,11.391824
07/04/2020 14:56,202002,WESTERN EUROPE-EU,ITALY,LEEDS BRADFORD,ROME (FIUMICINO),1260,1260,0,1317,1317,0,-4.328018
07/04/2020 14:56,202002,WESTERN EUROPE-EU,ITALY,LEEDS BRADFORD,TURIN,0,0,0,627,627,0,-100
07/04/2020 14:56,202002,WESTERN EUROPE-EU,ITALY,LIVERPOOL (JOHN LENNON),MILAN (MALPENSA),0,0,0,3406,3406,0,-100
07/04/2020 14:56,202002,WESTERN EUROPE-EU,ITALY,LIVERPOOL (JOHN LENNON),NAPLES,1221,1221,0,0,0,0,0
07/04/2020 14:56,202002,WESTERN EUROPE-EU,ITALY,LIVERPOOL (JOHN LENNON),ROME (FIUMICINO),0,0,0,3442,3442,0,-100
07/04/2020 14:56,202002,WESTERN EUROPE-EU,ITALY,LIVERPOOL (JOHN LENNON),VENICE,1652,1652,0,2229,2229,0,-25.886048
07/04/2020 14:56,202002,WESTERN EUROPE-EU,ITALY,MANCHESTER,BERGAMO,12556,12556,0,9685,9685,0,29.643779
07/04/2020 14:56,202002,WESTERN EUROPE-EU,ITALY,MANCHESTER,BOLOGNA,2564,2564,0,2784,2784,0,-7.902299
07/04/2020 14:56,202002,WESTERN EUROPE-EU,ITALY,MANCHESTER,CATANIA (FONTANAROSSA),1470,1470,0,2678,2678,0,-45.10829
07/04/2020 14:56,202002,WESTERN EUROPE-EU,ITALY,MANCHESTER,MILAN (MALPENSA),13614,13614,0,12270,12270,0,10.953545
07/04/2020 14:56,202002,WESTERN EUROPE-EU,ITALY,MANCHESTER,NAPLES,2996,2996,0,2766,2766,0,8.315257
07/04/2020 14:56,202002,WESTERN EUROPE-EU,ITALY,MANCHESTER,PISA,1660,1660,0,2646,2646,0,-37.263794
07/04/2020 14:56,202002,WESTERN EUROPE-EU,ITALY,MANCHESTER,ROME (CIAMPINO),10025,10025,0,9898,9898,0,1.283087
07/04/2020 14:56,202002,WESTERN EUROPE-EU,ITALY,MANCHESTER,ROME (FIUMICINO),6303,6303,0,6649,6649,0,-5.20379
07/04/2020 14:56,202002,WESTERN EUROPE-EU,ITALY,MANCHESTER,TREVISO,3723,3723,0,4058,4058,0,-8.255298
07/04/2020 14:56,202002,WESTERN EUROPE-EU,ITALY,MANCHESTER,TURIN,7168,4727,2441,8074,5157,2917,-11.221204
07/04/2020 14:56,202002,WESTERN EUROPE-EU,ITALY,MANCHESTER,VENICE,8181,8181,0,7119,7119,0,14.917826
07/04/2020 14:56,202002,WESTERN EUROPE-EU,ITALY,MANCHESTER,VERONA VILLAFRANCA,4259,2351,1908,2020,0,2020,110.841584
07/04/2020 14:56,202002,WESTERN EUROPE-EU,ITALY,NEWCASTLE,ROME (FIUMICINO),1577,1577,0,1280,1280,0,23.203125
07/04/2020 14:56,202002,WESTERN EUROPE-EU,ITALY,NEWCASTLE,TURIN,1418,1418,0,1372,1372,0,3.35277
07/04/2020 14:56,202002,WESTERN EUROPE-EU,LUXEMBOURG,GATWICK,LUXEMBOURG,5501,5501,0,5629,5629,0,-2.273939
07/04/2020 14:56,202002,WESTERN EUROPE-EU,LUXEMBOURG,HEATHROW,LUXEMBOURG,15248,15248,0,13304,13304,0,14.612147
07/04/2020 14:56,202002,WESTERN EUROPE-EU,LUXEMBOURG,LONDON CITY,LUXEMBOURG,12603,12603,0,13555,13555,0,-7.023239
07/04/2020 14:56,202002,WESTERN EUROPE-EU,LUXEMBOURG,LUTON,LUXEMBOURG,0,0,0,23,23,0,-100
07/04/2020 14:56,202002,WESTERN EUROPE-EU,LUXEMBOURG,STANSTED,LUXEMBOURG,8955,8832,123,8801,8801,0,1.749801
07/04/2020 14:56,202002,WESTERN EUROPE-EU,LUXEMBOURG,BIRMINGHAM,LUXEMBOURG,0,0,0,36,36,0,-100
07/04/2020 14:56,202002,WESTERN EUROPE-EU,LUXEMBOURG,EDINBURGH,LUXEMBOURG,3355,3355,0,0,0,0,0
07/04/2020 14:56,202002,WESTERN EUROPE-EU,LUXEMBOURG,MANCHESTER,LUXEMBOURG,1643,1643,0,1993,1993,0,-17.561465
07/04/2020 14:56,202002,WESTERN EUROPE-EU,MALTA,GATWICK,MALTA,25035,25035,0,21430,20566,864,16.822212
07/04/2020 14:56,202002,WESTERN EUROPE-EU,MALTA,HEATHROW,MALTA,14214,14214,0,13473,13473,0,5.499889
07/04/2020 14:56,202002,WESTERN EUROPE-EU,MALTA,LUTON,MALTA,5378,5378,0,5174,5174,0,3.942791
07/04/2020 14:56,202002,WESTERN EUROPE-EU,MALTA,SOUTHEND,MALTA,2191,2191,0,3399,3399,0,-35.539865
07/04/2020 14:56,202002,WESTERN EUROPE-EU,MALTA,STANSTED,MALTA,6260,6260,0,5032,5032,0,24.403816
07/04/2020 14:56,202002,WESTERN EUROPE-EU,MALTA,BELFAST INTERNATIONAL,MALTA,0,0,0,2526,2526,0,-100
07/04/2020 14:56,202002,WESTERN EUROPE-EU,MALTA,BIGGIN HILL,MALTA,1,0,1,0,0,0,0
07/04/2020 14:56,202002,WESTERN EUROPE-EU,MALTA,BIRMINGHAM,MALTA,4724,4724,0,4452,4452,0,6.109614
07/04/2020 14:56,202002,WESTERN EUROPE-EU,MALTA,BOURNEMOUTH,MALTA,2616,2616,0,2414,2414,0,8.367854
07/04/2020 14:56,202002,WESTERN EUROPE-EU,MALTA,BRISTOL,MALTA,3842,3842,0,3876,3876,0,-0.877193
07/04/2020 14:56,202002,WESTERN EUROPE-EU,MALTA,CARDIFF WALES,MALTA,2539,2539,0,0,0,0,0
07/04/2020 14:56,202002,WESTERN EUROPE-EU,MALTA,EAST MIDLANDS INTERNATIONAL,MALTA,3922,3922,0,3796,3796,0,3.319283
07/04/2020 14:56,202002,WESTERN EUROPE-EU,MALTA,EDINBURGH,MALTA,3091,3091,0,2594,2594,0,19.159599
07/04/2020 14:56,202002,WESTERN EUROPE-EU,MALTA,EXETER,MALTA,2317,2317,0,0,0,0,0
07/04/2020 14:56,202002,WESTERN EUROPE-EU,MALTA,LEEDS BRADFORD,MALTA,3640,3640,0,2861,2861,0,27.228242
07/04/2020 14:56,202002,WESTERN EUROPE-EU,MALTA,LIVERPOOL (JOHN LENNON),MALTA,2672,2672,0,2598,2598,0,2.848345
07/04/2020 14:56,202002,WESTERN EUROPE-EU,MALTA,MANCHESTER,MALTA,11842,11842,0,11586,10132,1454,2.209563
07/04/2020 14:56,202002,WESTERN EUROPE-EU,MALTA,NEWCASTLE,MALTA,1367,1367,0,2476,2476,0,-44.789984
07/04/2020 14:56,202002,WESTERN EUROPE-EU,MALTA,PRESTWICK,MALTA,0,0,0,1092,1092,0,-100
07/04/2020 14:56,202002,WESTERN EUROPE-EU,NETHERLANDS,GATWICK,AMSTERDAM,85300,85300,0,87872,87872,0,-2.926985
07/04/2020 14:56,202002,WESTERN EUROPE-EU,NETHERLANDS,HEATHROW,AMSTERDAM,127895,127895,0,136173,136173,0,-6.079032
07/04/2020 14:56,202002,WESTERN EUROPE-EU,NETHERLANDS,LONDON CITY,AMSTERDAM,50164,50164,0,50435,50435,0,-0.537325
07/04/2020 14:56,202002,WESTERN EUROPE-EU,NETHERLANDS,LONDON CITY,ROTTERDAM,11651,11651,0,14523,14523,0,-19.775528
07/04/2020 14:56,202002,WESTERN EUROPE-EU,NETHERLANDS,LUTON,AMSTERDAM,64521,64521,0,67742,67742,0,-4.754805
07/04/2020 14:56,202002,WESTERN EUROPE-EU,NETHERLANDS,SOUTHEND,AMSTERDAM,14148,14148,0,16349,16349,0,-13.462597
07/04/2020 14:56,202002,WESTERN EUROPE-EU,NETHERLANDS,SOUTHEND,GRONINGEN,1729,1729,0,3481,3481,0,-50.330365
07/04/2020 14:56,202002,WESTERN EUROPE-EU,NETHERLANDS,STANSTED,AMSTERDAM,28434,28434,0,30456,30456,0,-6.639086
07/04/2020 14:56,202002,WESTERN EUROPE-EU,NETHERLANDS,STANSTED,EINDHOVEN,20823,20823,0,21128,21128,0,-1.443582
07/04/2020 14:56,202002,WESTERN EUROPE-EU,NETHERLANDS,STANSTED,ROTTERDAM,0,0,0,95,95,0,-100
07/04/2020 14:56,202002,WESTERN EUROPE-EU,NETHERLANDS,ABERDEEN,AMSTERDAM,21542,21542,0,20756,20756,0,3.786857
07/04/2020 14:56,202002,WESTERN EUROPE-EU,NETHERLANDS,BELFAST CITY (GEORGE BEST),AMSTERDAM,3313,3313,0,3029,3029,0,9.376032
07/04/2020 14:56,202002,WESTERN EUROPE-EU,NETHERLANDS,BELFAST INTERNATIONAL,AMSTERDAM,8728,8544,184,8536,8536,0,2.249297
07/04/2020 14:56,202002,WESTERN EUROPE-EU,NETHERLANDS,BIRMINGHAM,AMSTERDAM,52714,52714,0,59004,59004,0,-10.660294
07/04/2020 14:56,202002,WESTERN EUROPE-EU,NETHERLANDS,BRISTOL,AMSTERDAM,33022,33022,0,32394,32394,0,1.938631
07/04/2020 14:56,202002,WESTERN EUROPE-EU,NETHERLANDS,CARDIFF WALES,AMSTERDAM,11449,11449,0,11876,11876,0,-3.595487
07/04/2020 14:56,202002,WESTERN EUROPE-EU,NETHERLANDS,DONCASTER SHEFFIELD,AMSTERDAM,0,0,0,4516,4516,0,-100
07/04/2020 14:56,202002,WESTERN EUROPE-EU,NETHERLANDS,DUNDEE,AMSTERDAM,2,0,2,0,0,0,0
07/04/2020 14:56,202002,WESTERN EUROPE-EU,NETHERLANDS,EAST MIDLANDS INTERNATIONAL,AMSTERDAM,3277,3277,0,3693,3693,0,-11.264555
07/04/2020 14:56,202002,WESTERN EUROPE-EU,NETHERLANDS,EDINBURGH,AMSTERDAM,41268,41268,0,44324,44324,0,-6.894685
07/04/2020 14:56,202002,WESTERN EUROPE-EU,NETHERLANDS,EDINBURGH,EINDHOVEN,2687,2687,0,3847,3847,0,-30.153366
07/04/2020 14:56,202002,WESTERN EUROPE-EU,NETHERLANDS,EDINBURGH,ROTTERDAM,48,48,0,0,0,0,0
07/04/2020 14:56,202002,WESTERN EUROPE-EU,NETHERLANDS,EXETER,AMSTERDAM,5016,5016,0,5762,5762,0,-12.946893
07/04/2020 14:56,202002,WESTERN EUROPE-EU,NETHERLANDS,GLASGOW,AMSTERDAM,28047,28047,0,28043,27947,96,0.014264
07/04/2020 14:56,202002,WESTERN EUROPE-EU,NETHERLANDS,HUMBERSIDE,AMSTERDAM,10332,10332,0,10222,10222,0,1.07611
07/04/2020 14:56,202002,WESTERN EUROPE-EU,NETHERLANDS,INVERNESS,AMSTERDAM,3700,3700,0,3535,3535,0,4.66761
07/04/2020 14:56,202002,WESTERN EUROPE-EU,NETHERLANDS,LEEDS BRADFORD,AMSTERDAM,19449,19449,0,20806,20806,0,-6.522157
07/04/2020 14:56,202002,WESTERN EUROPE-EU,NETHERLANDS,LIVERPOOL (JOHN LENNON),AMSTERDAM,20830,20830,0,20243,20243,0,2.899768
07/04/2020 14:56,202002,WESTERN EUROPE-EU,NETHERLANDS,MANCHESTER,AMSTERDAM,84879,84879,0,85839,85839,0,-1.118373
07/04/2020 14:56,202002,WESTERN EUROPE-EU,NETHERLANDS,MANCHESTER,EINDHOVEN,5227,5227,0,5189,5189,0,0.732318
07/04/2020 14:56,202002,WESTERN EUROPE-EU,NETHERLANDS,MANCHESTER,ROTTERDAM,343,0,343,0,0,0,0
07/04/2020 14:56,202002,WESTERN EUROPE-EU,NETHERLANDS,NEWCASTLE,AMSTERDAM,27022,27022,0,27804,27735,69,-2.812545
07/04/2020 14:56,202002,WESTERN EUROPE-EU,NETHERLANDS,NORWICH,AMSTERDAM,10923,10923,0,11087,11087,0,-1.47921
07/04/2020 14:56,202002,WESTERN EUROPE-EU,NETHERLANDS,SOUTHAMPTON,AMSTERDAM,12954,12954,0,16207,16207,0,-20.071574
07/04/2020 14:56,202002,WESTERN EUROPE-EU,NETHERLANDS,TEESSIDE INTERNATIONAL AIRPORT,AMSTERDAM,8938,8938,0,9048,9048,0,-1.215738
07/04/2020 14:56,202002,WESTERN EUROPE-EU,PORTUGAL(EXCLUDING MADEIRA),GATWICK,FARO,31190,31190,0,27710,27710,0,12.558643
07/04/2020 14:56,202002,WESTERN EUROPE-EU,PORTUGAL(EXCLUDING MADEIRA),GATWICK,LISBON,27172,27172,0,25668,25668,0,5.859436
07/04/2020 14:56,202002,WESTERN EUROPE-EU,PORTUGAL(EXCLUDING MADEIRA),GATWICK,OPORTO (PORTUGAL),27038,27038,0,22942,22942,0,17.853718
07/04/2020 14:56,202002,WESTERN EUROPE-EU,PORTUGAL(EXCLUDING MADEIRA),HEATHROW,LISBON,65779,65779,0,58917,58917,0,11.646893
07/04/2020 14:56,202002,WESTERN EUROPE-EU,PORTUGAL(EXCLUDING MADEIRA),LONDON CITY,LISBON,0,0,0,4638,4638,0,-100
07/04/2020 14:56,202002,WESTERN EUROPE-EU,PORTUGAL(EXCLUDING MADEIRA),LONDON CITY,OPORTO (PORTUGAL),0,0,0,2384,2384,0,-100
07/04/2020 14:56,202002,WESTERN EUROPE-EU,PORTUGAL(EXCLUDING MADEIRA),LUTON,FARO,9838,9838,0,8901,8901,0,10.526907
07/04/2020 14:56,202002,WESTERN EUROPE-EU,PORTUGAL(EXCLUDING MADEIRA),LUTON,LISBON,24211,24211,0,29061,29061,0,-16.689033
07/04/2020 14:56,202002,WESTERN EUROPE-EU,PORTUGAL(EXCLUDING MADEIRA),LUTON,OPORTO (PORTUGAL),6027,6027,0,2799,2799,0,115.326902
07/04/2020 14:56,202002,WESTERN EUROPE-EU,PORTUGAL(EXCLUDING MADEIRA),SOUTHEND,FARO,3299,3299,0,3189,3189,0,3.449357
07/04/2020 14:56,202002,WESTERN EUROPE-EU,PORTUGAL(EXCLUDING MADEIRA),STANSTED,AZORES PONTA DELGADA,1617,1617,0,1033,1033,0,56.534366
07/04/2020 14:56,202002,WESTERN EUROPE-EU,PORTUGAL(EXCLUDING MADEIRA),STANSTED,FARO,14992,14992,0,12765,12765,0,17.446142
07/04/2020 14:56,202002,WESTERN EUROPE-EU,PORTUGAL(EXCLUDING MADEIRA),STANSTED,LISBON,39370,39083,287,29494,29128,366,33.484777
07/04/2020 14:56,202002,WESTERN EUROPE-EU,PORTUGAL(EXCLUDING MADEIRA),STANSTED,OPORTO (PORTUGAL),29267,29267,0,25307,25307,0,15.647844
07/04/2020 14:56,202002,WESTERN EUROPE-EU,PORTUGAL(EXCLUDING MADEIRA),BELFAST INTERNATIONAL,FARO,3246,3246,0,3719,3719,0,-12.718473
07/04/2020 14:56,202002,WESTERN EUROPE-EU,PORTUGAL(EXCLUDING MADEIRA),BIRMINGHAM,FARO,8589,8589,0,6153,6153,0,39.590444
07/04/2020 14:56,202002,WESTERN EUROPE-EU,PORTUGAL(EXCLUDING MADEIRA),BIRMINGHAM,OPORTO (PORTUGAL),2719,2719,0,38,38,0,7055.263158
07/04/2020 14:56,202002,WESTERN EUROPE-EU,PORTUGAL(EXCLUDING MADEIRA),BOURNEMOUTH,FARO,3106,3106,0,2615,2615,0,18.776291
07/04/2020 14:56,202002,WESTERN EUROPE-EU,PORTUGAL(EXCLUDING MADEIRA),BRISTOL,FARO,12662,12662,0,13025,12915,110,-2.786948
07/04/2020 14:56,202002,WESTERN EUROPE-EU,PORTUGAL(EXCLUDING MADEIRA),BRISTOL,LISBON,6944,6944,0,6031,6031,0,15.138451
07/04/2020 14:56,202002,WESTERN EUROPE-EU,PORTUGAL(EXCLUDING MADEIRA),BRISTOL,OPORTO (PORTUGAL),3454,3454,0,3676,3676,0,-6.039173
07/04/2020 14:56,202002,WESTERN EUROPE-EU,PORTUGAL(EXCLUDING MADEIRA),CARDIFF WALES,FARO,0,0,0,991,991,0,-100
07/04/2020 14:56,202002,WESTERN EUROPE-EU,PORTUGAL(EXCLUDING MADEIRA),EAST MIDLANDS INTERNATIONAL,FARO,4687,4687,0,5269,5269,0,-11.045739
07/04/2020 14:56,202002,WESTERN EUROPE-EU,PORTUGAL(EXCLUDING MADEIRA),EAST MIDLANDS INTERNATIONAL,OPORTO (PORTUGAL),177,177,0,185,185,0,-4.324324
07/04/2020 14:56,202002,WESTERN EUROPE-EU,PORTUGAL(EXCLUDING MADEIRA),EDINBURGH,FARO,3598,3598,0,3101,3101,0,16.027088
07/04/2020 14:56,202002,WESTERN EUROPE-EU,PORTUGAL(EXCLUDING MADEIRA),EDINBURGH,LISBON,6522,6522,0,6042,6042,0,7.944389
07/04/2020 14:56,202002,WESTERN EUROPE-EU,PORTUGAL(EXCLUDING MADEIRA),EDINBURGH,OPORTO (PORTUGAL),0,0,0,2694,2694,0,-100
07/04/2020 14:56,202002,WESTERN EUROPE-EU,PORTUGAL(EXCLUDING MADEIRA),EXETER,FARO,0,0,0,682,682,0,-100
07/04/2020 14:56,202002,WESTERN EUROPE-EU,PORTUGAL(EXCLUDING MADEIRA),GLASGOW,FARO,3422,3422,0,4219,4219,0,-18.890732
07/04/2020 14:56,202002,WESTERN EUROPE-EU,PORTUGAL(EXCLUDING MADEIRA),GLASGOW,OPORTO (PORTUGAL),2996,0,2996,0,0,0,0
07/04/2020 14:56,202002,WESTERN EUROPE-EU,PORTUGAL(EXCLUDING MADEIRA),LEEDS BRADFORD,FARO,2417,2417,0,4743,4743,0,-49.040692
07/04/2020 14:56,202002,WESTERN EUROPE-EU,PORTUGAL(EXCLUDING MADEIRA),LIVERPOOL (JOHN LENNON),FARO,2526,2526,0,7469,7469,0,-66.180212
07/04/2020 14:56,202002,WESTERN EUROPE-EU,PORTUGAL(EXCLUDING MADEIRA),LIVERPOOL (JOHN LENNON),OPORTO (PORTUGAL),2673,2673,0,2567,2567,0,4.129334
07/04/2020 14:56,202002,WESTERN EUROPE-EU,PORTUGAL(EXCLUDING MADEIRA),MANCHESTER,FARO,13071,12767,304,20481,20481,0,-36.179874
07/04/2020 14:56,202002,WESTERN EUROPE-EU,PORTUGAL(EXCLUDING MADEIRA),MANCHESTER,LISBON,20476,20476,0,22956,22956,0,-10.803276
07/04/2020 14:56,202002,WESTERN EUROPE-EU,PORTUGAL(EXCLUDING MADEIRA),MANCHESTER,OPORTO (PORTUGAL),7702,7702,0,7108,7108,0,8.356781
07/04/2020 14:56,202002,WESTERN EUROPE-EU,PORTUGAL(EXCLUDING MADEIRA),NEWCASTLE,FARO,4602,4602,0,4099,4099,0,12.271286
07/04/2020 14:56,202002,WESTERN EUROPE-EU,PORTUGAL(EXCLUDING MADEIRA),PRESTWICK,FARO,2686,2686,0,1227,1227,0,118.907905
07/04/2020 14:56,202002,WESTERN EUROPE-EU,PORTUGAL(MADEIRA),GATWICK,FUNCHAL,20710,18967,1743,20664,18994,1670,0.222609
07/04/2020 14:56,202002,WESTERN EUROPE-EU,PORTUGAL(MADEIRA),STANSTED,FUNCHAL,2874,2874,0,3935,3935,0,-26.963151
07/04/2020 14:56,202002,WESTERN EUROPE-EU,PORTUGAL(MADEIRA),BELFAST INTERNATIONAL,FUNCHAL,0,0,0,931,931,0,-100
07/04/2020 14:56,202002,WESTERN EUROPE-EU,PORTUGAL(MADEIRA),BIRMINGHAM,FUNCHAL,2809,2809,0,2675,2675,0,5.009346
07/04/2020 14:56,202002,WESTERN EUROPE-EU,PORTUGAL(MADEIRA),BRISTOL,FUNCHAL,4669,4669,0,4174,4174,0,11.859128
07/04/2020 14:56,202002,WESTERN EUROPE-EU,PORTUGAL(MADEIRA),EAST MIDLANDS INTERNATIONAL,FUNCHAL,2893,1452,1441,2675,1274,1401,8.149533
07/04/2020 14:56,202002,WESTERN EUROPE-EU,PORTUGAL(MADEIRA),EDINBURGH,FUNCHAL,1469,1469,0,1368,1368,0,7.383041
07/04/2020 14:56,202002,WESTERN EUROPE-EU,PORTUGAL(MADEIRA),GLASGOW,FUNCHAL,1460,1460,0,1394,1394,0,4.734577
07/04/2020 14:56,202002,WESTERN EUROPE-EU,PORTUGAL(MADEIRA),JERSEY,FUNCHAL,372,0,372,310,0,310,20
07/04/2020 14:56,202002,WESTERN EUROPE-EU,PORTUGAL(MADEIRA),LEEDS BRADFORD,FUNCHAL,1423,1423,0,1345,1345,0,5.799257
07/04/2020 14:56,202002,WESTERN EUROPE-EU,PORTUGAL(MADEIRA),MANCHESTER,FUNCHAL,7350,5867,1483,6939,5490,1449,5.923044
07/04/2020 14:56,202002,WESTERN EUROPE-EU,PORTUGAL(MADEIRA),NEWCASTLE,FUNCHAL,1775,1775,0,1256,1256,0,41.321656
07/04/2020 14:56,202002,WESTERN EUROPE-EU,SLOVENIA,GATWICK,LJUBLJANA,4038,4038,0,4843,4843,0,-16.621929
07/04/2020 14:56,202002,WESTERN EUROPE-EU,SLOVENIA,LUTON,LJUBLJANA,0,0,0,4753,4753,0,-100
07/04/2020 14:56,202002,WESTERN EUROPE-EU,SLOVENIA,STANSTED,LJUBLJANA,7340,7340,0,7219,7219,0,1.676132
07/04/2020 14:56,202002,WESTERN EUROPE-EU,SPAIN,GATWICK,ALICANTE,44099,44099,0,43401,42013,1388,1.608258
07/04/2020 14:56,202002,WESTERN EUROPE-EU,SPAIN,GATWICK,ALMERIA,5513,5513,0,5737,5737,0,-3.90448
07/04/2020 14:56,202002,WESTERN EUROPE-EU,SPAIN,GATWICK,ASTURIAS,3363,3363,0,0,0,0,0
07/04/2020 14:56,202002,WESTERN EUROPE-EU,SPAIN,GATWICK,BARCELONA,96911,96911,0,110867,110509,358,-12.588056
07/04/2020 14:56,202002,WESTERN EUROPE-EU,SPAIN,GATWICK,BILBAO,15145,15145,0,8750,8750,0,73.085714
07/04/2020 14:56,202002,WESTERN EUROPE-EU,SPAIN,GATWICK,GRANADA,2498,2498,0,3772,3772,0,-33.775186
07/04/2020 14:56,202002,WESTERN EUROPE-EU,SPAIN,GATWICK,LIEIDA,0,0,0,1708,0,1708,-100
07/04/2020 14:56,202002,WESTERN EUROPE-EU,SPAIN,GATWICK,MADRID,67226,67226,0,75326,75326,0,-10.753259
07/04/2020 14:56,202002,WESTERN EUROPE-EU,SPAIN,GATWICK,MAHON,2455,2455,0,2209,2209,0,11.136261
07/04/2020 14:56,202002,WESTERN EUROPE-EU,SPAIN,GATWICK,MALAGA,54472,53220,1252,60121,58647,1474,-9.396051
07/04/2020 14:56,202002,WESTERN EUROPE-EU,SPAIN,GATWICK,MURCIA INTERNATIONAL,8988,8988,0,8552,8552,0,5.098223
07/04/2020 14:56,202002,WESTERN EUROPE-EU,SPAIN,GATWICK,PALMA DE MALLORCA,17032,17032,0,24886,24886,0,-31.559913
07/04/2020 14:56,202002,WESTERN EUROPE-EU,SPAIN,GATWICK,SEVILLE,19590,19590,0,18968,18968,0,3.279207
07/04/2020 14:56,202002,WESTERN EUROPE-EU,SPAIN,GATWICK,VALENCIA,18680,18680,0,24406,24406,0,-23.461444
07/04/2020 14:56,202002,WESTERN EUROPE-EU,SPAIN,HEATHROW,A CORUNA,8532,8532,0,8363,8363,0,2.020806
07/04/2020 14:56,202002,WESTERN EUROPE-EU,SPAIN,HEATHROW,BARCELONA,55495,55495,0,59383,59383,0,-6.547328
07/04/2020 14:56,202002,WESTERN EUROPE-EU,SPAIN,HEATHROW,BILBAO,0,0,0,7508,7508,0,-100
07/04/2020 14:56,202002,WESTERN EUROPE-EU,SPAIN,HEATHROW,MADRID,117214,117214,0,105110,105110,0,11.515555
07/04/2020 14:56,202002,WESTERN EUROPE-EU,SPAIN,HEATHROW,MALAGA,4921,4921,0,5901,5901,0,-16.607355
07/04/2020 14:56,202002,WESTERN EUROPE-EU,SPAIN,HEATHROW,VALENCIA,7569,7569,0,0,0,0,0
07/04/2020 14:56,202002,WESTERN EUROPE-EU,SPAIN,LONDON CITY,IBIZA,3913,3913,0,3704,3704,0,5.642549
07/04/2020 14:56,202002,WESTERN EUROPE-EU,SPAIN,LONDON CITY,MALAGA,1254,1254,0,3411,3411,0,-63.236588
07/04/2020 14:56,202002,WESTERN EUROPE-EU,SPAIN,LONDON CITY,PALMA DE MALLORCA,1308,1308,0,1435,1435,0,-8.850174
07/04/2020 14:56,202002,WESTERN EUROPE-EU,SPAIN,LUTON,ALICANTE,17229,17229,0,16402,16402,0,5.042068
07/04/2020 14:56,202002,WESTERN EUROPE-EU,SPAIN,LUTON,BARCELONA,34800,34800,0,36449,36449,0,-4.52413
07/04/2020 14:56,202002,WESTERN EUROPE-EU,SPAIN,LUTON,CASTELLON COSTA AZAHAR,2308,2308,0,0,0,0,0
07/04/2020 14:56,202002,WESTERN EUROPE-EU,SPAIN,LUTON,MADRID,8475,8475,0,7726,7726,0,9.694538
07/04/2020 14:56,202002,WESTERN EUROPE-EU,SPAIN,LUTON,MALAGA,19797,19797,0,17613,17613,0,12.399932
07/04/2020 14:56,202002,WESTERN EUROPE-EU,SPAIN,LUTON,MURCIA INTERNATIONAL,0,0,0,3842,3842,0,-100
07/04/2020 14:56,202002,WESTERN EUROPE-EU,SPAIN,LUTON,PALMA DE MALLORCA,3180,3180,0,2891,2891,0,9.996541
07/04/2020 14:56,202002,WESTERN EUROPE-EU,SPAIN,LUTON,SEVILLE,7736,7736,0,3292,3292,0,134.993925
07/04/2020 14:56,202002,WESTERN EUROPE-EU,SPAIN,LUTON,VALENCIA,2423,2423,0,3172,3172,0,-23.612863
07/04/2020 14:56,202002,WESTERN EUROPE-EU,SPAIN,SOUTHEND,ALICANTE,12732,12732,0,5948,5948,0,114.055145
07/04/2020 14:56,202002,WESTERN EUROPE-EU,SPAIN,SOUTHEND,BARCELONA,2802,2802,0,2333,2333,0,20.102872
07/04/2020 14:56,202002,WESTERN EUROPE-EU,SPAIN,SOUTHEND,BILBAO,3083,3083,0,0,0,0,0
07/04/2020 14:56,202002,WESTERN EUROPE-EU,SPAIN,SOUTHEND,MALAGA,11127,11127,0,5827,5827,0,90.955895
07/04/2020 14:56,202002,WESTERN EUROPE-EU,SPAIN,SOUTHEND,MURCIA INTERNATIONAL,2998,2998,0,2132,2132,0,40.619137
07/04/2020 14:56,202002,WESTERN EUROPE-EU,SPAIN,STANSTED,ALICANTE,20299,20299,0,18497,18497,0,9.74212
07/04/2020 14:56,202002,WESTERN EUROPE-EU,SPAIN,STANSTED,BARCELONA,42724,42724,0,40323,40180,143,5.954418
07/04/2020 14:56,202002,WESTERN EUROPE-EU,SPAIN,STANSTED,BILBAO,2309,2244,65,3551,3551,0,-34.976063
07/04/2020 14:56,202002,WESTERN EUROPE-EU,SPAIN,STANSTED,CASTELLON COSTA AZAHAR,2468,2468,0,2354,2354,0,4.842821
07/04/2020 14:56,202002,WESTERN EUROPE-EU,SPAIN,STANSTED,CASTELLON DE LA PLANA AIRPORT,0,0,0,1247,1247,0,-100
07/04/2020 14:56,202002,WESTERN EUROPE-EU,SPAIN,STANSTED,JEREZ,2830,2830,0,2715,2715,0,4.235727
07/04/2020 14:56,202002,WESTERN EUROPE-EU,SPAIN,STANSTED,LIEIDA,0,0,0,1197,1197,0,-100
07/04/2020 14:56,202002,WESTERN EUROPE-EU,SPAIN,STANSTED,MADRID,39639,39639,0,37186,37186,0,6.596569
07/04/2020 14:56,202002,WESTERN EUROPE-EU,SPAIN,STANSTED,MALAGA,27507,27507,0,26544,26544,0,3.627939
07/04/2020 14:56,202002,WESTERN EUROPE-EU,SPAIN,STANSTED,MURCIA INTERNATIONAL,5334,5334,0,6315,6315,0,-15.534442
07/04/2020 14:56,202002,WESTERN EUROPE-EU,SPAIN,STANSTED,PALMA DE MALLORCA,10253,10253,0,9757,9757,0,5.08353
07/04/2020 14:56,202002,WESTERN EUROPE-EU,SPAIN,STANSTED,REUS,2420,2420,0,2361,2361,0,2.498941
07/04/2020 14:56,202002,WESTERN EUROPE-EU,SPAIN,STANSTED,SANTANDER,6284,6284,0,6640,6640,0,-5.361446
07/04/2020 14:56,202002,WESTERN EUROPE-EU,SPAIN,STANSTED,SANTIAGO DE COMPOSTELA (SPAIN),4436,4436,0,3950,3950,0,12.303797
07/04/2020 14:56,202002,WESTERN EUROPE-EU,SPAIN,STANSTED,SEVILLE,11532,11532,0,12226,12226,0,-5.676427
07/04/2020 14:56,202002,WESTERN EUROPE-EU,SPAIN,STANSTED,VALENCIA,12665,12665,0,11973,11973,0,5.779671
07/04/2020 14:56,202002,WESTERN EUROPE-EU,SPAIN,STANSTED,ZARAGOZA,7301,7301,0,6698,6698,0,9.002687
07/04/2020 14:56,202002,WESTERN EUROPE-EU,SPAIN,ABERDEEN,ALICANTE,2710,2710,0,2680,2680,0,1.119403
07/04/2020 14:56,202002,WESTERN EUROPE-EU,SPAIN,BELFAST INTERNATIONAL,ALICANTE,7123,7123,0,9477,9477,0,-24.839084
07/04/2020 14:56,202002,WESTERN EUROPE-EU,SPAIN,BELFAST INTERNATIONAL,MALAGA,8649,8649,0,10695,10343,352,-19.130435
07/04/2020 14:56,202002,WESTERN EUROPE-EU,SPAIN,BIRMINGHAM,ALICANTE,20507,18971,1536,19173,17732,1441,6.957701
07/04/2020 14:56,202002,WESTERN EUROPE-EU,SPAIN,BIRMINGHAM,BARCELONA,17883,17128,755,14756,14410,346,21.19138
07/04/2020 14:56,202002,WESTERN EUROPE-EU,SPAIN,BIRMINGHAM,BILBAO,293,0,293,0,0,0,0
07/04/2020 14:56,202002,WESTERN EUROPE-EU,SPAIN,BIRMINGHAM,LIEIDA,0,0,0,697,0,697,-100
07/04/2020 14:56,202002,WESTERN EUROPE-EU,SPAIN,BIRMINGHAM,MADRID,7768,7768,0,8811,8811,0,-11.837476
07/04/2020 14:56,202002,WESTERN EUROPE-EU,SPAIN,BIRMINGHAM,MALAGA,18279,16729,1550,16710,15266,1444,9.389587
07/04/2020 14:56,202002,WESTERN EUROPE-EU,SPAIN,BIRMINGHAM,MURCIA INTERNATIONAL,3152,3152,0,2624,2624,0,20.121951
07/04/2020 14:56,202002,WESTERN EUROPE-EU,SPAIN,BIRMINGHAM,PALMA DE MALLORCA,1616,1616,0,1147,1147,0,40.889276
07/04/2020 14:56,202002,WESTERN EUROPE-EU,SPAIN,BOURNEMOUTH,ALICANTE,4532,4532,0,4222,4222,0,7.342492
07/04/2020 14:56,202002,WESTERN EUROPE-EU,SPAIN,BOURNEMOUTH,MALAGA,2905,2905,0,2743,2743,0,5.905942
07/04/2020 14:56,202002,WESTERN EUROPE-EU,SPAIN,BRISTOL,ALICANTE,20422,20422,0,17448,17448,0,17.044934
07/04/2020 14:56,202002,WESTERN EUROPE-EU,SPAIN,BRISTOL,BARCELONA,12590,12590,0,11239,11239,0,12.020642
07/04/2020 14:56,202002,WESTERN EUROPE-EU,SPAIN,BRISTOL,BILBAO,2296,2296,0,2243,2243,0,2.362907
07/04/2020 14:56,202002,WESTERN EUROPE-EU,SPAIN,BRISTOL,LIEIDA,0,0,0,699,0,699,-100
07/04/2020 14:56,202002,WESTERN EUROPE-EU,SPAIN,BRISTOL,MADRID,8173,8173,0,9426,9426,0,-13.293019
07/04/2020 14:56,202002,WESTERN EUROPE-EU,SPAIN,BRISTOL,MALAGA,20850,20298,552,17400,16776,624,19.827586
07/04/2020 14:56,202002,WESTERN EUROPE-EU,SPAIN,BRISTOL,MURCIA INTERNATIONAL,4745,4745,0,3828,3828,0,23.955068
07/04/2020 14:56,202002,WESTERN EUROPE-EU,SPAIN,BRISTOL,PALMA DE MALLORCA,4256,4256,0,5299,5299,0,-19.682959
07/04/2020 14:56,202002,WESTERN EUROPE-EU,SPAIN,BRISTOL,SEVILLE,5840,5840,0,5923,5923,0,-1.401317
07/04/2020 14:56,202002,WESTERN EUROPE-EU,SPAIN,BRISTOL,VALENCIA,2746,2746,0,2242,2242,0,22.479929
07/04/2020 14:56,202002,WESTERN EUROPE-EU,SPAIN,CARDIFF WALES,ALICANTE,7577,4301,3276,6120,3219,2901,23.80719
07/04/2020 14:56,202002,WESTERN EUROPE-EU,SPAIN,CARDIFF WALES,MALAGA,1469,0,1469,3828,2383,1445,-61.624869
07/04/2020 14:56,202002,WESTERN EUROPE-EU,SPAIN,DONCASTER SHEFFIELD,ALICANTE,3097,0,3097,4057,971,3086,-23.662805
07/04/2020 14:56,202002,WESTERN EUROPE-EU,SPAIN,DONCASTER SHEFFIELD,MALAGA,1513,0,1513,1528,0,1528,-0.981675
07/04/2020 14:56,202002,WESTERN EUROPE-EU,SPAIN,EAST MIDLANDS INTERNATIONAL,ALICANTE,19698,18210,1488,17798,16327,1471,10.675357
07/04/2020 14:56,202002,WESTERN EUROPE-EU,SPAIN,EAST MIDLANDS INTERNATIONAL,MALAGA,14276,12846,1430,10505,9186,1319,35.897192
07/04/2020 14:56,202002,WESTERN EUROPE-EU,SPAIN,EAST MIDLANDS INTERNATIONAL,MURCIA INTERNATIONAL,0,0,0,975,975,0,-100
07/04/2020 14:56,202002,WESTERN EUROPE-EU,SPAIN,EAST MIDLANDS INTERNATIONAL,PALMA DE MALLORCA,1555,1555,0,1100,1100,0,41.363636
07/04/2020 14:56,202002,WESTERN EUROPE-EU,SPAIN,EAST MIDLANDS INTERNATIONAL,SEVILLE,168,168,0,2674,2674,0,-93.717277
07/04/2020 14:56,202002,WESTERN EUROPE-EU,SPAIN,EDINBURGH,ALICANTE,13173,13173,0,12228,12228,0,7.728165
07/04/2020 14:56,202002,WESTERN EUROPE-EU,SPAIN,EDINBURGH,BARCELONA,9911,9911,0,9573,9573,0,3.530764
07/04/2020 14:56,202002,WESTERN EUROPE-EU,SPAIN,EDINBURGH,MADRID,10448,10448,0,9856,9856,0,6.006494
07/04/2020 14:56,202002,WESTERN EUROPE-EU,SPAIN,EDINBURGH,MALAGA,9905,9905,0,8996,8996,0,10.104491
07/04/2020 14:56,202002,WESTERN EUROPE-EU,SPAIN,EDINBURGH,PALMA DE MALLORCA,220,220,0,0,0,0,0
07/04/2020 14:56,202002,WESTERN EUROPE-EU,SPAIN,EDINBURGH,SANTANDER,2558,2558,0,2545,2545,0,0.510806
07/04/2020 14:56,202002,WESTERN EUROPE-EU,SPAIN,EDINBURGH,SEVILLE,5849,5849,0,5368,5368,0,8.960507
07/04/2020 14:56,202002,WESTERN EUROPE-EU,SPAIN,EDINBURGH,VALENCIA,0,0,0,4515,3765,750,-100
07/04/2020 14:56,202002,WESTERN EUROPE-EU,SPAIN,EXETER,ALICANTE,2934,2934,0,2001,2001,0,46.626687
07/04/2020 14:56,202002,WESTERN EUROPE-EU,SPAIN,EXETER,MALAGA,2660,2660,0,1603,1603,0,65.938865
07/04/2020 14:56,202002,WESTERN EUROPE-EU,SPAIN,GLASGOW,ALICANTE,15333,13833,1500,16297,14687,1610,-5.915199
07/04/2020 14:56,202002,WESTERN EUROPE-EU,SPAIN,GLASGOW,BARCELONA,2677,2677,0,2828,2828,0,-5.339463
07/04/2020 14:56,202002,WESTERN EUROPE-EU,SPAIN,GLASGOW,MALAGA,11937,11008,929,8561,7562,999,39.434645
07/04/2020 14:56,202002,WESTERN EUROPE-EU,SPAIN,GLASGOW,PALMA DE MALLORCA,248,248,0,0,0,0,0
07/04/2020 14:56,202002,WESTERN EUROPE-EU,SPAIN,GLASGOW,VALENCIA,0,0,0,1124,374,750,-100
07/04/2020 14:56,202002,WESTERN EUROPE-EU,SPAIN,LEEDS BRADFORD,ALICANTE,17814,17814,0,16238,16238,0,9.705629
07/04/2020 14:56,202002,WESTERN EUROPE-EU,SPAIN,LEEDS BRADFORD,BARCELONA,2469,2469,0,2351,2351,0,5.019141
07/04/2020 14:56,202002,WESTERN EUROPE-EU,SPAIN,LEEDS BRADFORD,MALAGA,11222,11222,0,11144,11144,0,0.699928
07/04/2020 14:56,202002,WESTERN EUROPE-EU,SPAIN,LEEDS BRADFORD,MURCIA INTERNATIONAL,0,0,0,2615,2615,0,-100
07/04/2020 14:56,202002,WESTERN EUROPE-EU,SPAIN,LEEDS BRADFORD,PALMA DE MALLORCA,0,0,0,957,957,0,-100
07/04/2020 14:56,202002,WESTERN EUROPE-EU,SPAIN,LIVERPOOL (JOHN LENNON),ALICANTE,17535,17535,0,16117,16117,0,8.798163
07/04/2020 14:56,202002,WESTERN EUROPE-EU,SPAIN,LIVERPOOL (JOHN LENNON),BARCELONA,10044,10044,0,12303,12303,0,-18.361375
07/04/2020 14:56,202002,WESTERN EUROPE-EU,SPAIN,LIVERPOOL (JOHN LENNON),MADRID,6102,4934,1168,5757,5757,0,5.992705
07/04/2020 14:56,202002,WESTERN EUROPE-EU,SPAIN,LIVERPOOL (JOHN LENNON),MALAGA,12992,12992,0,13054,12930,124,-0.47495
07/04/2020 14:56,202002,WESTERN EUROPE-EU,SPAIN,LIVERPOOL (JOHN LENNON),PALMA DE MALLORCA,1967,1967,0,2223,2223,0,-11.515969
07/04/2020 14:56,202002,WESTERN EUROPE-EU,SPAIN,MANCHESTER,ALICANTE,43773,40358,3415,39667,36716,2951,10.351174
07/04/2020 14:56,202002,WESTERN EUROPE-EU,SPAIN,MANCHESTER,BARCELONA,32125,32125,0,23764,23764,0,35.183471
07/04/2020 14:56,202002,WESTERN EUROPE-EU,SPAIN,MANCHESTER,BILBAO,3015,3015,0,3626,3626,0,-16.850524
07/04/2020 14:56,202002,WESTERN EUROPE-EU,SPAIN,MANCHESTER,GRANADA,1892,1892,0,2575,2575,0,-26.524272
07/04/2020 14:56,202002,WESTERN EUROPE-EU,SPAIN,MANCHESTER,LIEIDA,0,0,0,1681,0,1681,-100
07/04/2020 14:56,202002,WESTERN EUROPE-EU,SPAIN,MANCHESTER,MADRID,16327,15241,1086,11986,11986,0,36.217253
07/04/2020 14:56,202002,WESTERN EUROPE-EU,SPAIN,MANCHESTER,MALAGA,30076,26508,3568,30172,27262,2910,-0.318176
07/04/2020 14:56,202002,WESTERN EUROPE-EU,SPAIN,MANCHESTER,MURCIA INTERNATIONAL,4523,4523,0,4100,4100,0,10.317073
07/04/2020 14:56,202002,WESTERN EUROPE-EU,SPAIN,MANCHESTER,PALMA DE MALLORCA,10128,10128,0,10085,10085,0,0.426376
07/04/2020 14:56,202002,WESTERN EUROPE-EU,SPAIN,MANCHESTER,SEVILLE,5634,5634,0,2781,2781,0,102.588997
07/04/2020 14:56,202002,WESTERN EUROPE-EU,SPAIN,MANCHESTER,VALENCIA,2757,2757,0,2742,2742,0,0.547046
07/04/2020 14:56,202002,WESTERN EUROPE-EU,SPAIN,NEWCASTLE,ALICANTE,20898,20898,0,20329,20329,0,2.798957
07/04/2020 14:56,202002,WESTERN EUROPE-EU,SPAIN,NEWCASTLE,BARCELONA,4670,4670,0,4885,4885,0,-4.401228
07/04/2020 14:56,202002,WESTERN EUROPE-EU,SPAIN,NEWCASTLE,MALAGA,12044,12044,0,12936,12936,0,-6.895485
07/04/2020 14:56,202002,WESTERN EUROPE-EU,SPAIN,NEWQUAY,ALICANTE,2515,2515,0,2575,2575,0,-2.330097
07/04/2020 14:56,202002,WESTERN EUROPE-EU,SPAIN,NORWICH,ALICANTE,0,0,0,1013,1013,0,-100
07/04/2020 14:56,202002,WESTERN EUROPE-EU,SPAIN,NORWICH,MALAGA,0,0,0,1009,1009,0,-100
07/04/2020 14:56,202002,WESTERN EUROPE-EU,SPAIN,PRESTWICK,ALICANTE,5789,5789,0,3905,3905,0,48.245839
07/04/2020 14:56,202002,WESTERN EUROPE-EU,SPAIN,PRESTWICK,MALAGA,2664,2664,0,2672,2672,0,-0.299401
07/04/2020 14:56,202002,WESTERN EUROPE-EU,SPAIN,SOUTHAMPTON,ALICANTE,0,0,0,1105,1105,0,-100
07/04/2020 14:56,202002,WESTERN EUROPE-EU,SPAIN(CANARY ISLANDS),GATWICK,ARRECIFE,26738,22848,3890,29637,23734,5903,-9.781692
07/04/2020 14:56,202002,WESTERN EUROPE-EU,SPAIN(CANARY ISLANDS),GATWICK,FUERTEVENTURA,14694,11236,3458,16775,13754,3021,-12.405365
07/04/2020 14:56,202002,WESTERN EUROPE-EU,SPAIN(CANARY ISLANDS),GATWICK,LAS PALMAS,21245,16127,5118,20083,14422,5661,5.785988
07/04/2020 14:56,202002,WESTERN EUROPE-EU,SPAIN(CANARY ISLANDS),GATWICK,SANTA CRUZ DE LA PALMA,4553,3116,1437,4076,2626,1450,11.70265
07/04/2020 14:56,202002,WESTERN EUROPE-EU,SPAIN(CANARY ISLANDS),GATWICK,TENERIFE (SURREINA SOFIA),56802,48694,8108,58636,48321,10315,-3.127771
07/04/2020 14:56,202002,WESTERN EUROPE-EU,SPAIN(CANARY ISLANDS),HEATHROW,LAS PALMAS,0,0,0,2149,2149,0,-100
07/04/2020 14:56,202002,WESTERN EUROPE-EU,SPAIN(CANARY ISLANDS),HEATHROW,TENERIFE (SURREINA SOFIA),1350,1350,0,1047,1047,0,28.939828
07/04/2020 14:56,202002,WESTERN EUROPE-EU,SPAIN(CANARY ISLANDS),LUTON,ARRECIFE,6285,5712,573,8220,6717,1503,-23.540146
07/04/2020 14:56,202002,WESTERN EUROPE-EU,SPAIN(CANARY ISLANDS),LUTON,FUERTEVENTURA,0,0,0,2658,2658,0,-100
07/04/2020 14:56,202002,WESTERN EUROPE-EU,SPAIN(CANARY ISLANDS),LUTON,LAS PALMAS,0,0,0,887,0,887,-100
07/04/2020 14:56,202002,WESTERN EUROPE-EU,SPAIN(CANARY ISLANDS),LUTON,TENERIFE (SURREINA SOFIA),13604,12098,1506,9762,6903,2859,39.356689
07/04/2020 14:56,202002,WESTERN EUROPE-EU,SPAIN(CANARY ISLANDS),SOUTHEND,ARRECIFE,2740,2740,0,2788,2788,0,-1.721664
07/04/2020 14:56,202002,WESTERN EUROPE-EU,SPAIN(CANARY ISLANDS),SOUTHEND,TENERIFE (SURREINA SOFIA),3064,3064,0,2656,2656,0,15.361446
07/04/2020 14:56,202002,WESTERN EUROPE-EU,SPAIN(CANARY ISLANDS),STANSTED,ARRECIFE,17846,17277,569,16925,15483,1442,5.441654
07/04/2020 14:56,202002,WESTERN EUROPE-EU,SPAIN(CANARY ISLANDS),STANSTED,FUERTEVENTURA,14177,14177,0,11060,9627,1433,28.18264
07/04/2020 14:56,202002,WESTERN EUROPE-EU,SPAIN(CANARY ISLANDS),STANSTED,LAS PALMAS,15086,13601,1485,14620,13226,1394,3.187415
07/04/2020 14:56,202002,WESTERN EUROPE-EU,SPAIN(CANARY ISLANDS),STANSTED,TENERIFE (SURREINA SOFIA),29801,27615,2186,28248,25338,2910,5.497734
07/04/2020 14:56,202002,WESTERN EUROPE-EU,SPAIN(CANARY ISLANDS),ABERDEEN,TENERIFE (SURREINA SOFIA),2785,0,2785,2998,0,2998,-7.104736
07/04/2020 14:56,202002,WESTERN EUROPE-EU,SPAIN(CANARY ISLANDS),BELFAST INTERNATIONAL,ARRECIFE,7083,6728,355,9877,8204,1673,-28.287942
07/04/2020 14:56,202002,WESTERN EUROPE-EU,SPAIN(CANARY ISLANDS),BELFAST INTERNATIONAL,FUERTEVENTURA,4652,4652,0,4180,4180,0,11.291866
07/04/2020 14:56,202002,WESTERN EUROPE-EU,SPAIN(CANARY ISLANDS),BELFAST INTERNATIONAL,LAS PALMAS,1972,1972,0,2341,1442,899,-15.762495
07/04/2020 14:56,202002,WESTERN EUROPE-EU,SPAIN(CANARY ISLANDS),BELFAST INTERNATIONAL,TENERIFE (SURREINA SOFIA),7183,7001,182,8401,6117,2284,-14.498274
07/04/2020 14:56,202002,WESTERN EUROPE-EU,SPAIN(CANARY ISLANDS),BIGGIN HILL,TENERIFE (SURREINA SOFIA),0,0,0,2,0,2,-100
07/04/2020 14:56,202002,WESTERN EUROPE-EU,SPAIN(CANARY ISLANDS),BIRMINGHAM,ARRECIFE,17302,13933,3369,17619,14197,3422,-1.799194
07/04/2020 14:56,202002,WESTERN EUROPE-EU,SPAIN(CANARY ISLANDS),BIRMINGHAM,FUERTEVENTURA,12247,9905,2342,11789,8567,3222,3.884978
07/04/2020 14:56,202002,WESTERN EUROPE-EU,SPAIN(CANARY ISLANDS),BIRMINGHAM,LAS PALMAS,10882,8360,2522,10942,7380,3562,-0.548346
07/04/2020 14:56,202002,WESTERN EUROPE-EU,SPAIN(CANARY ISLANDS),BIRMINGHAM,TENERIFE (SURREINA SOFIA),29540,22891,6649,28287,21822,6465,4.429597
07/04/2020 14:56,202002,WESTERN EUROPE-EU,SPAIN(CANARY ISLANDS),BOURNEMOUTH,ARRECIFE,2998,0,2998,2930,0,2930,2.320819
07/04/2020 14:56,202002,WESTERN EUROPE-EU,SPAIN(CANARY ISLANDS),BOURNEMOUTH,LAS PALMAS,3269,1807,1462,1428,0,1428,128.921569
07/04/2020 14:56,202002,WESTERN EUROPE-EU,SPAIN(CANARY ISLANDS),BOURNEMOUTH,TENERIFE (SURREINA SOFIA),4246,1321,2925,4355,1362,2993,-2.50287
07/04/2020 14:56,202002,WESTERN EUROPE-EU,SPAIN(CANARY ISLANDS),BRISTOL,ARRECIFE,11921,9006,2915,13311,6568,6743,-10.442491
07/04/2020 14:56,202002,WESTERN EUROPE-EU,SPAIN(CANARY ISLANDS),BRISTOL,FUERTEVENTURA,4628,2752,1876,6719,2884,3835,-31.120702
07/04/2020 14:56,202002,WESTERN EUROPE-EU,SPAIN(CANARY ISLANDS),BRISTOL,LAS PALMAS,6348,4851,1497,5543,3957,1586,14.522822
07/04/2020 14:56,202002,WESTERN EUROPE-EU,SPAIN(CANARY ISLANDS),BRISTOL,TENERIFE (SURREINA SOFIA),17006,12559,4447,16732,9784,6948,1.637581
07/04/2020 14:56,202002,WESTERN EUROPE-EU,SPAIN(CANARY ISLANDS),CARDIFF WALES,ARRECIFE,2997,0,2997,2964,0,2964,1.11336
07/04/2020 14:56,202002,WESTERN EUROPE-EU,SPAIN(CANARY ISLANDS),CARDIFF WALES,LAS PALMAS,1908,0,1908,1436,0,1436,32.869081
07/04/2020 14:56,202002,WESTERN EUROPE-EU,SPAIN(CANARY ISLANDS),CARDIFF WALES,TENERIFE (SURREINA SOFIA),4427,0,4427,7093,2668,4425,-37.586353
07/04/2020 14:56,202002,WESTERN EUROPE-EU,SPAIN(CANARY ISLANDS),DONCASTER SHEFFIELD,ARRECIFE,3083,0,3083,3069,0,3069,0.456175
07/04/2020 14:56,202002,WESTERN EUROPE-EU,SPAIN(CANARY ISLANDS),DONCASTER SHEFFIELD,LAS PALMAS,1707,0,1707,1474,0,1474,15.807327
07/04/2020 14:56,202002,WESTERN EUROPE-EU,SPAIN(CANARY ISLANDS),DONCASTER SHEFFIELD,TENERIFE (SURREINA SOFIA),4605,0,4605,4645,0,4645,-0.861141
07/04/2020 14:56,202002,WESTERN EUROPE-EU,SPAIN(CANARY ISLANDS),EAST MIDLANDS INTERNATIONAL,ARRECIFE,14453,12961,1492,15269,13807,1462,-5.344161
07/04/2020 14:56,202002,WESTERN EUROPE-EU,SPAIN(CANARY ISLANDS),EAST MIDLANDS INTERNATIONAL,FUERTEVENTURA,8769,7278,1491,9942,8471,1471,-11.798431
07/04/2020 14:56,202002,WESTERN EUROPE-EU,SPAIN(CANARY ISLANDS),EAST MIDLANDS INTERNATIONAL,LAS PALMAS,6140,6140,0,7882,6593,1289,-22.10099
07/04/2020 14:56,202002,WESTERN EUROPE-EU,SPAIN(CANARY ISLANDS),EAST MIDLANDS INTERNATIONAL,TENERIFE (SURREINA SOFIA),24054,19670,4384,26945,22534,4411,-10.729263
07/04/2020 14:56,202002,WESTERN EUROPE-EU,SPAIN(CANARY ISLANDS),EDINBURGH,ARRECIFE,9016,7703,1313,8496,7017,1479,6.120527
07/04/2020 14:56,202002,WESTERN EUROPE-EU,SPAIN(CANARY ISLANDS),EDINBURGH,FUERTEVENTURA,7854,7854,0,5562,5562,0,41.208198
07/04/2020 14:56,202002,WESTERN EUROPE-EU,SPAIN(CANARY ISLANDS),EDINBURGH,LAS PALMAS,4712,4712,0,6732,5391,1341,-30.005942
07/04/2020 14:56,202002,WESTERN EUROPE-EU,SPAIN(CANARY ISLANDS),EDINBURGH,TENERIFE (SURREINA SOFIA),21857,18878,2979,18179,15228,2951,20.232136
07/04/2020 14:56,202002,WESTERN EUROPE-EU,SPAIN(CANARY ISLANDS),EXETER,ARRECIFE,2961,0,2961,2961,0,2961,0
07/04/2020 14:56,202002,WESTERN EUROPE-EU,SPAIN(CANARY ISLANDS),EXETER,LAS PALMAS,1502,0,1502,1441,0,1441,4.233171
07/04/2020 14:56,202002,WESTERN EUROPE-EU,SPAIN(CANARY ISLANDS),EXETER,TENERIFE (SURREINA SOFIA),4375,0,4375,4378,0,4378,-0.068524
07/04/2020 14:56,202002,WESTERN EUROPE-EU,SPAIN(CANARY ISLANDS),GLASGOW,ARRECIFE,9463,7942,1521,7899,7343,556,19.799975
07/04/2020 14:56,202002,WESTERN EUROPE-EU,SPAIN(CANARY ISLANDS),GLASGOW,FUERTEVENTURA,4858,4858,0,5948,5948,0,-18.325488
07/04/2020 14:56,202002,WESTERN EUROPE-EU,SPAIN(CANARY ISLANDS),GLASGOW,LAS PALMAS,7800,6300,1500,5900,5900,0,32.20339
07/04/2020 14:56,202002,WESTERN EUROPE-EU,SPAIN(CANARY ISLANDS),GLASGOW,TENERIFE (SURREINA SOFIA),16665,15370,1295,17354,15668,1686,-3.970266
07/04/2020 14:56,202002,WESTERN EUROPE-EU,SPAIN(CANARY ISLANDS),JERSEY,TENERIFE (SURREINA SOFIA),712,0,712,549,0,549,29.690346
07/04/2020 14:56,202002,WESTERN EUROPE-EU,SPAIN(CANARY ISLANDS),LEEDS BRADFORD,ARRECIFE,9070,9070,0,9827,9827,0,-7.703267
07/04/2020 14:56,202002,WESTERN EUROPE-EU,SPAIN(CANARY ISLANDS),LEEDS BRADFORD,FUERTEVENTURA,4816,4816,0,5754,5754,0,-16.301703
07/04/2020 14:56,202002,WESTERN EUROPE-EU,SPAIN(CANARY ISLANDS),LEEDS BRADFORD,LAS PALMAS,4999,4999,0,5860,5860,0,-14.692833
07/04/2020 14:56,202002,WESTERN EUROPE-EU,SPAIN(CANARY ISLANDS),LEEDS BRADFORD,TENERIFE (SURREINA SOFIA),18224,18224,0,14288,14288,0,27.547592
07/04/2020 14:56,202002,WESTERN EUROPE-EU,SPAIN(CANARY ISLANDS),LIVERPOOL (JOHN LENNON),ARRECIFE,7083,7083,0,6120,6120,0,15.735294
07/04/2020 14:56,202002,WESTERN EUROPE-EU,SPAIN(CANARY ISLANDS),LIVERPOOL (JOHN LENNON),FUERTEVENTURA,4556,4556,0,4014,4014,0,13.50274
07/04/2020 14:56,202002,WESTERN EUROPE-EU,SPAIN(CANARY ISLANDS),LIVERPOOL (JOHN LENNON),TENERIFE (SURREINA SOFIA),3176,3176,0,1359,1359,0,133.701251
07/04/2020 14:56,202002,WESTERN EUROPE-EU,SPAIN(CANARY ISLANDS),MANCHESTER,ARRECIFE,36153,30318,5835,38726,32685,6041,-6.644115
07/04/2020 14:56,202002,WESTERN EUROPE-EU,SPAIN(CANARY ISLANDS),MANCHESTER,FUERTEVENTURA,17429,12702,4727,19280,16315,2965,-9.600622
07/04/2020 14:56,202002,WESTERN EUROPE-EU,SPAIN(CANARY ISLANDS),MANCHESTER,LAS PALMAS,20139,13515,6624,22305,16427,5878,-9.710827
07/04/2020 14:56,202002,WESTERN EUROPE-EU,SPAIN(CANARY ISLANDS),MANCHESTER,SANTA CRUZ DE LA PALMA,1402,0,1402,1890,0,1890,-25.820106
07/04/2020 14:56,202002,WESTERN EUROPE-EU,SPAIN(CANARY ISLANDS),MANCHESTER,TENERIFE (SURREINA SOFIA),63049,51003,12046,65067,54672,10395,-3.101419
07/04/2020 14:56,202002,WESTERN EUROPE-EU,SPAIN(CANARY ISLANDS),NEWCASTLE,ARRECIFE,9416,9416,0,10624,10624,0,-11.370482
07/04/2020 14:56,202002,WESTERN EUROPE-EU,SPAIN(CANARY ISLANDS),NEWCASTLE,FUERTEVENTURA,4309,4309,0,3824,3824,0,12.683054
07/04/2020 14:56,202002,WESTERN EUROPE-EU,SPAIN(CANARY ISLANDS),NEWCASTLE,LAS PALMAS,4297,4297,0,4263,4263,0,0.79756
07/04/2020 14:56,202002,WESTERN EUROPE-EU,SPAIN(CANARY ISLANDS),NEWCASTLE,TENERIFE (SURREINA SOFIA),17178,17032,146,19594,19594,0,-12.330305
07/04/2020 14:56,202002,WESTERN EUROPE-EU,SPAIN(CANARY ISLANDS),NORWICH,TENERIFE (SURREINA SOFIA),1344,0,1344,1485,0,1485,-9.494949
07/04/2020 14:56,202002,WESTERN EUROPE-EU,SPAIN(CANARY ISLANDS),PRESTWICK,ARRECIFE,3015,3015,0,2670,2670,0,12.921348
07/04/2020 14:56,202002,WESTERN EUROPE-EU,SPAIN(CANARY ISLANDS),PRESTWICK,FUERTEVENTURA,0,0,0,1263,1263,0,-100
07/04/2020 14:56,202002,WESTERN EUROPE-EU,SPAIN(CANARY ISLANDS),PRESTWICK,TENERIFE (SURREINA SOFIA),2825,2825,0,5541,5541,0,-49.016423
07/04/2020 14:56,202002,WESTERN EUROPE-EU,SPAIN(CANARY ISLANDS),SOUTHAMPTON,TENERIFE (SURREINA SOFIA),0,0,0,60,60,0,-100
07/04/2020 14:56,202002,WESTERN EUROPE-EU,SWEDEN,GATWICK,GOTEBORG (LANDVETTER),9824,9824,0,14078,14078,0,-30.21736
07/04/2020 14:56,202002,WESTERN EUROPE-EU,SWEDEN,GATWICK,MALMO,0,0,0,222,0,222,-100
07/04/2020 14:56,202002,WESTERN EUROPE-EU,SWEDEN,GATWICK,OSTERSUND / FROSON,2301,2301,0,2058,2058,0,11.80758
07/04/2020 14:56,202002,WESTERN EUROPE-EU,SWEDEN,GATWICK,STOCKHOLM (ARLANDA),27239,27239,0,36545,36545,0,-25.464496
07/04/2020 14:56,202002,WESTERN EUROPE-EU,SWEDEN,HEATHROW,GOTEBORG (LANDVETTER),18424,18424,0,17360,17360,0,6.129032
07/04/2020 14:56,202002,WESTERN EUROPE-EU,SWEDEN,HEATHROW,KIRUNA,554,0,554,630,0,630,-12.063492
07/04/2020 14:56,202002,WESTERN EUROPE-EU,SWEDEN,HEATHROW,SCANDINAVIAN MOUNTAINS AIRPORT,448,448,0,0,0,0,0
07/04/2020 14:56,202002,WESTERN EUROPE-EU,SWEDEN,HEATHROW,STOCKHOLM (ARLANDA),65600,65600,0,64270,64270,0,2.069395
07/04/2020 14:56,202002,WESTERN EUROPE-EU,SWEDEN,LUTON,MALMO,0,0,0,165,0,165,-100
07/04/2020 14:56,202002,WESTERN EUROPE-EU,SWEDEN,LUTON,STOCKHOLM (ARLANDA),0,0,0,2342,2342,0,-100
07/04/2020 14:56,202002,WESTERN EUROPE-EU,SWEDEN,STANSTED,GOTEBORG (LANDVETTER),12222,12222,0,11725,11725,0,4.238806
07/04/2020 14:56,202002,WESTERN EUROPE-EU,SWEDEN,STANSTED,HALMSTAD,346,0,346,0,0,0,0
07/04/2020 14:56,202002,WESTERN EUROPE-EU,SWEDEN,STANSTED,STOCKHOLM (SKAVSTA),15999,15999,0,18325,18325,0,-12.693042
07/04/2020 14:56,202002,WESTERN EUROPE-EU,SWEDEN,STANSTED,VASTERAS,4941,4941,0,5088,5088,0,-2.889151
07/04/2020 14:56,202002,WESTERN EUROPE-EU,SWEDEN,BIRMINGHAM,GOTEBORG (LANDVETTER),299,0,299,0,0,0,0
07/04/2020 14:56,202002,WESTERN EUROPE-EU,SWEDEN,BIRMINGHAM,VASTERAS,173,173,0,0,0,0,0
07/04/2020 14:56,202002,WESTERN EUROPE-EU,SWEDEN,BRISTOL,OSTERSUND / FROSON,0,0,0,446,446,0,-100
07/04/2020 14:56,202002,WESTERN EUROPE-EU,SWEDEN,BRISTOL,STOCKHOLM (ARLANDA),0,0,0,1939,1939,0,-100
07/04/2020 14:56,202002,WESTERN EUROPE-EU,SWEDEN,EDINBURGH,GOTEBORG (LANDVETTER),2463,2463,0,2358,2358,0,4.452926
07/04/2020 14:56,202002,WESTERN EUROPE-EU,SWEDEN,EDINBURGH,STOCKHOLM (ARLANDA),3386,3386,0,4389,4389,0,-22.852586
07/04/2020 14:56,202002,WESTERN EUROPE-EU,SWEDEN,EDINBURGH,STOCKHOLM (SKAVSTA),0,0,0,2399,2399,0,-100
07/04/2020 14:56,202002,WESTERN EUROPE-EU,SWEDEN,MANCHESTER,GOTEBORG (LANDVETTER),2546,2546,0,265,265,0,860.754717
07/04/2020 14:56,202002,WESTERN EUROPE-EU,SWEDEN,MANCHESTER,STOCKHOLM (ARLANDA),12177,12177,0,13202,13202,0,-7.763975
07/04/2020 14:56,202002,WESTERN EUROPE-OTHER,BOSNIA-HERZEGOVINA,LUTON,SARAJEVO,559,559,0,0,0,0,0
07/04/2020 14:56,202002,WESTERN EUROPE-OTHER,FAROE ISLANDS,EDINBURGH,VAGAR,598,598,0,0,0,0,0
07/04/2020 14:56,202002,WESTERN EUROPE-OTHER,ICELAND,GATWICK,KEFLAVIK,22980,20280,2700,36103,33034,3069,-36.34878
07/04/2020 14:56,202002,WESTERN EUROPE-OTHER,ICELAND,HEATHROW,KEFLAVIK,28448,28448,0,29610,29610,0,-3.92435
07/04/2020 14:56,202002,WESTERN EUROPE-OTHER,ICELAND,LONDON CITY,KEFLAVIK,0,0,0,1142,1142,0,-100
07/04/2020 14:56,202002,WESTERN EUROPE-OTHER,ICELAND,LUTON,KEFLAVIK,24366,24366,0,25178,25178,0,-3.225038
07/04/2020 14:56,202002,WESTERN EUROPE-OTHER,ICELAND,SOUTHEND,AKUREYRI,0,0,0,201,201,0,-100
07/04/2020 14:56,202002,WESTERN EUROPE-OTHER,ICELAND,STANSTED,KEFLAVIK,189,0,189,3497,3497,0,-94.595367
07/04/2020 14:56,202002,WESTERN EUROPE-OTHER,ICELAND,BELFAST INTERNATIONAL,KEFLAVIK,2186,2186,0,2305,2305,0,-5.16269
07/04/2020 14:56,202002,WESTERN EUROPE-OTHER,ICELAND,BOURNEMOUTH,AKUREYRI,0,0,0,303,0,303,-100
07/04/2020 14:56,202002,WESTERN EUROPE-OTHER,ICELAND,BRISTOL,KEFLAVIK,6189,3646,2543,4098,4098,0,51.02489
07/04/2020 14:56,202002,WESTERN EUROPE-OTHER,ICELAND,EAST MIDLANDS INTERNATIONAL,AKUREYRI,0,0,0,398,0,398,-100
07/04/2020 14:56,202002,WESTERN EUROPE-OTHER,ICELAND,EAST MIDLANDS INTERNATIONAL,KEFLAVIK,0,0,0,2838,0,2838,-100
07/04/2020 14:56,202002,WESTERN EUROPE-OTHER,ICELAND,EDINBURGH,KEFLAVIK,5852,5852,0,6431,6431,0,-9.003265
07/04/2020 14:56,202002,WESTERN EUROPE-OTHER,ICELAND,EXETER,AKUREYRI,0,0,0,395,0,395,-100
07/04/2020 14:56,202002,WESTERN EUROPE-OTHER,ICELAND,GLASGOW,KEFLAVIK,7244,7244,0,6642,6642,0,9.063535
07/04/2020 14:56,202002,WESTERN EUROPE-OTHER,ICELAND,HUMBERSIDE,AKUREYRI,0,0,0,768,0,768,-100
07/04/2020 14:56,202002,WESTERN EUROPE-OTHER,ICELAND,LEEDS BRADFORD,AKUREYRI,0,0,0,381,0,381,-100
07/04/2020 14:56,202002,WESTERN EUROPE-OTHER,ICELAND,LEEDS BRADFORD,KEFLAVIK,720,720,0,754,754,0,-4.509284
07/04/2020 14:56,202002,WESTERN EUROPE-OTHER,ICELAND,MANCHESTER,KEFLAVIK,24650,21575,3075,23336,20446,2890,5.630785
07/04/2020 14:56,202002,WESTERN EUROPE-OTHER,ICELAND,NEWCASTLE,AKUREYRI,0,0,0,171,171,0,-100
07/04/2020 14:56,202002,WESTERN EUROPE-OTHER,ICELAND,NEWCASTLE,KEFLAVIK,738,738,0,741,741,0,-0.404858
07/04/2020 14:56,202002,WESTERN EUROPE-OTHER,ICELAND,TEESSIDE INTERNATIONAL AIRPORT,AKUREYRI,0,0,0,378,0,378,-100
07/04/2020 14:56,202002,WESTERN EUROPE-OTHER,KOSOVO,LUTON,PRISTINA,4295,4295,0,5094,5094,0,-15.68512
07/04/2020 14:56,202002,WESTERN EUROPE-OTHER,MACEDONIA,LUTON,OHRID,1894,1894,0,0,0,0,0
07/04/2020 14:56,202002,WESTERN EUROPE-OTHER,MACEDONIA,LUTON,SKOPJE,3033,3033,0,4271,4271,0,-28.986186
07/04/2020 14:56,202002,WESTERN EUROPE-OTHER,NORWAY,GATWICK,BERGEN,14266,13474,792,15356,14564,792,-7.098203
07/04/2020 14:56,202002,WESTERN EUROPE-OTHER,NORWAY,GATWICK,OSLO (GARDERMOEN),32385,32385,0,36967,36967,0,-12.394839
07/04/2020 14:56,202002,WESTERN EUROPE-OTHER,NORWAY,GATWICK,STAVANGER,5696,5696,0,6081,6081,0,-6.331196
07/04/2020 14:56,202002,WESTERN EUROPE-OTHER,NORWAY,GATWICK,TROMSOE,5975,5975,0,5314,5314,0,12.438841
07/04/2020 14:56,202002,WESTERN EUROPE-OTHER,NORWAY,GATWICK,TRONDHEIM (VAERNES),3147,3147,0,5841,5841,0,-46.122239
07/04/2020 14:56,202002,WESTERN EUROPE-OTHER,NORWAY,HEATHROW,OSLO (GARDERMOEN),55583,55583,0,51123,51123,0,8.724058
07/04/2020 14:56,202002,WESTERN EUROPE-OTHER,NORWAY,HEATHROW,STAVANGER,4423,4423,0,7631,7631,0,-42.039051
07/04/2020 14:56,202002,WESTERN EUROPE-OTHER,NORWAY,LUTON,BERGEN,4005,4005,0,0,0,0,0
07/04/2020 14:56,202002,WESTERN EUROPE-OTHER,NORWAY,LUTON,OSLO (GARDERMOEN),6531,6531,0,0,0,0,0
07/04/2020 14:56,202002,WESTERN EUROPE-OTHER,NORWAY,LUTON,STAVANGER,2541,2541,0,0,0,0,0
07/04/2020 14:56,202002,WESTERN EUROPE-OTHER,NORWAY,LUTON,TROMSOE,3114,3114,0,2368,2368,0,31.503378
07/04/2020 14:56,202002,WESTERN EUROPE-OTHER,NORWAY,STANSTED,KRISTIANSAND (KJEVIK),1492,1492,0,1521,1521,0,-1.90664
07/04/2020 14:56,202002,WESTERN EUROPE-OTHER,NORWAY,STANSTED,OSLO (GARDERMOEN),25050,25050,0,25032,25032,0,0.071908
07/04/2020 14:56,202002,WESTERN EUROPE-OTHER,NORWAY,STANSTED,SANDEFJORD(TORP),2237,2237,0,3450,3450,0,-35.15942
07/04/2020 14:56,202002,WESTERN EUROPE-OTHER,NORWAY,ABERDEEN,BERGEN,2934,2934,0,2655,2655,0,10.508475
07/04/2020 14:56,202002,WESTERN EUROPE-OTHER,NORWAY,ABERDEEN,HAUGESUND,65,65,0,0,0,0,0
07/04/2020 14:56,202002,WESTERN EUROPE-OTHER,NORWAY,ABERDEEN,OSLO (GARDERMOEN),1572,1572,0,1904,1904,0,-17.436975
07/04/2020 14:56,202002,WESTERN EUROPE-OTHER,NORWAY,ABERDEEN,STAVANGER,7978,7978,0,7832,7832,0,1.864147
07/04/2020 14:56,202002,WESTERN EUROPE-OTHER,NORWAY,BIRMINGHAM,BERGEN,161,0,161,332,0,332,-51.506024
07/04/2020 14:56,202002,WESTERN EUROPE-OTHER,NORWAY,BOURNEMOUTH,BERGEN,122,0,122,449,0,449,-72.828508
07/04/2020 14:56,202002,WESTERN EUROPE-OTHER,NORWAY,BRISTOL,BERGEN,466,0,466,178,0,178,161.797753
07/04/2020 14:56,202002,WESTERN EUROPE-OTHER,NORWAY,EAST MIDLANDS INTERNATIONAL,OSLO (GARDERMOEN),187,0,187,0,0,0,0
07/04/2020 14:56,202002,WESTERN EUROPE-OTHER,NORWAY,EDINBURGH,BERGEN,264,264,0,0,0,0,0
07/04/2020 14:56,202002,WESTERN EUROPE-OTHER,NORWAY,EDINBURGH,OSLO (GARDERMOEN),8536,8536,0,8943,8943,0,-4.551046
07/04/2020 14:56,202002,WESTERN EUROPE-OTHER,NORWAY,EDINBURGH,STAVANGER,688,688,0,0,0,0,0
07/04/2020 14:56,202002,WESTERN EUROPE-OTHER,NORWAY,GLASGOW,BERGEN,296,0,296,0,0,0,0
07/04/2020 14:56,202002,WESTERN EUROPE-OTHER,NORWAY,LIVERPOOL (JOHN LENNON),BERGEN,666,666,0,753,753,0,-11.553785
07/04/2020 14:56,202002,WESTERN EUROPE-OTHER,NORWAY,LIVERPOOL (JOHN LENNON),MOLDE,0,0,0,337,0,337,-100
07/04/2020 14:56,202002,WESTERN EUROPE-OTHER,NORWAY,LIVERPOOL (JOHN LENNON),OSLO (GARDERMOEN),188,0,188,375,0,375,-49.866667
07/04/2020 14:56,202002,WESTERN EUROPE-OTHER,NORWAY,LIVERPOOL (JOHN LENNON),STAVANGER,0,0,0,156,0,156,-100
07/04/2020 14:56,202002,WESTERN EUROPE-OTHER,NORWAY,LIVERPOOL (JOHN LENNON),TRONDHEIM (VAERNES),374,0,374,0,0,0,0
07/04/2020 14:56,202002,WESTERN EUROPE-OTHER,NORWAY,MANCHESTER,BERGEN,3100,2692,408,1323,545,778,134.315949
07/04/2020 14:56,202002,WESTERN EUROPE-OTHER,NORWAY,MANCHESTER,OSLO (GARDERMOEN),11156,11156,0,11064,11064,0,0.831526
07/04/2020 14:56,202002,WESTERN EUROPE-OTHER,NORWAY,MANCHESTER,SANDEFJORD(TORP),5138,5138,0,5325,5325,0,-3.511737
07/04/2020 14:56,202002,WESTERN EUROPE-OTHER,NORWAY,MANCHESTER,STAVANGER,1732,1732,0,2800,2800,0,-38.142857
07/04/2020 14:56,202002,WESTERN EUROPE-OTHER,NORWAY,NEWCASTLE,BERGEN,130,0,130,190,0,190,-31.578947
07/04/2020 14:56,202002,WESTERN EUROPE-OTHER,NORWAY,NEWCASTLE,STAVANGER,821,821,0,353,353,0,132.577904
07/04/2020 14:56,202002,WESTERN EUROPE-OTHER,REPUBLIC OF MONTENEGRO,STANSTED,PODGORICA,2981,2981,0,2539,2539,0,17.408429
07/04/2020 14:56,202002,WESTERN EUROPE-OTHER,REPUBLIC OF SERBIA,HEATHROW,BELGRADE,5787,5787,0,5091,5091,0,13.671184
07/04/2020 14:56,202002,WESTERN EUROPE-OTHER,REPUBLIC OF SERBIA,LUTON,BELGRADE,4779,4779,0,3900,3900,0,22.538462
07/04/2020 14:56,202002,WESTERN EUROPE-OTHER,SWITZERLAND,GATWICK,BALE MULHOUSE,22083,22083,0,23593,23593,0,-6.400203
07/04/2020 14:56,202002,WESTERN EUROPE-OTHER,SWITZERLAND,GATWICK,GENEVA,103425,101643,1782,103622,99286,4336,-0.190114
07/04/2020 14:56,202002,WESTERN EUROPE-OTHER,SWITZERLAND,GATWICK,ZURICH,12663,12663,0,12845,12845,0,-1.416894
07/04/2020 14:56,202002,WESTERN EUROPE-OTHER,SWITZERLAND,HEATHROW,BALE MULHOUSE,20866,20866,0,20779,20779,0,0.418692
07/04/2020 14:56,202002,WESTERN EUROPE-OTHER,SWITZERLAND,HEATHROW,GENEVA,99637,99637,0,93486,93486,0,6.579595
07/04/2020 14:56,202002,WESTERN EUROPE-OTHER,SWITZERLAND,HEATHROW,SION,551,551,0,445,445,0,23.820225
07/04/2020 14:56,202002,WESTERN EUROPE-OTHER,SWITZERLAND,HEATHROW,ZURICH,92422,91541,881,90063,89453,610,2.619278
07/04/2020 14:56,202002,WESTERN EUROPE-OTHER,SWITZERLAND,LONDON CITY,GENEVA,13907,13907,0,18127,18127,0,-23.28019
07/04/2020 14:56,202002,WESTERN EUROPE-OTHER,SWITZERLAND,LONDON CITY,SION,93,93,0,143,143,0,-34.965035
07/04/2020 14:56,202002,WESTERN EUROPE-OTHER,SWITZERLAND,LONDON CITY,ZURICH,31208,31208,0,31344,31344,0,-0.433895
07/04/2020 14:56,202002,WESTERN EUROPE-OTHER,SWITZERLAND,LUTON,BALE MULHOUSE,4572,4572,0,6142,6142,0,-25.561706
07/04/2020 14:56,202002,WESTERN EUROPE-OTHER,SWITZERLAND,LUTON,GENEVA,43692,43692,0,46900,46900,0,-6.840085
07/04/2020 14:56,202002,WESTERN EUROPE-OTHER,SWITZERLAND,LUTON,ZURICH,10908,10908,0,11257,11257,0,-3.100293
07/04/2020 14:56,202002,WESTERN EUROPE-OTHER,SWITZERLAND,SOUTHEND,GENEVA,6514,6514,0,6100,6100,0,6.786885
07/04/2020 14:56,202002,WESTERN EUROPE-OTHER,SWITZERLAND,STANSTED,BALE MULHOUSE,189,0,189,0,0,0,0
07/04/2020 14:56,202002,WESTERN EUROPE-OTHER,SWITZERLAND,STANSTED,GENEVA,23392,23392,0,21634,21299,335,8.126098
07/04/2020 14:56,202002,WESTERN EUROPE-OTHER,SWITZERLAND,STANSTED,ZURICH,204,120,84,171,40,131,19.298246
07/04/2020 14:56,202002,WESTERN EUROPE-OTHER,SWITZERLAND,ABERDEEN,GENEVA,1453,1453,0,1140,1140,0,27.45614
07/04/2020 14:56,202002,WESTERN EUROPE-OTHER,SWITZERLAND,BELFAST INTERNATIONAL,GENEVA,5855,5855,0,4496,4496,0,30.226868
07/04/2020 14:56,202002,WESTERN EUROPE-OTHER,SWITZERLAND,BIGGIN HILL,BERNE,3,0,3,27,0,27,-88.888889
07/04/2020 14:56,202002,WESTERN EUROPE-OTHER,SWITZERLAND,BIGGIN HILL,GENEVA,10,0,10,12,0,12,-16.666667
07/04/2020 14:56,202002,WESTERN EUROPE-OTHER,SWITZERLAND,BIGGIN HILL,SION,26,0,26,0,0,0,0
07/04/2020 14:56,202002,WESTERN EUROPE-OTHER,SWITZERLAND,BIRMINGHAM,GENEVA,22481,22481,0,20661,19482,1179,8.808867
07/04/2020 14:56,202002,WESTERN EUROPE-OTHER,SWITZERLAND,BIRMINGHAM,ZURICH,8729,8729,0,8393,8393,0,4.003336
07/04/2020 14:56,202002,WESTERN EUROPE-OTHER,SWITZERLAND,BOURNEMOUTH,GENEVA,6965,6965,0,6691,6691,0,4.095053
07/04/2020 14:56,202002,WESTERN EUROPE-OTHER,SWITZERLAND,BRISTOL,BALE MULHOUSE,3985,3985,0,2804,2804,0,42.118402
07/04/2020 14:56,202002,WESTERN EUROPE-OTHER,SWITZERLAND,BRISTOL,GENEVA,29297,27752,1545,28447,25212,3235,2.988013
07/04/2020 14:56,202002,WESTERN EUROPE-OTHER,SWITZERLAND,CARDIFF WALES,GENEVA,481,481,0,780,780,0,-38.333333
07/04/2020 14:56,202002,WESTERN EUROPE-OTHER,SWITZERLAND,EAST MIDLANDS INTERNATIONAL,GENEVA,1422,1422,0,1048,1048,0,35.687023
07/04/2020 14:56,202002,WESTERN EUROPE-OTHER,SWITZERLAND,EDINBURGH,BALE MULHOUSE,4918,4918,0,5098,5098,0,-3.530796
07/04/2020 14:56,202002,WESTERN EUROPE-OTHER,SWITZERLAND,EDINBURGH,GENEVA,23730,22107,1623,22462,21150,1312,5.645089
07/04/2020 14:56,202002,WESTERN EUROPE-OTHER,SWITZERLAND,EDINBURGH,ZURICH,0,0,0,631,631,0,-100
07/04/2020 14:56,202002,WESTERN EUROPE-OTHER,SWITZERLAND,EXETER,GENEVA,492,492,0,527,527,0,-6.641366
07/04/2020 14:56,202002,WESTERN EUROPE-OTHER,SWITZERLAND,GLASGOW,GENEVA,4156,4156,0,3612,3612,0,15.060908
07/04/2020 14:56,202002,WESTERN EUROPE-OTHER,SWITZERLAND,ISLE OF MAN,GENEVA,589,0,589,495,495,0,18.989899
07/04/2020 14:56,202002,WESTERN EUROPE-OTHER,SWITZERLAND,JERSEY,GENEVA,544,544,0,500,500,0,8.8
07/04/2020 14:56,202002,WESTERN EUROPE-OTHER,SWITZERLAND,LEEDS BRADFORD,GENEVA,9672,9672,0,9847,9847,0,-1.777191
07/04/2020 14:56,202002,WESTERN EUROPE-OTHER,SWITZERLAND,LIVERPOOL (JOHN LENNON),GENEVA,23189,23189,0,20843,20843,0,11.255577
07/04/2020 14:56,202002,WESTERN EUROPE-OTHER,SWITZERLAND,MANCHESTER,BALE MULHOUSE,6692,6692,0,8430,8430,0,-20.616845
07/04/2020 14:56,202002,WESTERN EUROPE-OTHER,SWITZERLAND,MANCHESTER,GENEVA,32650,31698,952,32567,31151,1416,0.254859
07/04/2020 14:56,202002,WESTERN EUROPE-OTHER,SWITZERLAND,MANCHESTER,ZURICH,12399,12399,0,11912,11912,0,4.088314
07/04/2020 14:56,202002,WESTERN EUROPE-OTHER,SWITZERLAND,NEWCASTLE,GENEVA,9178,9178,0,8808,8808,0,4.200727
07/04/2020 14:56,202002,WESTERN EUROPE-OTHER,SWITZERLAND,SOUTHAMPTON,GENEVA,4115,4115,0,4394,4394,0,-6.349568
07/04/2020 14:56,202002,WESTERN EUROPE-OTHER,TURKEY,GATWICK,ANKARA (ESENBOGA),942,942,0,1573,1573,0,-40.114431
07/04/2020 14:56,202002,WESTERN EUROPE-OTHER,TURKEY,GATWICK,ANTALYA,1779,1609,170,5190,3817,1373,-65.722543
07/04/2020 14:56,202002,WESTERN EUROPE-OTHER,TURKEY,GATWICK,DALAMAN,1929,1929,0,844,844,0,128.554502
07/04/2020 14:56,202002,WESTERN EUROPE-OTHER,TURKEY,GATWICK,ISTANBUL,14519,14519,0,15700,15700,0,-7.522293
07/04/2020 14:56,202002,WESTERN EUROPE-OTHER,TURKEY,GATWICK,ISTANBUL (SABIHA GOKCEN),4803,4803,0,4166,4166,0,15.290446
07/04/2020 14:56,202002,WESTERN EUROPE-OTHER,TURKEY,GATWICK,ISTANBUL ATATURK,0,0,0,2448,2448,0,-100
07/04/2020 14:56,202002,WESTERN EUROPE-OTHER,TURKEY,HEATHROW,ISTANBUL,74565,74565,0,69550,69550,0,7.21064
07/04/2020 14:56,202002,WESTERN EUROPE-OTHER,TURKEY,STANSTED,ANTALYA,4601,4601,0,1484,1484,0,210.040431
07/04/2020 14:56,202002,WESTERN EUROPE-OTHER,TURKEY,STANSTED,ISTANBUL,0,0,0,6941,6941,0,-100
07/04/2020 14:56,202002,WESTERN EUROPE-OTHER,TURKEY,STANSTED,ISTANBUL (SABIHA GOKCEN),37540,37540,0,30781,30781,0,21.958351
07/04/2020 14:56,202002,WESTERN EUROPE-OTHER,TURKEY,STANSTED,IZMIR (ADNAN MENDERES),4308,4308,0,4011,4011,0,7.404637
07/04/2020 14:56,202002,WESTERN EUROPE-OTHER,TURKEY,BELFAST INTERNATIONAL,ISTANBUL (SABIHA GOKCEN),0,0,0,74,0,74,-100
07/04/2020 14:56,202002,WESTERN EUROPE-OTHER,TURKEY,BELFAST INTERNATIONAL,ISTANBUL ATATURK,97,0,97,0,0,0,0
07/04/2020 14:56,202002,WESTERN EUROPE-OTHER,TURKEY,BIGGIN HILL,ISTANBUL ATATURK,7,0,7,0,0,0,0
07/04/2020 14:56,202002,WESTERN EUROPE-OTHER,TURKEY,BIRMINGHAM,ANTALYA,3904,3904,0,1671,1671,0,133.632555
07/04/2020 14:56,202002,WESTERN EUROPE-OTHER,TURKEY,BIRMINGHAM,ISTANBUL,10547,10547,0,0,0,0,0
07/04/2020 14:56,202002,WESTERN EUROPE-OTHER,TURKEY,BIRMINGHAM,ISTANBUL ATATURK,0,0,0,9671,9671,0,-100
07/04/2020 14:56,202002,WESTERN EUROPE-OTHER,TURKEY,EAST MIDLANDS INTERNATIONAL,ANTALYA,1052,1052,0,748,748,0,40.641711
07/04/2020 14:56,202002,WESTERN EUROPE-OTHER,TURKEY,EDINBURGH,ANTALYA,198,198,0,0,0,0,0
07/04/2020 14:56,202002,WESTERN EUROPE-OTHER,TURKEY,EDINBURGH,ISTANBUL,5778,5778,0,0,0,0,0
07/04/2020 14:56,202002,WESTERN EUROPE-OTHER,TURKEY,EDINBURGH,ISTANBUL ATATURK,0,0,0,4257,4257,0,-100
07/04/2020 14:56,202002,WESTERN EUROPE-OTHER,TURKEY,GLASGOW,ANTALYA,2644,2644,0,2539,2539,0,4.135486
07/04/2020 14:56,202002,WESTERN EUROPE-OTHER,TURKEY,LEEDS BRADFORD,ANTALYA,1516,1516,0,537,537,0,182.309125
07/04/2020 14:56,202002,WESTERN EUROPE-OTHER,TURKEY,MANCHESTER,ANTALYA,8187,6981,1206,7338,7338,0,11.56991
07/04/2020 14:56,202002,WESTERN EUROPE-OTHER,TURKEY,MANCHESTER,DALAMAN,0,0,0,656,656,0,-100
07/04/2020 14:56,202002,WESTERN EUROPE-OTHER,TURKEY,MANCHESTER,ISTANBUL,18232,18232,0,0,0,0,0
07/04/2020 14:56,202002,WESTERN EUROPE-OTHER,TURKEY,MANCHESTER,ISTANBUL (SABIHA GOKCEN),9694,9694,0,0,0,0,0
07/04/2020 14:56,202002,WESTERN EUROPE-OTHER,TURKEY,MANCHESTER,ISTANBUL ATATURK,0,0,0,17550,17550,0,-100
07/04/2020 14:56,202002,WESTERN EUROPE-OTHER,TURKEY,NEWCASTLE,ANTALYA,888,888,0,484,484,0,83.471074
07/04/2020 14:56,202002,EASTERN EUROPE-EU,BULGARIA,GATWICK,SOFIA,17773,14222,3551,17191,14340,2851,3.385492
07/04/2020 14:56,202002,EASTERN EUROPE-EU,BULGARIA,HEATHROW,SOFIA,13881,13881,0,14780,14780,0,-6.082544
07/04/2020 14:56,202002,EASTERN EUROPE-EU,BULGARIA,LUTON,BURGAS,3652,3652,0,3926,3926,0,-6.979114
07/04/2020 14:56,202002,EASTERN EUROPE-EU,BULGARIA,LUTON,SOFIA,25178,25178,0,24708,24708,0,1.902218
07/04/2020 14:56,202002,EASTERN EUROPE-EU,BULGARIA,LUTON,VARNA,7012,7012,0,7174,7174,0,-2.258154
07/04/2020 14:56,202002,EASTERN EUROPE-EU,BULGARIA,SOUTHEND,SOFIA,1769,1769,0,2782,2782,0,-36.412653
07/04/2020 14:56,202002,EASTERN EUROPE-EU,BULGARIA,STANSTED,PLOVDIV,6078,6078,0,4269,4269,0,42.375264
07/04/2020 14:56,202002,EASTERN EUROPE-EU,BULGARIA,STANSTED,SOFIA,28217,28217,0,21000,21000,0,34.366667
07/04/2020 14:56,202002,EASTERN EUROPE-EU,BULGARIA,BELFAST INTERNATIONAL,PLOVDIV,1344,0,1344,1731,0,1731,-22.357019
07/04/2020 14:56,202002,EASTERN EUROPE-EU,BULGARIA,BELFAST INTERNATIONAL,SOFIA,2437,0,2437,0,0,0,0
07/04/2020 14:56,202002,EASTERN EUROPE-EU,BULGARIA,BIRMINGHAM,SOFIA,6437,4646,1791,5976,4303,1673,7.71419
07/04/2020 14:56,202002,EASTERN EUROPE-EU,BULGARIA,BRISTOL,SOFIA,6851,4656,2195,5687,3644,2043,20.467733
07/04/2020 14:56,202002,EASTERN EUROPE-EU,BULGARIA,EAST MIDLANDS INTERNATIONAL,SOFIA,3502,1804,1698,1117,0,1117,213.518353
07/04/2020 14:56,202002,EASTERN EUROPE-EU,BULGARIA,EDINBURGH,SOFIA,7117,7117,0,5478,5478,0,29.919679
07/04/2020 14:56,202002,EASTERN EUROPE-EU,BULGARIA,LIVERPOOL (JOHN LENNON),SOFIA,3151,3151,0,2833,2833,0,11.22485
07/04/2020 14:56,202002,EASTERN EUROPE-EU,BULGARIA,LIVERPOOL (JOHN LENNON),VARNA,2605,2605,0,0,0,0,0
07/04/2020 14:56,202002,EASTERN EUROPE-EU,BULGARIA,MANCHESTER,SOFIA,10502,8049,2453,9887,7026,2861,6.220289
07/04/2020 14:56,202002,EASTERN EUROPE-EU,BULGARIA,NEWCASTLE,SOFIA,1505,1505,0,1233,1233,0,22.060016
07/04/2020 14:56,202002,EASTERN EUROPE-EU,CZECH REPUBLIC,GATWICK,PRAGUE,15831,15831,0,22626,22626,0,-30.031822
07/04/2020 14:56,202002,EASTERN EUROPE-EU,CZECH REPUBLIC,HEATHROW,PRAGUE,33513,33513,0,31616,31616,0,6.000127
07/04/2020 14:56,202002,EASTERN EUROPE-EU,CZECH REPUBLIC,LONDON CITY,PRAGUE,3096,3096,0,2812,2812,0,10.099573
07/04/2020 14:56,202002,EASTERN EUROPE-EU,CZECH REPUBLIC,LUTON,PRAGUE,13208,13208,0,7018,7018,0,88.201767
07/04/2020 14:56,202002,EASTERN EUROPE-EU,CZECH REPUBLIC,SOUTHEND,PRAGUE,2223,2223,0,3561,3561,0,-37.573715
07/04/2020 14:56,202002,EASTERN EUROPE-EU,CZECH REPUBLIC,STANSTED,BRNO (TURANY),6960,6960,0,6753,6753,0,3.065304
07/04/2020 14:56,202002,EASTERN EUROPE-EU,CZECH REPUBLIC,STANSTED,OSTRAVA,4190,4190,0,5440,5440,0,-22.977941
07/04/2020 14:56,202002,EASTERN EUROPE-EU,CZECH REPUBLIC,STANSTED,PARDUBICE,0,0,0,3627,3627,0,-100
07/04/2020 14:56,202002,EASTERN EUROPE-EU,CZECH REPUBLIC,STANSTED,PRAGUE,32158,32158,0,30728,30728,0,4.653736
07/04/2020 14:56,202002,EASTERN EUROPE-EU,CZECH REPUBLIC,BELFAST INTERNATIONAL,PRAGUE,2437,2437,0,2270,2270,0,7.356828
07/04/2020 14:56,202002,EASTERN EUROPE-EU,CZECH REPUBLIC,BIGGIN HILL,KUNOVICE,10,0,10,3,0,3,233.333333
07/04/2020 14:56,202002,EASTERN EUROPE-EU,CZECH REPUBLIC,BIGGIN HILL,PRAGUE,13,0,13,0,0,0,0
07/04/2020 14:56,202002,EASTERN EUROPE-EU,CZECH REPUBLIC,BIRMINGHAM,PRAGUE,2712,2712,0,6128,6128,0,-55.744125
07/04/2020 14:56,202002,EASTERN EUROPE-EU,CZECH REPUBLIC,BOURNEMOUTH,PRAGUE,2453,2453,0,0,0,0,0
07/04/2020 14:56,202002,EASTERN EUROPE-EU,CZECH REPUBLIC,BRISTOL,PRAGUE,7668,7668,0,7901,7901,0,-2.948994
07/04/2020 14:56,202002,EASTERN EUROPE-EU,CZECH REPUBLIC,EAST MIDLANDS INTERNATIONAL,PRAGUE,2570,2570,0,1137,1137,0,126.033421
07/04/2020 14:56,202002,EASTERN EUROPE-EU,CZECH REPUBLIC,EDINBURGH,PRAGUE,9259,9259,0,9281,9281,0,-0.237043
07/04/2020 14:56,202002,EASTERN EUROPE-EU,CZECH REPUBLIC,GLASGOW,PRAGUE,2624,2624,0,2534,2534,0,3.551697
07/04/2020 14:56,202002,EASTERN EUROPE-EU,CZECH REPUBLIC,LEEDS BRADFORD,PRAGUE,1326,1326,0,1380,1380,0,-3.913043
07/04/2020 14:56,202002,EASTERN EUROPE-EU,CZECH REPUBLIC,LIVERPOOL (JOHN LENNON),PRAGUE,2545,2545,0,7019,7019,0,-63.741274
07/04/2020 14:56,202002,EASTERN EUROPE-EU,CZECH REPUBLIC,MANCHESTER,PRAGUE,29557,29557,0,17318,17318,0,70.672133
07/04/2020 14:56,202002,EASTERN EUROPE-EU,CZECH REPUBLIC,NEWCASTLE,PRAGUE,2781,2781,0,1358,1358,0,104.786451
07/04/2020 14:56,202002,EASTERN EUROPE-EU,ESTONIA,GATWICK,TALLIN,5819,5819,0,4760,4760,0,22.247899
07/04/2020 14:56,202002,EASTERN EUROPE-EU,ESTONIA,HEATHROW,TALLIN,0,0,0,2425,2425,0,-100
07/04/2020 14:56,202002,EASTERN EUROPE-EU,ESTONIA,LUTON,TALLIN,0,0,0,3206,3206,0,-100
07/04/2020 14:56,202002,EASTERN EUROPE-EU,ESTONIA,STANSTED,TALLIN,5522,5522,0,5347,5347,0,3.272863
07/04/2020 14:56,202002,EASTERN EUROPE-EU,ESTONIA,EDINBURGH,TALLIN,2580,2580,0,2571,2571,0,0.350058
07/04/2020 14:56,202002,EASTERN EUROPE-EU,HUNGARY,GATWICK,BUDAPEST,28222,28222,0,16067,16067,0,75.651957
07/04/2020 14:56,202002,EASTERN EUROPE-EU,HUNGARY,HEATHROW,BUDAPEST,20399,20399,0,23740,23740,0,-14.073294
07/04/2020 14:56,202002,EASTERN EUROPE-EU,HUNGARY,LONDON CITY,BUDAPEST,3706,3706,0,1636,1636,0,126.528117
07/04/2020 14:56,202002,EASTERN EUROPE-EU,HUNGARY,LUTON,BUDAPEST,39370,39370,0,40225,40225,0,-2.125544
07/04/2020 14:56,202002,EASTERN EUROPE-EU,HUNGARY,LUTON,DEBRECEN,9889,9889,0,9891,9891,0,-0.02022
07/04/2020 14:56,202002,EASTERN EUROPE-EU,HUNGARY,SOUTHEND,BUDAPEST,2349,2349,0,2305,2305,0,1.908894
07/04/2020 14:56,202002,EASTERN EUROPE-EU,HUNGARY,STANSTED,BUDAPEST,35332,35332,0,33156,33156,0,6.562915
07/04/2020 14:56,202002,EASTERN EUROPE-EU,HUNGARY,BIRMINGHAM,BUDAPEST,5376,5376,0,2712,2712,0,98.230088
07/04/2020 14:56,202002,EASTERN EUROPE-EU,HUNGARY,BRISTOL,BUDAPEST,6106,6106,0,4198,4198,0,45.450214
07/04/2020 14:56,202002,EASTERN EUROPE-EU,HUNGARY,DONCASTER SHEFFIELD,BUDAPEST,3948,3948,0,2624,2624,0,50.457317
07/04/2020 14:56,202002,EASTERN EUROPE-EU,HUNGARY,DONCASTER SHEFFIELD,DEBRECEN,2659,2659,0,2656,2656,0,0.112952
07/04/2020 14:56,202002,EASTERN EUROPE-EU,HUNGARY,EAST MIDLANDS INTERNATIONAL,BUDAPEST,4256,4256,0,4124,4124,0,3.200776
07/04/2020 14:56,202002,EASTERN EUROPE-EU,HUNGARY,EDINBURGH,BUDAPEST,16810,16810,0,5636,5636,0,198.261178
07/04/2020 14:56,202002,EASTERN EUROPE-EU,HUNGARY,GLASGOW,BUDAPEST,2484,2484,0,3229,3229,0,-23.072159
07/04/2020 14:56,202002,EASTERN EUROPE-EU,HUNGARY,LEEDS BRADFORD,BUDAPEST,1671,1671,0,1343,1343,0,24.422934
07/04/2020 14:56,202002,EASTERN EUROPE-EU,HUNGARY,LIVERPOOL (JOHN LENNON),BUDAPEST,2884,2884,0,3503,3503,0,-17.670568
07/04/2020 14:56,202002,EASTERN EUROPE-EU,HUNGARY,MANCHESTER,BUDAPEST,16676,16676,0,14213,14213,0,17.329206
07/04/2020 14:56,202002,EASTERN EUROPE-EU,LATVIA,GATWICK,RIGA,7681,7681,0,7954,7954,0,-3.432235
07/04/2020 14:56,202002,EASTERN EUROPE-EU,LATVIA,LUTON,RIGA,9602,9602,0,13906,13906,0,-30.950669
07/04/2020 14:56,202002,EASTERN EUROPE-EU,LATVIA,STANSTED,RIGA,23709,23709,0,19769,19769,0,19.930194
07/04/2020 14:56,202002,EASTERN EUROPE-EU,LATVIA,DONCASTER SHEFFIELD,RIGA,3203,3203,0,2869,2869,0,11.641687
07/04/2020 14:56,202002,EASTERN EUROPE-EU,LATVIA,EAST MIDLANDS INTERNATIONAL,RIGA,4247,4247,0,4234,4234,0,0.307038
07/04/2020 14:56,202002,EASTERN EUROPE-EU,LATVIA,EDINBURGH,RIGA,2776,2776,0,1413,1413,0,96.46143
07/04/2020 14:56,202002,EASTERN EUROPE-EU,LATVIA,LEEDS BRADFORD,RIGA,2454,2454,0,2840,2840,0,-13.591549
07/04/2020 14:56,202002,EASTERN EUROPE-EU,LATVIA,MANCHESTER,RIGA,2797,2797,0,2868,2868,0,-2.475593
07/04/2020 14:56,202002,EASTERN EUROPE-EU,LITHUANIA,HEATHROW,VILNIUS,42,42,0,0,0,0,0
07/04/2020 14:56,202002,EASTERN EUROPE-EU,LITHUANIA,LONDON CITY,VILNIUS,4496,4496,0,0,0,0,0
07/04/2020 14:56,202002,EASTERN EUROPE-EU,LITHUANIA,LUTON,KAUNAS,19252,19252,0,19477,19477,0,-1.155209
07/04/2020 14:56,202002,EASTERN EUROPE-EU,LITHUANIA,LUTON,PALANGA,3750,3750,0,5065,5065,0,-25.962488
07/04/2020 14:56,202002,EASTERN EUROPE-EU,LITHUANIA,LUTON,VILNIUS,17330,17330,0,25389,25389,0,-31.742093
07/04/2020 14:56,202002,EASTERN EUROPE-EU,LITHUANIA,SOUTHEND,VILNIUS,8021,8021,0,0,0,0,0
07/04/2020 14:56,202002,EASTERN EUROPE-EU,LITHUANIA,STANSTED,KAUNAS,7474,7474,0,6984,6984,0,7.016037
07/04/2020 14:56,202002,EASTERN EUROPE-EU,LITHUANIA,STANSTED,PALANGA,3185,3185,0,2777,2777,0,14.692114
07/04/2020 14:56,202002,EASTERN EUROPE-EU,LITHUANIA,STANSTED,VILNIUS,10166,10166,0,9763,9763,0,4.12783
07/04/2020 14:56,202002,EASTERN EUROPE-EU,LITHUANIA,BELFAST INTERNATIONAL,VILNIUS,2650,2650,0,3508,3508,0,-24.458381
07/04/2020 14:56,202002,EASTERN EUROPE-EU,LITHUANIA,BIRMINGHAM,VILNIUS,0,0,0,2821,2821,0,-100
07/04/2020 14:56,202002,EASTERN EUROPE-EU,LITHUANIA,BRISTOL,KAUNAS,2888,2888,0,2668,2668,0,8.245877
07/04/2020 14:56,202002,EASTERN EUROPE-EU,LITHUANIA,DONCASTER SHEFFIELD,VILNIUS,3792,3792,0,3529,3529,0,7.452536
07/04/2020 14:56,202002,EASTERN EUROPE-EU,LITHUANIA,EDINBURGH,KAUNAS,3107,3107,0,0,0,0,0
07/04/2020 14:56,202002,EASTERN EUROPE-EU,LITHUANIA,LEEDS BRADFORD,VILNIUS,0,0,0,2841,2841,0,-100
07/04/2020 14:56,202002,EASTERN EUROPE-EU,LITHUANIA,LIVERPOOL (JOHN LENNON),VILNIUS,2873,2873,0,2858,2858,0,0.524843
07/04/2020 14:56,202002,EASTERN EUROPE-EU,POLAND,GATWICK,GDANSK,10202,10202,0,0,0,0,0
07/04/2020 14:56,202002,EASTERN EUROPE-EU,POLAND,GATWICK,KRAKOW,19086,18662,424,12418,11993,425,53.696247
07/04/2020 14:56,202002,EASTERN EUROPE-EU,POLAND,GATWICK,WARSAW (CHOPIN),0,0,0,4936,4934,2,-100
07/04/2020 14:56,202002,EASTERN EUROPE-EU,POLAND,HEATHROW,KRAKOW,8133,8133,0,9244,9244,0,-12.018607
07/04/2020 14:56,202002,EASTERN EUROPE-EU,POLAND,HEATHROW,WARSAW (CHOPIN),32256,32256,0,31681,31681,0,1.814968
07/04/2020 14:56,202002,EASTERN EUROPE-EU,POLAND,LONDON CITY,WARSAW (CHOPIN),5736,5736,0,4728,4728,0,21.319797
07/04/2020 14:56,202002,EASTERN EUROPE-EU,POLAND,LUTON,BYDGOSZCZ,3578,3578,0,4083,4083,0,-12.368357
07/04/2020 14:56,202002,EASTERN EUROPE-EU,POLAND,LUTON,GDANSK,14964,14964,0,24001,24001,0,-37.652598
07/04/2020 14:56,202002,EASTERN EUROPE-EU,POLAND,LUTON,KATOWICE,18117,18117,0,26755,26755,0,-32.285554
07/04/2020 14:56,202002,EASTERN EUROPE-EU,POLAND,LUTON,KRAKOW,28281,28281,0,4902,4902,0,476.927785
07/04/2020 14:56,202002,EASTERN EUROPE-EU,POLAND,LUTON,LUBLIN (PORT LOTNICZY),8989,8989,0,8792,8792,0,2.240673
07/04/2020 14:56,202002,EASTERN EUROPE-EU,POLAND,LUTON,POZNAN,10005,10005,0,11885,11885,0,-15.818258
07/04/2020 14:56,202002,EASTERN EUROPE-EU,POLAND,LUTON,RZESZOW,4537,4537,0,4333,4333,0,4.708054
07/04/2020 14:56,202002,EASTERN EUROPE-EU,POLAND,LUTON,SZYMANY (MAZURY),3184,3184,0,3159,3159,0,0.79139
07/04/2020 14:56,202002,EASTERN EUROPE-EU,POLAND,LUTON,WARSAW (CHOPIN),36957,36957,0,35321,35321,0,4.631805
07/04/2020 14:56,202002,EASTERN EUROPE-EU,POLAND,LUTON,WROCLAW,9752,9752,0,11500,11500,0,-15.2
07/04/2020 14:56,202002,EASTERN EUROPE-EU,POLAND,STANSTED,BYDGOSZCZ,8467,8467,0,8393,8393,0,0.881687
07/04/2020 14:56,202002,EASTERN EUROPE-EU,POLAND,STANSTED,GDANSK,15776,15776,0,16660,16660,0,-5.306122
07/04/2020 14:56,202002,EASTERN EUROPE-EU,POLAND,STANSTED,KATOWICE,12784,12784,0,9786,9786,0,30.635602
07/04/2020 14:56,202002,EASTERN EUROPE-EU,POLAND,STANSTED,KRAKOW,27136,27136,0,27071,27071,0,0.240109
07/04/2020 14:56,202002,EASTERN EUROPE-EU,POLAND,STANSTED,LODZ LUBLINEK,8752,8752,0,8351,8351,0,4.80182
07/04/2020 14:56,202002,EASTERN EUROPE-EU,POLAND,STANSTED,LUBLIN (PORT LOTNICZY),0,0,0,5601,5601,0,-100
07/04/2020 14:56,202002,EASTERN EUROPE-EU,POLAND,STANSTED,POZNAN,12682,12682,0,12290,12290,0,3.189585
07/04/2020 14:56,202002,EASTERN EUROPE-EU,POLAND,STANSTED,RZESZOW,7542,7542,0,7166,7166,0,5.247
07/04/2020 14:56,202002,EASTERN EUROPE-EU,POLAND,STANSTED,SZCZECIN (GOLENOW),6760,6760,0,6852,6852,0,-1.342674
07/04/2020 14:56,202002,EASTERN EUROPE-EU,POLAND,STANSTED,SZYMANY (MAZURY),2551,2551,0,3826,3826,0,-33.324621
07/04/2020 14:56,202002,EASTERN EUROPE-EU,POLAND,STANSTED,WARSAW (MODLIN MASOVIA),29555,29555,0,30604,30604,0,-3.427657
07/04/2020 14:56,202002,EASTERN EUROPE-EU,POLAND,STANSTED,WROCLAW,17714,17714,0,15300,15300,0,15.777778
07/04/2020 14:56,202002,EASTERN EUROPE-EU,POLAND,ABERDEEN,GDANSK,2918,2918,0,2797,2797,0,4.326064
07/04/2020 14:56,202002,EASTERN EUROPE-EU,POLAND,BELFAST INTERNATIONAL,GDANSK,0,0,0,2851,2851,0,-100
07/04/2020 14:56,202002,EASTERN EUROPE-EU,POLAND,BELFAST INTERNATIONAL,KRAKOW,6392,6392,0,7957,7957,0,-19.668217
07/04/2020 14:56,202002,EASTERN EUROPE-EU,POLAND,BELFAST INTERNATIONAL,WARSAW (MODLIN MASOVIA),0,0,0,2742,2742,0,-100
07/04/2020 14:56,202002,EASTERN EUROPE-EU,POLAND,BELFAST INTERNATIONAL,WROCLAW,0,0,0,2802,2802,0,-100
07/04/2020 14:56,202002,EASTERN EUROPE-EU,POLAND,BIRMINGHAM,BYDGOSZCZ,4617,4617,0,4244,4244,0,8.788878
07/04/2020 14:56,202002,EASTERN EUROPE-EU,POLAND,BIRMINGHAM,GDANSK,2824,2824,0,2842,2842,0,-0.633357
07/04/2020 14:56,202002,EASTERN EUROPE-EU,POLAND,BIRMINGHAM,KATOWICE,2754,2754,0,2882,2882,0,-4.44136
07/04/2020 14:56,202002,EASTERN EUROPE-EU,POLAND,BIRMINGHAM,KRAKOW,12574,12212,362,5482,5482,0,129.368843
07/04/2020 14:56,202002,EASTERN EUROPE-EU,POLAND,BIRMINGHAM,POZNAN,3208,3208,0,0,0,0,0
07/04/2020 14:56,202002,EASTERN EUROPE-EU,POLAND,BIRMINGHAM,RZESZOW,0,0,0,377,377,0,-100
07/04/2020 14:56,202002,EASTERN EUROPE-EU,POLAND,BIRMINGHAM,WARSAW (CHOPIN),3667,3667,0,3327,3327,0,10.219417
07/04/2020 14:56,202002,EASTERN EUROPE-EU,POLAND,BIRMINGHAM,WARSAW (MODLIN MASOVIA),4175,4175,0,4188,4188,0,-0.310411
07/04/2020 14:56,202002,EASTERN EUROPE-EU,POLAND,BIRMINGHAM,WROCLAW,2756,2756,0,2643,2643,0,4.275445
07/04/2020 14:56,202002,EASTERN EUROPE-EU,POLAND,BOURNEMOUTH,KRAKOW,2896,2896,0,2770,2770,0,4.548736
07/04/2020 14:56,202002,EASTERN EUROPE-EU,POLAND,BRISTOL,GDANSK,2913,2913,0,2429,2429,0,19.925895
07/04/2020 14:56,202002,EASTERN EUROPE-EU,POLAND,BRISTOL,KATOWICE,3738,3738,0,2663,2663,0,40.368006
07/04/2020 14:56,202002,EASTERN EUROPE-EU,POLAND,BRISTOL,KRAKOW,10651,10651,0,11256,11256,0,-5.374911
07/04/2020 14:56,202002,EASTERN EUROPE-EU,POLAND,BRISTOL,POZNAN,4389,4389,0,4175,4175,0,5.125749
07/04/2020 14:56,202002,EASTERN EUROPE-EU,POLAND,BRISTOL,RZESZOW,2896,2896,0,2560,2560,0,13.125
07/04/2020 14:56,202002,EASTERN EUROPE-EU,POLAND,BRISTOL,WARSAW (MODLIN MASOVIA),6047,6047,0,5663,5663,0,6.780858
07/04/2020 14:56,202002,EASTERN EUROPE-EU,POLAND,BRISTOL,WROCLAW,2894,2894,0,2857,2857,0,1.295065
07/04/2020 14:56,202002,EASTERN EUROPE-EU,POLAND,CARDIFF WALES,KRAKOW,354,0,354,375,0,375,-5.6
07/04/2020 14:56,202002,EASTERN EUROPE-EU,POLAND,DONCASTER SHEFFIELD,GDANSK,5449,5449,0,5747,5747,0,-5.185314
07/04/2020 14:56,202002,EASTERN EUROPE-EU,POLAND,DONCASTER SHEFFIELD,KATOWICE,5828,5828,0,5750,5750,0,1.356522
07/04/2020 14:56,202002,EASTERN EUROPE-EU,POLAND,DONCASTER SHEFFIELD,KRAKOW,3934,3934,0,0,0,0,0
07/04/2020 14:56,202002,EASTERN EUROPE-EU,POLAND,DONCASTER SHEFFIELD,POZNAN,4487,4487,0,4211,4211,0,6.554263
07/04/2020 14:56,202002,EASTERN EUROPE-EU,POLAND,DONCASTER SHEFFIELD,WARSAW (CHOPIN),3577,3577,0,3535,3535,0,1.188119
07/04/2020 14:56,202002,EASTERN EUROPE-EU,POLAND,DONCASTER SHEFFIELD,WROCLAW,2742,2742,0,2774,2774,0,-1.153569
07/04/2020 14:56,202002,EASTERN EUROPE-EU,POLAND,EAST MIDLANDS INTERNATIONAL,KRAKOW,4466,4466,0,4721,4311,410,-5.401398
07/04/2020 14:56,202002,EASTERN EUROPE-EU,POLAND,EAST MIDLANDS INTERNATIONAL,LODZ LUBLINEK,2811,2811,0,2650,2650,0,6.075472
07/04/2020 14:56,202002,EASTERN EUROPE-EU,POLAND,EAST MIDLANDS INTERNATIONAL,RZESZOW,4289,4289,0,4003,4003,0,7.144642
07/04/2020 14:56,202002,EASTERN EUROPE-EU,POLAND,EAST MIDLANDS INTERNATIONAL,WARSAW (MODLIN MASOVIA),3144,3144,0,4252,4252,0,-26.058325
07/04/2020 14:56,202002,EASTERN EUROPE-EU,POLAND,EAST MIDLANDS INTERNATIONAL,WROCLAW,5648,5648,0,5698,5698,0,-0.877501
07/04/2020 14:56,202002,EASTERN EUROPE-EU,POLAND,EDINBURGH,GDANSK,10640,10640,0,4333,4333,0,145.557351
07/04/2020 14:56,202002,EASTERN EUROPE-EU,POLAND,EDINBURGH,KATOWICE,2850,2850,0,2852,2852,0,-0.070126
07/04/2020 14:56,202002,EASTERN EUROPE-EU,POLAND,EDINBURGH,KRAKOW,11759,11759,0,11646,11646,0,0.97029
07/04/2020 14:56,202002,EASTERN EUROPE-EU,POLAND,EDINBURGH,POZNAN,2779,2779,0,2859,2859,0,-2.798181
07/04/2020 14:56,202002,EASTERN EUROPE-EU,POLAND,EDINBURGH,WARSAW (CHOPIN),6146,6146,0,0,0,0,0
07/04/2020 14:56,202002,EASTERN EUROPE-EU,POLAND,EDINBURGH,WARSAW (MODLIN MASOVIA),9998,9998,0,5791,5791,0,72.647211
07/04/2020 14:56,202002,EASTERN EUROPE-EU,POLAND,EDINBURGH,WROCLAW,3163,3163,0,2862,2862,0,10.517121
07/04/2020 14:56,202002,EASTERN EUROPE-EU,POLAND,EXETER,KRAKOW,0,0,0,434,0,434,-100
07/04/2020 14:56,202002,EASTERN EUROPE-EU,POLAND,GLASGOW,GDANSK,161,161,0,0,0,0,0
07/04/2020 14:56,202002,EASTERN EUROPE-EU,POLAND,GLASGOW,KRAKOW,5477,5477,0,2840,2840,0,92.852113
07/04/2020 14:56,202002,EASTERN EUROPE-EU,POLAND,GLASGOW,WARSAW (MODLIN MASOVIA),2669,2669,0,0,0,0,0
07/04/2020 14:56,202002,EASTERN EUROPE-EU,POLAND,GLASGOW,WROCLAW,2761,2761,0,2809,2809,0,-1.708793
07/04/2020 14:56,202002,EASTERN EUROPE-EU,POLAND,LEEDS BRADFORD,GDANSK,4144,4144,0,4173,4173,0,-0.694944
07/04/2020 14:56,202002,EASTERN EUROPE-EU,POLAND,LEEDS BRADFORD,KRAKOW,7835,7835,0,7044,7044,0,11.229415
07/04/2020 14:56,202002,EASTERN EUROPE-EU,POLAND,LEEDS BRADFORD,WARSAW (MODLIN MASOVIA),2446,2446,0,2841,2841,0,-13.903555
07/04/2020 14:56,202002,EASTERN EUROPE-EU,POLAND,LEEDS BRADFORD,WROCLAW,2403,2403,0,2732,2732,0,-12.04246
07/04/2020 14:56,202002,EASTERN EUROPE-EU,POLAND,LIVERPOOL (JOHN LENNON),GDANSK,3959,3959,0,4058,4058,0,-2.439625
07/04/2020 14:56,202002,EASTERN EUROPE-EU,POLAND,LIVERPOOL (JOHN LENNON),KATOWICE,2747,2747,0,2666,2666,0,3.03826
07/04/2020 14:56,202002,EASTERN EUROPE-EU,POLAND,LIVERPOOL (JOHN LENNON),KRAKOW,9624,9624,0,8301,8301,0,15.937839
07/04/2020 14:56,202002,EASTERN EUROPE-EU,POLAND,LIVERPOOL (JOHN LENNON),POZNAN,2721,2721,0,2726,2726,0,-0.183419
07/04/2020 14:56,202002,EASTERN EUROPE-EU,POLAND,LIVERPOOL (JOHN LENNON),SZCZECIN (GOLENOW),2592,2592,0,2780,2780,0,-6.76259
07/04/2020 14:56,202002,EASTERN EUROPE-EU,POLAND,LIVERPOOL (JOHN LENNON),WARSAW (CHOPIN),3826,3826,0,2684,2684,0,42.548435
07/04/2020 14:56,202002,EASTERN EUROPE-EU,POLAND,LIVERPOOL (JOHN LENNON),WARSAW (MODLIN MASOVIA),4094,4094,0,5542,5542,0,-26.127752
07/04/2020 14:56,202002,EASTERN EUROPE-EU,POLAND,LIVERPOOL (JOHN LENNON),WROCLAW,3131,3131,0,2831,2831,0,10.596962
07/04/2020 14:56,202002,EASTERN EUROPE-EU,POLAND,MANCHESTER,GDANSK,3131,3131,0,2825,2825,0,10.831858
07/04/2020 14:56,202002,EASTERN EUROPE-EU,POLAND,MANCHESTER,KATOWICE,4444,4444,0,0,0,0,0
07/04/2020 14:56,202002,EASTERN EUROPE-EU,POLAND,MANCHESTER,KRAKOW,18658,18658,0,16704,16704,0,11.697797
07/04/2020 14:56,202002,EASTERN EUROPE-EU,POLAND,MANCHESTER,RZESZOW,2816,2816,0,2898,2898,0,-2.829538
07/04/2020 14:56,202002,EASTERN EUROPE-EU,POLAND,MANCHESTER,WARSAW (MODLIN MASOVIA),3182,3182,0,4307,4307,0,-26.120269
07/04/2020 14:56,202002,EASTERN EUROPE-EU,POLAND,MANCHESTER,WROCLAW,3093,3093,0,2838,2838,0,8.985201
07/04/2020 14:56,202002,EASTERN EUROPE-EU,POLAND,NEWCASTLE,KRAKOW,2850,2850,0,2743,2743,0,3.900838
07/04/2020 14:56,202002,EASTERN EUROPE-EU,POLAND,NEWCASTLE,POZNAN,201,0,201,0,0,0,0
07/04/2020 14:56,202002,EASTERN EUROPE-EU,POLAND,NEWCASTLE,WARSAW (MODLIN MASOVIA),0,0,0,2640,2640,0,-100
07/04/2020 14:56,202002,EASTERN EUROPE-EU,POLAND,NEWCASTLE,WROCLAW,2735,2735,0,2635,2635,0,3.795066
07/04/2020 14:56,202002,EASTERN EUROPE-EU,POLAND,PRESTWICK,RZESZOW,0,0,0,2809,2809,0,-100
07/04/2020 14:56,202002,EASTERN EUROPE-EU,ROMANIA,GATWICK,BUCHAREST (OTOPENI),10377,10377,0,11755,11755,0,-11.722671
07/04/2020 14:56,202002,EASTERN EUROPE-EU,ROMANIA,GATWICK,CLUJ NAPOCA,6727,6727,0,0,0,0,0
07/04/2020 14:56,202002,EASTERN EUROPE-EU,ROMANIA,HEATHROW,BUCHAREST (OTOPENI),19614,19614,0,16619,16619,0,18.021542
07/04/2020 14:56,202002,EASTERN EUROPE-EU,ROMANIA,LUTON,BACAU,7194,7194,0,6584,6584,0,9.264885
07/04/2020 14:56,202002,EASTERN EUROPE-EU,ROMANIA,LUTON,BUCHAREST (OTOPENI),42273,42273,0,46113,46113,0,-8.32737
07/04/2020 14:56,202002,EASTERN EUROPE-EU,ROMANIA,LUTON,CLUJ NAPOCA,14781,14781,0,21595,21595,0,-31.5536
07/04/2020 14:56,202002,EASTERN EUROPE-EU,ROMANIA,LUTON,CONSTANTA,3925,3925,0,3960,3960,0,-0.883838
07/04/2020 14:56,202002,EASTERN EUROPE-EU,ROMANIA,LUTON,CRAIOVA,10007,10007,0,8336,8336,0,20.045585
07/04/2020 14:56,202002,EASTERN EUROPE-EU,ROMANIA,LUTON,IASI,14044,14044,0,14504,14504,0,-3.171539
07/04/2020 14:56,202002,EASTERN EUROPE-EU,ROMANIA,LUTON,SATU MARE,2852,2852,0,2864,2864,0,-0.418994
07/04/2020 14:56,202002,EASTERN EUROPE-EU,ROMANIA,LUTON,SIBIU,0,0,0,8005,8005,0,-100
07/04/2020 14:56,202002,EASTERN EUROPE-EU,ROMANIA,LUTON,SUCEAVA,10673,10673,0,10705,10705,0,-0.298926
07/04/2020 14:56,202002,EASTERN EUROPE-EU,ROMANIA,LUTON,TIMISOARA,8490,8490,0,9725,9725,0,-12.699229
07/04/2020 14:56,202002,EASTERN EUROPE-EU,ROMANIA,LUTON,TIRGU MURES,4316,4316,0,5220,5220,0,-17.318008
07/04/2020 14:56,202002,EASTERN EUROPE-EU,ROMANIA,SOUTHEND,BUCHAREST (OTOPENI),12831,12831,0,0,0,0,0
07/04/2020 14:56,202002,EASTERN EUROPE-EU,ROMANIA,SOUTHEND,SIBIU,7171,7171,0,0,0,0,0
07/04/2020 14:56,202002,EASTERN EUROPE-EU,ROMANIA,STANSTED,BUCHAREST (OTOPENI),24542,24542,0,19980,19980,0,22.832833
07/04/2020 14:56,202002,EASTERN EUROPE-EU,ROMANIA,BIGGIN HILL,BUCHAREST (BANEASA),0,0,0,12,0,12,-100
07/04/2020 14:56,202002,EASTERN EUROPE-EU,ROMANIA,BIRMINGHAM,BUCHAREST (OTOPENI),9715,9715,0,9151,9151,0,6.163261
07/04/2020 14:56,202002,EASTERN EUROPE-EU,ROMANIA,BIRMINGHAM,CLUJ NAPOCA,2652,2652,0,2628,2628,0,0.913242
07/04/2020 14:56,202002,EASTERN EUROPE-EU,ROMANIA,BRISTOL,BUCHAREST (OTOPENI),2873,2873,0,2860,2860,0,0.454545
07/04/2020 14:56,202002,EASTERN EUROPE-EU,ROMANIA,DONCASTER SHEFFIELD,BUCHAREST (OTOPENI),5368,5368,0,4369,4369,0,22.865644
07/04/2020 14:56,202002,EASTERN EUROPE-EU,ROMANIA,DONCASTER SHEFFIELD,CLUJ NAPOCA,3144,3144,0,2802,2802,0,12.205567
07/04/2020 14:56,202002,EASTERN EUROPE-EU,ROMANIA,EDINBURGH,BUCHAREST (OTOPENI),7282,7282,0,0,0,0,0
07/04/2020 14:56,202002,EASTERN EUROPE-EU,ROMANIA,GLASGOW,BUCHAREST (OTOPENI),1681,1681,0,2733,2733,0,-38.492499
07/04/2020 14:56,202002,EASTERN EUROPE-EU,ROMANIA,LIVERPOOL (JOHN LENNON),BACAU,2892,2892,0,1889,1889,0,53.096877
07/04/2020 14:56,202002,EASTERN EUROPE-EU,ROMANIA,LIVERPOOL (JOHN LENNON),BUCHAREST (OTOPENI),8819,8819,0,8355,8355,0,5.553561
07/04/2020 14:56,202002,EASTERN EUROPE-EU,ROMANIA,LIVERPOOL (JOHN LENNON),CLUJ NAPOCA,2899,2899,0,2494,2494,0,16.238974
07/04/2020 14:56,202002,EASTERN EUROPE-EU,ROMANIA,LIVERPOOL (JOHN LENNON),IASI,2735,2735,0,2767,2767,0,-1.156487
07/04/2020 14:56,202002,EASTERN EUROPE-EU,SLOVAK REPUBLIC,LUTON,BRATISLAVA,5640,5640,0,5866,5866,0,-3.852711
07/04/2020 14:56,202002,EASTERN EUROPE-EU,SLOVAK REPUBLIC,LUTON,KOSICE,9073,9073,0,12201,12201,0,-25.637243
07/04/2020 14:56,202002,EASTERN EUROPE-EU,SLOVAK REPUBLIC,LUTON,TATRY-POPRAD,3408,3408,0,4999,4999,0,-31.826365
07/04/2020 14:56,202002,EASTERN EUROPE-EU,SLOVAK REPUBLIC,STANSTED,BRATISLAVA,16447,16447,0,16017,16017,0,2.684648
07/04/2020 14:56,202002,EASTERN EUROPE-EU,SLOVAK REPUBLIC,BIGGIN HILL,BRATISLAVA,0,0,0,2,0,2,-100
07/04/2020 14:56,202002,EASTERN EUROPE-EU,SLOVAK REPUBLIC,BIRMINGHAM,BRATISLAVA,4878,4432,446,4215,4215,0,15.729537
07/04/2020 14:56,202002,EASTERN EUROPE-EU,SLOVAK REPUBLIC,DONCASTER SHEFFIELD,BRATISLAVA,160,160,0,0,0,0,0
07/04/2020 14:56,202002,EASTERN EUROPE-EU,SLOVAK REPUBLIC,EDINBURGH,BRATISLAVA,2709,2709,0,2789,2789,0,-2.868412
07/04/2020 14:56,202002,EASTERN EUROPE-EU,SLOVAK REPUBLIC,LEEDS BRADFORD,BRATISLAVA,2584,2584,0,2702,2702,0,-4.367135
07/04/2020 14:56,202002,EASTERN EUROPE-EU,SLOVAK REPUBLIC,MANCHESTER,BRATISLAVA,4126,4126,0,4230,4230,0,-2.458629
07/04/2020 14:56,202002,EASTERN EUROPE -OTHER,ALBANIA,GATWICK,TIRANA,10202,10202,0,9132,9041,91,11.717039
07/04/2020 14:56,202002,EASTERN EUROPE -OTHER,ALBANIA,LUTON,TIRANA,8428,8428,0,5360,5360,0,57.238806
07/04/2020 14:56,202002,EASTERN EUROPE -OTHER,AZERBAIJAN,HEATHROW,BAKU (HEYDER ALIYEV INT'L),2342,2342,0,2091,2091,0,12.003826
07/04/2020 14:56,202002,EASTERN EUROPE -OTHER,BELARUS,GATWICK,MINSK INT'L ,2513,2513,0,1888,1888,0,33.103814
07/04/2020 14:56,202002,EASTERN EUROPE -OTHER,GEORGIA,GATWICK,TBILISI,0,0,0,688,688,0,-100
07/04/2020 14:56,202002,EASTERN EUROPE -OTHER,GEORGIA,LUTON,KUTAISI,2174,2174,0,1098,1098,0,97.996357
07/04/2020 14:56,202002,EASTERN EUROPE -OTHER,KAZAKHSTAN,HEATHROW,ASTANA,1702,1702,0,1877,1877,0,-9.323388
07/04/2020 14:56,202002,EASTERN EUROPE -OTHER,REPUBLIC OF MOLDOVA,LUTON,CHISINAU (KISHINEV),10463,10463,0,10980,10980,0,-4.708561
07/04/2020 14:56,202002,EASTERN EUROPE -OTHER,REPUBLIC OF MOLDOVA,STANSTED,CHISINAU (KISHINEV),5708,5708,0,4776,4776,0,19.514238
07/04/2020 14:56,202002,EASTERN EUROPE -OTHER,RUSSIA,GATWICK,ST PETERSBURG,4957,4957,0,3136,3136,0,58.067602
07/04/2020 14:56,202002,EASTERN EUROPE -OTHER,RUSSIA,HEATHROW,MOSCOW (DOMODEDOVO),8032,8032,0,10102,10102,0,-20.490992
07/04/2020 14:56,202002,EASTERN EUROPE -OTHER,RUSSIA,HEATHROW,MOSCOW (SHEREMETYEVO),31428,31428,0,32028,32028,0,-1.873361
07/04/2020 14:56,202002,EASTERN EUROPE -OTHER,RUSSIA,HEATHROW,ST PETERSBURG,0,0,0,4809,4809,0,-100
07/04/2020 14:56,202002,EASTERN EUROPE -OTHER,RUSSIA,LUTON,MOSCOW (VNUKOVO),11174,11174,0,0,0,0,0
07/04/2020 14:56,202002,EASTERN EUROPE -OTHER,RUSSIA,LUTON,ST PETERSBURG,10347,10347,0,0,0,0,0
07/04/2020 14:56,202002,EASTERN EUROPE -OTHER,RUSSIA,STANSTED,MOSCOW (DOMODEDOVO),2422,2422,0,0,0,0,0
07/04/2020 14:56,202002,EASTERN EUROPE -OTHER,RUSSIA,STANSTED,ST PETERSBURG,0,0,0,4582,4582,0,-100
07/04/2020 14:56,202002,EASTERN EUROPE -OTHER,TURKMENISTAN,HEATHROW,ASHKHABAD,0,0,0,246,246,0,-100
07/04/2020 14:56,202002,EASTERN EUROPE -OTHER,TURKMENISTAN,BIRMINGHAM,ASHKHABAD,495,495,0,5971,5971,0,-91.709931
07/04/2020 14:56,202002,EASTERN EUROPE -OTHER,UKRAINE,GATWICK,KIEV (BORISPOL),10857,10857,0,12327,12327,0,-11.925043
07/04/2020 14:56,202002,EASTERN EUROPE -OTHER,UKRAINE,HEATHROW,KIEV (BORISPOL),0,0,0,3836,3836,0,-100
07/04/2020 14:56,202002,EASTERN EUROPE -OTHER,UKRAINE,LUTON,KHARKOV OSNOVA INTL,0,0,0,667,667,0,-100
07/04/2020 14:56,202002,EASTERN EUROPE -OTHER,UKRAINE,LUTON,KIEV (ZHULYANY),3998,3998,0,3342,3342,0,19.628965
07/04/2020 14:56,202002,EASTERN EUROPE -OTHER,UKRAINE,LUTON,LVOV,3007,3007,0,3280,3280,0,-8.323171
07/04/2020 14:56,202002,EASTERN EUROPE -OTHER,UKRAINE,STANSTED,KIEV (BORISPOL),6713,6713,0,5667,5667,0,18.457738
07/04/2020 14:56,202002,EASTERN EUROPE -OTHER,UKRAINE,STANSTED,LVOV,3871,3871,0,3617,3617,0,7.022394
07/04/2020 14:56,202002,EASTERN EUROPE -OTHER,UKRAINE,MANCHESTER,KIEV (BORISPOL),2598,2598,0,0,0,0,0
07/04/2020 14:56,202002,EASTERN EUROPE -OTHER,UZBEKISTAN,HEATHROW,TASHKENT,1965,1965,0,1494,1494,0,31.526104
07/04/2020 14:56,202002,NEAR EAST,ISRAEL,GATWICK,TEL AVIV,3983,3983,0,4083,4083,0,-2.44918
07/04/2020 14:56,202002,NEAR EAST,ISRAEL,HEATHROW,TEL AVIV,52516,52516,0,40797,40797,0,28.725151
07/04/2020 14:56,202002,NEAR EAST,ISRAEL,LUTON,OVDA,0,0,0,1923,1923,0,-100
07/04/2020 14:56,202002,NEAR EAST,ISRAEL,LUTON,TEL AVIV,28661,28661,0,29950,29950,0,-4.30384
07/04/2020 14:56,202002,NEAR EAST,ISRAEL,STANSTED,TEL AVIV,2603,2603,0,3651,3651,0,-28.704465
07/04/2020 14:56,202002,NEAR EAST,ISRAEL,MANCHESTER,TEL AVIV,5306,5306,0,2865,2865,0,85.200698
07/04/2020 14:56,202002,NEAR EAST,JORDAN,GATWICK,AQABA,2904,2904,0,1314,1314,0,121.004566
07/04/2020 14:56,202002,NEAR EAST,JORDAN,HEATHROW,AMMAN,15498,15498,0,15199,15199,0,1.967235
07/04/2020 14:56,202002,NEAR EAST,LEBANON,HEATHROW,BEIRUT,18039,18039,0,19022,19022,0,-5.167701
07/04/2020 14:56,202002,NORTH AFRICA,ALGERIA,GATWICK,ALGIERS,5717,5717,0,4134,4134,0,38.292211
07/04/2020 14:56,202002,NORTH AFRICA,ALGERIA,HEATHROW,ALGIERS,4774,4774,0,4572,4572,0,4.418198
07/04/2020 14:56,202002,NORTH AFRICA,EGYPT,GATWICK,HURGHADA,14237,14237,0,16936,16936,0,-15.936467
07/04/2020 14:56,202002,NORTH AFRICA,EGYPT,GATWICK,MARSA ALAM,1447,1447,0,3318,3318,0,-56.389391
07/04/2020 14:56,202002,NORTH AFRICA,EGYPT,GATWICK,SHARM EL SHEIKH (OPHIRA),2037,2037,0,0,0,0,0
07/04/2020 14:56,202002,NORTH AFRICA,EGYPT,HEATHROW,CAIRO,29674,29674,0,29201,29201,0,1.619808
07/04/2020 14:56,202002,NORTH AFRICA,EGYPT,HEATHROW,LUXOR,921,921,0,978,978,0,-5.828221
07/04/2020 14:56,202002,NORTH AFRICA,EGYPT,STANSTED,HURGHADA,2763,2763,0,2802,2802,0,-1.391863
07/04/2020 14:56,202002,NORTH AFRICA,EGYPT,BIRMINGHAM,HURGHADA,4699,4699,0,8605,8605,0,-45.392214
07/04/2020 14:56,202002,NORTH AFRICA,EGYPT,BIRMINGHAM,MARSA ALAM,0,0,0,1583,1583,0,-100
07/04/2020 14:56,202002,NORTH AFRICA,EGYPT,BIRMINGHAM,SHARM EL SHEIKH (OPHIRA),1585,472,1113,0,0,0,0
07/04/2020 14:56,202002,NORTH AFRICA,EGYPT,BRISTOL,HURGHADA,5567,4118,1449,4757,0,4757,17.027538
07/04/2020 14:56,202002,NORTH AFRICA,EGYPT,EAST MIDLANDS INTERNATIONAL,HURGHADA,0,0,0,2265,2265,0,-100
07/04/2020 14:56,202002,NORTH AFRICA,EGYPT,GLASGOW,HURGHADA,0,0,0,1003,1003,0,-100
07/04/2020 14:56,202002,NORTH AFRICA,EGYPT,MANCHESTER,HURGHADA,9340,9340,0,15378,15018,360,-39.263883
07/04/2020 14:56,202002,NORTH AFRICA,EGYPT,MANCHESTER,MARSA ALAM,1320,1320,0,0,0,0,0
07/04/2020 14:56,202002,NORTH AFRICA,EGYPT,MANCHESTER,SHARM EL SHEIKH (OPHIRA),1030,1030,0,0,0,0,0
07/04/2020 14:56,202002,NORTH AFRICA,EGYPT,NEWCASTLE,HURGHADA,0,0,0,1514,1514,0,-100
07/04/2020 14:56,202002,NORTH AFRICA,MOROCCO,GATWICK,AGADIR (AL MASSIRA),10051,10051,0,8207,8207,0,22.468624
07/04/2020 14:56,202002,NORTH AFRICA,MOROCCO,GATWICK,CASABLANCA MOHAMED V,5219,5219,0,3292,3292,0,58.535844
07/04/2020 14:56,202002,NORTH AFRICA,MOROCCO,GATWICK,FEZ,1278,1278,0,923,923,0,38.461538
07/04/2020 14:56,202002,NORTH AFRICA,MOROCCO,GATWICK,MARRAKESH,35608,35608,0,31441,31441,0,13.253395
07/04/2020 14:56,202002,NORTH AFRICA,MOROCCO,GATWICK,TANGIERS (IBN BATUTA),1890,1890,0,1697,1697,0,11.373011
07/04/2020 14:56,202002,NORTH AFRICA,MOROCCO,HEATHROW,CASABLANCA MOHAMED V,6613,6613,0,6634,6634,0,-0.316551
07/04/2020 14:56,202002,NORTH AFRICA,MOROCCO,HEATHROW,MARRAKESH,4688,4688,0,3942,3942,0,18.924404
07/04/2020 14:56,202002,NORTH AFRICA,MOROCCO,HEATHROW,RABAT,1218,1218,0,948,948,0,28.481013
07/04/2020 14:56,202002,NORTH AFRICA,MOROCCO,LUTON,MARRAKESH,2752,2752,0,2756,2756,0,-0.145138
07/04/2020 14:56,202002,NORTH AFRICA,MOROCCO,STANSTED,AGADIR (AL MASSIRA),3119,3119,0,2776,2776,0,12.355908
07/04/2020 14:56,202002,NORTH AFRICA,MOROCCO,STANSTED,ESSAOUIRA,2922,2922,0,0,0,0,0
07/04/2020 14:56,202002,NORTH AFRICA,MOROCCO,STANSTED,FEZ,3013,3013,0,2675,2675,0,12.635514
07/04/2020 14:56,202002,NORTH AFRICA,MOROCCO,STANSTED,MARRAKESH,12215,11682,533,10096,9604,492,20.98851
07/04/2020 14:56,202002,NORTH AFRICA,MOROCCO,STANSTED,RABAT,4417,4417,0,4066,4066,0,8.632563
07/04/2020 14:56,202002,NORTH AFRICA,MOROCCO,BELFAST INTERNATIONAL,MARRAKESH,2887,2887,0,0,0,0,0
07/04/2020 14:56,202002,NORTH AFRICA,MOROCCO,BIRMINGHAM,AGADIR (AL MASSIRA),600,600,0,833,833,0,-27.971188
07/04/2020 14:56,202002,NORTH AFRICA,MOROCCO,BIRMINGHAM,MARRAKESH,0,0,0,291,181,110,-100
07/04/2020 14:56,202002,NORTH AFRICA,MOROCCO,BRISTOL,MARRAKESH,0,0,0,218,0,218,-100
07/04/2020 14:56,202002,NORTH AFRICA,MOROCCO,EAST MIDLANDS INTERNATIONAL,AGADIR (AL MASSIRA),187,187,0,0,0,0,0
07/04/2020 14:56,202002,NORTH AFRICA,MOROCCO,LIVERPOOL (JOHN LENNON),MARRAKESH,2774,2774,0,2671,2671,0,3.856234
07/04/2020 14:56,202002,NORTH AFRICA,MOROCCO,MANCHESTER,AGADIR (AL MASSIRA),8742,8742,0,9256,9256,0,-5.553155
07/04/2020 14:56,202002,NORTH AFRICA,MOROCCO,MANCHESTER,CASABLANCA MOHAMED V,1311,1311,0,587,587,0,123.339012
07/04/2020 14:56,202002,NORTH AFRICA,MOROCCO,MANCHESTER,MARRAKESH,11612,11095,517,10064,9660,404,15.381558
07/04/2020 14:56,202002,NORTH AFRICA,TUNISIA,GATWICK,ENFIDHA - HAMMAMET INTL,1434,0,1434,4602,3214,1388,-68.839635
07/04/2020 14:56,202002,NORTH AFRICA,TUNISIA,GATWICK,TUNIS,1869,1869,0,1657,1657,0,12.794206
07/04/2020 14:56,202002,NORTH AFRICA,TUNISIA,HEATHROW,TUNIS,3337,3337,0,3107,3107,0,7.402639
07/04/2020 14:56,202002,NORTH AFRICA,TUNISIA,BIRMINGHAM,ENFIDHA - HAMMAMET INTL,0,0,0,2033,666,1367,-100
07/04/2020 14:56,202002,NORTH AFRICA,TUNISIA,BRISTOL,ENFIDHA - HAMMAMET INTL,0,0,0,600,0,600,-100
07/04/2020 14:56,202002,NORTH AFRICA,TUNISIA,GLASGOW,ENFIDHA - HAMMAMET INTL,0,0,0,623,623,0,-100
07/04/2020 14:56,202002,NORTH AFRICA,TUNISIA,MANCHESTER,ENFIDHA - HAMMAMET INTL,1437,0,1437,4320,2936,1384,-66.736111
07/04/2020 14:56,202002,EAST AFRICA,ETHIOPIA,HEATHROW,ADDIS ABABA,18030,18030,0,18215,18215,0,-1.015646
07/04/2020 14:56,202002,EAST AFRICA,ETHIOPIA,MANCHESTER,ADDIS ABABA,3048,3048,0,2303,2303,0,32.34911
07/04/2020 14:56,202002,EAST AFRICA,KENYA,HEATHROW,NAIROBI,23645,23645,0,22842,22842,0,3.515454
07/04/2020 14:56,202002,EAST AFRICA,RWANDA,GATWICK,KIGALI,2537,2537,0,955,955,0,165.65445
07/04/2020 14:56,202002,WEST AFRICA,GAMBIA,GATWICK,BANJUL,3323,0,3323,8339,6463,1876,-60.151097
07/04/2020 14:56,202002,WEST AFRICA,GAMBIA,BIRMINGHAM,BANJUL,1265,645,620,3260,3260,0,-61.196319
07/04/2020 14:56,202002,WEST AFRICA,GAMBIA,MANCHESTER,BANJUL,1277,1277,0,6023,6023,0,-78.797941
07/04/2020 14:56,202002,WEST AFRICA,GHANA,HEATHROW,ACCRA,16697,16697,0,16217,16217,0,2.959857
07/04/2020 14:56,202002,WEST AFRICA,NIGERIA,HEATHROW,ABUJA,10653,10653,0,7432,7432,0,43.339612
07/04/2020 14:56,202002,WEST AFRICA,NIGERIA,HEATHROW,LAGOS,29916,29916,0,25065,25065,0,19.35368
07/04/2020 14:56,202002,SOUTHERN AFRICA,REPUBLIC OF SOUTH AFRICA,GATWICK,CAPE TOWN,8493,8493,0,12424,12424,0,-31.640373
07/04/2020 14:56,202002,SOUTHERN AFRICA,REPUBLIC OF SOUTH AFRICA,HEATHROW,CAPE TOWN,38389,38389,0,37113,37113,0,3.438148
07/04/2020 14:56,202002,SOUTHERN AFRICA,REPUBLIC OF SOUTH AFRICA,HEATHROW,DURBAN,4797,4797,0,4726,4726,0,1.502328
07/04/2020 14:56,202002,SOUTHERN AFRICA,REPUBLIC OF SOUTH AFRICA,HEATHROW,JOHANNESBURG,76441,76441,0,84548,84548,0,-9.588636
07/04/2020 14:56,202002,MIDDLE EAST,BAHRAIN,HEATHROW,BAHRAIN,33126,33126,0,29594,29594,0,11.934852
07/04/2020 14:56,202002,MIDDLE EAST,IRAN,HEATHROW,TEHRAN IMAM KHOMEINI,2766,2766,0,3543,3543,0,-21.930567
07/04/2020 14:56,202002,MIDDLE EAST,IRAQ,GATWICK,BAGHDAD (GECA),0,0,0,653,637,16,-100
07/04/2020 14:56,202002,MIDDLE EAST,IRAQ,GATWICK,SULAYMANIYAH INT,0,0,0,483,483,0,-100
07/04/2020 14:56,202002,MIDDLE EAST,IRAQ,MANCHESTER,BAGHDAD (GECA),0,0,0,687,687,0,-100
07/04/2020 14:56,202002,MIDDLE EAST,KUWAIT,GATWICK,KUWAIT,4166,4166,0,0,0,0,0
07/04/2020 14:56,202002,MIDDLE EAST,KUWAIT,HEATHROW,KUWAIT,27993,27993,0,27195,27195,0,2.934363
07/04/2020 14:56,202002,MIDDLE EAST,OMAN,HEATHROW,MUSCAT,31929,31929,0,30923,30923,0,3.253242
07/04/2020 14:56,202002,MIDDLE EAST,OMAN,MANCHESTER,MUSCAT,10717,10717,0,10009,10009,0,7.073634
07/04/2020 14:56,202002,MIDDLE EAST,QATAR,GATWICK,DOHA HAMAD,27390,27390,0,22301,22301,0,22.819605
07/04/2020 14:56,202002,MIDDLE EAST,QATAR,HEATHROW,DOHA HAMAD,96355,96355,0,84699,84699,0,13.761674
07/04/2020 14:56,202002,MIDDLE EAST,QATAR,BIRMINGHAM,DOHA HAMAD,10481,10481,0,10318,10318,0,1.579764
07/04/2020 14:56,202002,MIDDLE EAST,QATAR,CARDIFF WALES,DOHA HAMAD,7408,7408,0,5435,5435,0,36.301748
07/04/2020 14:56,202002,MIDDLE EAST,QATAR,EDINBURGH,DOHA HAMAD,9932,9932,0,10489,10489,0,-5.310325
07/04/2020 14:56,202002,MIDDLE EAST,QATAR,MANCHESTER,DOHA HAMAD,40127,40127,0,31273,31273,0,28.311962
07/04/2020 14:56,202002,MIDDLE EAST,SAUDI ARABIA,HEATHROW,DAMMAM,1660,1660,0,0,0,0,0
07/04/2020 14:56,202002,MIDDLE EAST,SAUDI ARABIA,HEATHROW,JEDDAH,20932,20932,0,16230,16230,0,28.971041
07/04/2020 14:56,202002,MIDDLE EAST,SAUDI ARABIA,HEATHROW,RIYADH,20463,20463,0,16288,16288,0,25.632367
07/04/2020 14:56,202002,MIDDLE EAST,SAUDI ARABIA,MANCHESTER,JEDDAH,9126,9126,0,8450,8450,0,8
07/04/2020 14:56,202002,MIDDLE EAST,UNITED ARAB EMIRATES,GATWICK,DUBAI,73182,73182,0,72052,72052,0,1.568312
07/04/2020 14:56,202002,MIDDLE EAST,UNITED ARAB EMIRATES,HEATHROW,ABU DHABI INTERNATIONAL,84329,84329,0,71355,71355,0,18.182328
07/04/2020 14:56,202002,MIDDLE EAST,UNITED ARAB EMIRATES,HEATHROW,DUBAI,183435,183435,0,186728,186728,0,-1.763528
07/04/2020 14:56,202002,MIDDLE EAST,UNITED ARAB EMIRATES,STANSTED,DUBAI,34774,34774,0,15624,15624,0,122.567844
07/04/2020 14:56,202002,MIDDLE EAST,UNITED ARAB EMIRATES,BIRMINGHAM,DUBAI,58653,58653,0,56756,56756,0,3.342378
07/04/2020 14:56,202002,MIDDLE EAST,UNITED ARAB EMIRATES,EDINBURGH,DUBAI,14354,14354,0,10538,10538,0,36.211805
07/04/2020 14:56,202002,MIDDLE EAST,UNITED ARAB EMIRATES,GLASGOW,DUBAI,32682,32682,0,31391,31391,0,4.112644
07/04/2020 14:56,202002,MIDDLE EAST,UNITED ARAB EMIRATES,MANCHESTER,ABU DHABI INTERNATIONAL,31923,31923,0,29783,29783,0,7.185307
07/04/2020 14:56,202002,MIDDLE EAST,UNITED ARAB EMIRATES,MANCHESTER,DUBAI,82696,82696,0,81401,79168,2233,1.59089
07/04/2020 14:56,202002,MIDDLE EAST,UNITED ARAB EMIRATES,NEWCASTLE,DUBAI,19194,19194,0,18442,18442,0,4.077649
07/04/2020 14:56,202002,INDIAN SUB-CONTINENT,BANGLADESH,HEATHROW,DHAKHA,5829,5829,0,7298,7298,0,-20.128802
07/04/2020 14:56,202002,INDIAN SUB-CONTINENT,BANGLADESH,HEATHROW,SYLHET,4337,4337,0,6030,6030,0,-28.076285
07/04/2020 14:56,202002,INDIAN SUB-CONTINENT,BANGLADESH,MANCHESTER,DHAKHA,4996,4996,0,0,0,0,0
07/04/2020 14:56,202002,INDIAN SUB-CONTINENT,INDIA,GATWICK,GOA,5023,0,5023,9529,7187,2342,-47.287228
07/04/2020 14:56,202002,INDIAN SUB-CONTINENT,INDIA,HEATHROW,AHMEDABAD,8012,8012,0,7345,7345,0,9.081007
07/04/2020 14:56,202002,INDIAN SUB-CONTINENT,INDIA,HEATHROW,BANGALORE (BENGALURU),20671,20671,0,17928,17928,0,15.300089
07/04/2020 14:56,202002,INDIAN SUB-CONTINENT,INDIA,HEATHROW,CHENNAI,11047,11047,0,10376,10376,0,6.466847
07/04/2020 14:56,202002,INDIAN SUB-CONTINENT,INDIA,HEATHROW,DELHI,70413,70413,0,82048,82048,0,-14.180723
07/04/2020 14:56,202002,INDIAN SUB-CONTINENT,INDIA,HEATHROW,HYDERABAD ( RAJIV GHANDI ),11404,11404,0,11043,11043,0,3.269039
07/04/2020 14:56,202002,INDIAN SUB-CONTINENT,INDIA,HEATHROW,MUMBAI,58828,58828,0,91615,91615,0,-35.787808
07/04/2020 14:56,202002,INDIAN SUB-CONTINENT,INDIA,STANSTED,AMRITSAR,5397,5397,0,0,0,0,0
07/04/2020 14:56,202002,INDIAN SUB-CONTINENT,INDIA,STANSTED,MUMBAI,2057,2057,0,0,0,0,0
07/04/2020 14:56,202002,INDIAN SUB-CONTINENT,INDIA,BIRMINGHAM,AMRITSAR,6189,6189,0,5129,5129,0,20.666797
07/04/2020 14:56,202002,INDIAN SUB-CONTINENT,INDIA,BIRMINGHAM,DELHI,5909,5909,0,5334,5334,0,10.779903
07/04/2020 14:56,202002,INDIAN SUB-CONTINENT,INDIA,BIRMINGHAM,GOA,0,0,0,2195,0,2195,-100
07/04/2020 14:56,202002,INDIAN SUB-CONTINENT,INDIA,MANCHESTER,GOA,4995,0,4995,12258,9945,2313,-59.251101
07/04/2020 14:56,202002,INDIAN SUB-CONTINENT,INDIA,MANCHESTER,MUMBAI,0,0,0,8643,8643,0,-100
07/04/2020 14:56,202002,INDIAN SUB-CONTINENT,PAKISTAN,GATWICK,BENAZIR BHUTTO INTERNATIONAL AIRPORT,100,0,100,0,0,0,0
07/04/2020 14:56,202002,INDIAN SUB-CONTINENT,PAKISTAN,HEATHROW,ISLAMABAD INTERNATIONAL AIRPORT,16890,16890,0,11633,11633,0,45.190407
07/04/2020 14:56,202002,INDIAN SUB-CONTINENT,PAKISTAN,HEATHROW,KARACHI,2361,2361,0,3566,3566,0,-33.791363
07/04/2020 14:56,202002,INDIAN SUB-CONTINENT,PAKISTAN,HEATHROW,LAHORE,7506,7506,0,6863,6863,0,9.369081
07/04/2020 14:56,202002,INDIAN SUB-CONTINENT,PAKISTAN,HEATHROW,SIALKOT,1874,1874,0,0,0,0,0
07/04/2020 14:56,202002,INDIAN SUB-CONTINENT,PAKISTAN,BIRMINGHAM,ISLAMABAD INTERNATIONAL AIRPORT,9601,9601,0,5893,5893,0,62.922111
07/04/2020 14:56,202002,INDIAN SUB-CONTINENT,PAKISTAN,DONCASTER SHEFFIELD,ISLAMABAD INTERNATIONAL AIRPORT,0,0,0,75,0,75,-100
07/04/2020 14:56,202002,INDIAN SUB-CONTINENT,PAKISTAN,MANCHESTER,BENAZIR BHUTTO INTERNATIONAL AIRPORT,0,0,0,295,295,0,-100
07/04/2020 14:56,202002,INDIAN SUB-CONTINENT,PAKISTAN,MANCHESTER,ISLAMABAD INTERNATIONAL AIRPORT,17336,17336,0,13914,13914,0,24.593934
07/04/2020 14:56,202002,INDIAN SUB-CONTINENT,PAKISTAN,MANCHESTER,LAHORE,4504,4504,0,4026,4026,0,11.872827
07/04/2020 14:56,202002,INDIAN SUB-CONTINENT,SRI LANKA,GATWICK,COLOMBO,0,0,0,2283,0,2283,-100
07/04/2020 14:56,202002,INDIAN SUB-CONTINENT,SRI LANKA,HEATHROW,COLOMBO,21727,21727,0,20718,20718,0,4.870161
07/04/2020 14:56,202002,FAR EAST,BRUNEI,HEATHROW,BANDAR SERI BEGAWAN,8582,8582,0,8404,8404,0,2.118039
07/04/2020 14:56,202002,FAR EAST,CHINA,GATWICK,CHENGDU,0,0,0,3566,3566,0,-100
07/04/2020 14:56,202002,FAR EAST,CHINA,GATWICK,SHANGHAI (PU DONG),2931,2931,0,4572,4572,0,-35.892388
07/04/2020 14:56,202002,FAR EAST,CHINA,HEATHROW,BEIJING,10806,10806,0,36368,36368,0,-70.287066
07/04/2020 14:56,202002,FAR EAST,CHINA,HEATHROW,CHANGSHA HUANGHUA INTERNATIONAL AIRPORT,475,475,0,2715,2715,0,-82.504604
07/04/2020 14:56,202002,FAR EAST,CHINA,HEATHROW,CHENGDU,670,670,0,0,0,0,0
07/04/2020 14:56,202002,FAR EAST,CHINA,HEATHROW,CHONGQING JIANGBEI INTERNATIONAL,408,408,0,3149,3149,0,-87.043506
07/04/2020 14:56,202002,FAR EAST,CHINA,HEATHROW,GUANGZHOU BAIYUN INTERNATIONAL,2596,2596,0,9715,9715,0,-73.278435
07/04/2020 14:56,202002,FAR EAST,CHINA,HEATHROW,QINGDAO,711,711,0,2296,2296,0,-69.033101
07/04/2020 14:56,202002,FAR EAST,CHINA,HEATHROW,SANYA PHOENIX INTERNATIONAL,0,0,0,549,549,0,-100
07/04/2020 14:56,202002,FAR EAST,CHINA,HEATHROW,SHANGHAI (PU DONG),6549,6549,0,36000,36000,0,-81.808333
07/04/2020 14:56,202002,FAR EAST,CHINA,HEATHROW,SHENZHEN (HUANGTIAN),1122,1122,0,4724,4724,0,-76.248942
07/04/2020 14:56,202002,FAR EAST,CHINA,HEATHROW,TIANJIN,223,223,0,1253,1253,0,-82.202713
07/04/2020 14:56,202002,FAR EAST,CHINA,HEATHROW,WUHAN TIANHE INTERNATIONAL,0,0,0,4466,4466,0,-100
07/04/2020 14:56,202002,FAR EAST,CHINA,HEATHROW,XIAN XIANYANG,1053,1053,0,3576,3576,0,-70.553691
07/04/2020 14:56,202002,FAR EAST,CHINA,HEATHROW,ZHENGZHOU XINZHENG,483,483,0,0,0,0,0
07/04/2020 14:56,202002,FAR EAST,CHINA,EDINBURGH,BEIJING,0,0,0,1212,1212,0,-100
07/04/2020 14:56,202002,FAR EAST,CHINA,MANCHESTER,BEIJING,710,710,0,5189,5189,0,-86.317209
07/04/2020 14:56,202002,FAR EAST,HONG KONG,GATWICK,HONG KONG (CHEK LAP KOK),3065,3065,0,12444,12444,0,-75.369656
07/04/2020 14:56,202002,FAR EAST,HONG KONG,HEATHROW,HONG KONG (CHEK LAP KOK),66766,66766,0,110851,110851,0,-39.769601
07/04/2020 14:56,202002,FAR EAST,HONG KONG,MANCHESTER,HONG KONG (CHEK LAP KOK),8554,8554,0,15336,15336,0,-44.222744
07/04/2020 14:56,202002,FAR EAST,INDONESIA,HEATHROW,BALI INTERNATIONAL,112,112,0,1067,1067,0,-89.50328
07/04/2020 14:56,202002,FAR EAST,INDONESIA,HEATHROW,JAKARTA (SOEKARNO-HATTA INTNL),0,0,0,807,807,0,-100
07/04/2020 14:56,202002,FAR EAST,INDONESIA,HEATHROW,KUALANAMU INTERNATIONAL AIRPORT,206,206,0,0,0,0,0
07/04/2020 14:56,202002,FAR EAST,JAPAN,HEATHROW,OSAKA (KANSAI),3983,3983,0,0,0,0,0
07/04/2020 14:56,202002,FAR EAST,JAPAN,HEATHROW,TOKYO (HANEDA),42084,42084,0,43691,43691,0,-3.678103
07/04/2020 14:56,202002,FAR EAST,JAPAN,HEATHROW,TOKYO (NARITA),9673,9673,0,10068,10068,0,-3.923321
07/04/2020 14:56,202002,FAR EAST,MALAYSIA,GATWICK,LANGKAWI,949,0,949,875,0,875,8.457143
07/04/2020 14:56,202002,FAR EAST,MALAYSIA,HEATHROW,KUALA LUMPUR (SEPANG),33408,33408,0,36323,36323,0,-8.025218
07/04/2020 14:56,202002,FAR EAST,MALAYSIA,BIRMINGHAM,LANGKAWI,1005,0,1005,1186,0,1186,-15.261383
07/04/2020 14:56,202002,FAR EAST,MALAYSIA,MANCHESTER,LANGKAWI,1092,0,1092,1174,0,1174,-6.984668
07/04/2020 14:56,202002,FAR EAST,PHILIPPINES,HEATHROW,MANILA,8923,8923,0,7436,7436,0,19.99731
07/04/2020 14:56,202002,FAR EAST,REPUBLIC OF KOREA,HEATHROW,SEOUL (INCHEON),32316,32316,0,36085,36085,0,-10.444783
07/04/2020 14:56,202002,FAR EAST,SINGAPORE,HEATHROW,SINGAPORE,100332,100332,0,108941,108941,0,-7.902443
07/04/2020 14:56,202002,FAR EAST,SINGAPORE,MANCHESTER,SINGAPORE,7305,7305,0,7119,7119,0,2.612727
07/04/2020 14:56,202002,FAR EAST,TAIWAN,GATWICK,TAIPEI,7326,7326,0,5106,5106,0,43.478261
07/04/2020 14:56,202002,FAR EAST,TAIWAN,HEATHROW,TAIPEI,1579,1579,0,2125,2125,0,-25.694118
07/04/2020 14:56,202002,FAR EAST,THAILAND,GATWICK,PHUKET,2618,0,2618,2384,0,2384,9.815436
07/04/2020 14:56,202002,FAR EAST,THAILAND,GATWICK,U-TAPAO,933,0,933,1175,0,1175,-20.595745
07/04/2020 14:56,202002,FAR EAST,THAILAND,HEATHROW,BANGKOK SUVARNABHUMI ,69074,69074,0,67839,67839,0,1.820487
07/04/2020 14:56,202002,FAR EAST,THAILAND,BIRMINGHAM,U-TAPAO,1089,0,1089,1169,0,1169,-6.843456
07/04/2020 14:56,202002,FAR EAST,THAILAND,MANCHESTER,PHUKET,2262,0,2262,2274,0,2274,-0.527704
07/04/2020 14:56,202002,FAR EAST,THAILAND,MANCHESTER,U-TAPAO,1162,0,1162,1166,0,1166,-0.343053
07/04/2020 14:56,202002,FAR EAST,VIETNAM,GATWICK,PHU QUOC INTERNATIONAL,2213,0,2213,2244,0,2244,-1.381462
07/04/2020 14:56,202002,FAR EAST,VIETNAM,HEATHROW,HANOI,7047,7047,0,7268,7268,0,-3.040726
07/04/2020 14:56,202002,FAR EAST,VIETNAM,HEATHROW,HO CHI MINH CITY,5697,5697,0,5300,5300,0,7.490566
07/04/2020 14:56,202002,AUSTRALASIA,AUSTRALIA,HEATHROW,MELBOURNE,960,960,0,1346,1346,0,-28.677563
07/04/2020 14:56,202002,AUSTRALASIA,AUSTRALIA,HEATHROW,PERTH (AUSTRALIA),9647,9647,0,10437,10437,0,-7.569225
07/04/2020 14:56,202002,AUSTRALASIA,AUSTRALIA,HEATHROW,SYDNEY,13425,13425,0,13695,13695,0,-1.971522
07/04/2020 14:56,202002,AUSTRALASIA,NEW ZEALAND,HEATHROW,AUCKLAND INTERNATIONAL,2121,2121,0,1316,1316,0,61.170213
07/04/2020 14:56,202002,CANADA,CANADA,GATWICK,CALGARY,9957,9957,0,5956,5956,0,67.175957
07/04/2020 14:56,202002,CANADA,CANADA,GATWICK,TORONTO,26912,26912,0,23050,23050,0,16.754881
07/04/2020 14:56,202002,CANADA,CANADA,HEATHROW,CALGARY,12413,12413,0,14852,14852,0,-16.422031
07/04/2020 14:56,202002,CANADA,CANADA,HEATHROW,HALIFAX INT,0,0,0,3854,3854,0,-100
07/04/2020 14:56,202002,CANADA,CANADA,HEATHROW,MONTREAL (DORVAL),22103,22103,0,20111,20111,0,9.905027
07/04/2020 14:56,202002,CANADA,CANADA,HEATHROW,OTTAWA INTERNATIONAL,7277,7277,0,6333,6333,0,14.906048
07/04/2020 14:56,202002,CANADA,CANADA,HEATHROW,ST JOHNS,0,0,0,1014,1014,0,-100
07/04/2020 14:56,202002,CANADA,CANADA,HEATHROW,TORONTO,70229,70229,0,63526,63526,0,10.551585
07/04/2020 14:56,202002,CANADA,CANADA,HEATHROW,VANCOUVER,36467,36467,0,34575,34575,0,5.472162
07/04/2020 14:56,202002,CANADA,CANADA,GLASGOW,TORONTO,2267,2267,0,1554,1554,0,45.881596
07/04/2020 14:56,202002,CANADA,CANADA,MANCHESTER,TORONTO,3484,3484,0,3404,3404,0,2.350176
07/04/2020 14:56,202002,UNITED STATES OF AMERICA,USA,GATWICK,AUSTIN (BERGSTROM),927,927,0,0,0,0,0
07/04/2020 14:56,202002,UNITED STATES OF AMERICA,USA,GATWICK,BOSTON,11889,11889,0,14451,14451,0,-17.728877
07/04/2020 14:56,202002,UNITED STATES OF AMERICA,USA,GATWICK,CHICAGO (O'HARE),0,0,0,8446,8446,0,-100
07/04/2020 14:56,202002,UNITED STATES OF AMERICA,USA,GATWICK,DENVER INTERNATIONAL,0,0,0,5836,5836,0,-100
07/04/2020 14:56,202002,UNITED STATES OF AMERICA,USA,GATWICK,FORT LAUDERDALE,0,0,0,20001,20001,0,-100
07/04/2020 14:56,202002,UNITED STATES OF AMERICA,USA,GATWICK,LAS VEGAS,6600,6600,0,27605,27605,0,-76.091288
07/04/2020 14:56,202002,UNITED STATES OF AMERICA,USA,GATWICK,LOS ANGELES INTERNATIONAL,12864,12864,0,15954,15954,0,-19.368184
07/04/2020 14:56,202002,UNITED STATES OF AMERICA,USA,GATWICK,MIAMI INTERNATIONAL,12235,12235,0,0,0,0,0
07/04/2020 14:56,202002,UNITED STATES OF AMERICA,USA,GATWICK,NEW YORK (JF KENNEDY),44444,44444,0,43506,43506,0,2.156024
07/04/2020 14:56,202002,UNITED STATES OF AMERICA,USA,GATWICK,OAKLAND,0,0,0,7032,7032,0,-100
07/04/2020 14:56,202002,UNITED STATES OF AMERICA,USA,GATWICK,ORLANDO,49037,49037,0,48362,48362,0,1.395724
07/04/2020 14:56,202002,UNITED STATES OF AMERICA,USA,GATWICK,SAN FRANCISCO,7979,7979,0,0,0,0,0
07/04/2020 14:56,202002,UNITED STATES OF AMERICA,USA,GATWICK,TAMPA,16051,16051,0,13114,13114,0,22.395913
07/04/2020 14:56,202002,UNITED STATES OF AMERICA,USA,HEATHROW,ATLANTA,37880,37880,0,36928,36928,0,2.57799
07/04/2020 14:56,202002,UNITED STATES OF AMERICA,USA,HEATHROW,AUSTIN (BERGSTROM),10394,10394,0,9916,9916,0,4.820492
07/04/2020 14:56,202002,UNITED STATES OF AMERICA,USA,HEATHROW,BALTIMORE,6853,6853,0,7515,7515,0,-8.809049
07/04/2020 14:56,202002,UNITED STATES OF AMERICA,USA,HEATHROW,BOSTON,56056,56056,0,45367,45367,0,23.561179
07/04/2020 14:56,202002,UNITED STATES OF AMERICA,USA,HEATHROW,CHARLOTTE,19657,19657,0,15925,15925,0,23.434851
07/04/2020 14:56,202002,UNITED STATES OF AMERICA,USA,HEATHROW,CHICAGO (O'HARE),58071,58071,0,53649,53649,0,8.242465
07/04/2020 14:56,202002,UNITED STATES OF AMERICA,USA,HEATHROW,DALLAS/FORT WORTH,45843,45843,0,49616,49616,0,-7.604402
07/04/2020 14:56,202002,UNITED STATES OF AMERICA,USA,HEATHROW,DENVER INTERNATIONAL,19559,19559,0,13800,13800,0,41.731884
07/04/2020 14:56,202002,UNITED STATES OF AMERICA,USA,HEATHROW,DETROIT,8012,8012,0,8643,8643,0,-7.300706
07/04/2020 14:56,202002,UNITED STATES OF AMERICA,USA,HEATHROW,HOUSTON,27989,27989,0,28296,28296,0,-1.084959
07/04/2020 14:56,202002,UNITED STATES OF AMERICA,USA,HEATHROW,LAS VEGAS,29476,29476,0,16576,16576,0,77.823359
07/04/2020 14:56,202002,UNITED STATES OF AMERICA,USA,HEATHROW,LOS ANGELES INTERNATIONAL,116235,116235,0,102121,102121,0,13.82086
07/04/2020 14:56,202002,UNITED STATES OF AMERICA,USA,HEATHROW,MIAMI INTERNATIONAL,85434,85434,0,89970,89970,0,-5.041681
07/04/2020 14:56,202002,UNITED STATES OF AMERICA,USA,HEATHROW,MINNEAPOLIS-ST PAUL,7339,7339,0,6561,6561,0,11.857948
07/04/2020 14:56,202002,UNITED STATES OF AMERICA,USA,HEATHROW,NASHVILLE METROPOLITAN,5645,5645,0,4091,4091,0,37.985823
07/04/2020 14:56,202002,UNITED STATES OF AMERICA,USA,HEATHROW,NEW ORLEANS,6708,6708,0,6265,6265,0,7.07103
07/04/2020 14:56,202002,UNITED STATES OF AMERICA,USA,HEATHROW,NEW YORK (JF KENNEDY),217632,217632,0,196448,196448,0,10.783515
07/04/2020 14:56,202002,UNITED STATES OF AMERICA,USA,HEATHROW,NEW YORK (NEWARK),61174,61174,0,62642,62642,0,-2.343476
07/04/2020 14:56,202002,UNITED STATES OF AMERICA,USA,HEATHROW,PHILADELPHIA INTERNATIONAL,23772,23772,0,25036,25036,0,-5.04873
07/04/2020 14:56,202002,UNITED STATES OF AMERICA,USA,HEATHROW,PHOENIX,19036,19036,0,15001,15001,0,26.898207
07/04/2020 14:56,202002,UNITED STATES OF AMERICA,USA,HEATHROW,PITTSBURGH,3377,3377,0,0,0,0,0
07/04/2020 14:56,202002,UNITED STATES OF AMERICA,USA,HEATHROW,RALEIGH,7444,7444,0,7447,7447,0,-0.040285
07/04/2020 14:56,202002,UNITED STATES OF AMERICA,USA,HEATHROW,SALT LAKE CITY,7156,7156,0,0,0,0,0
07/04/2020 14:56,202002,UNITED STATES OF AMERICA,USA,HEATHROW,SAN DIEGO,12920,12920,0,11375,11375,0,13.582418
07/04/2020 14:56,202002,UNITED STATES OF AMERICA,USA,HEATHROW,SAN FRANCISCO,64058,64058,0,68253,68253,0,-6.14625
07/04/2020 14:56,202002,UNITED STATES OF AMERICA,USA,HEATHROW,SAN JOSE,5905,5905,0,5431,5431,0,8.727674
07/04/2020 14:56,202002,UNITED STATES OF AMERICA,USA,HEATHROW,SEATTLE (TACOMA),25898,25898,0,24494,24494,0,5.732016
07/04/2020 14:56,202002,UNITED STATES OF AMERICA,USA,HEATHROW,WASHINGTON (DULLES),45100,45100,0,47164,47164,0,-4.376219
07/04/2020 14:56,202002,UNITED STATES OF AMERICA,USA,LONDON CITY,NEW YORK (JF KENNEDY),870,870,0,780,780,0,11.538462
07/04/2020 14:56,202002,UNITED STATES OF AMERICA,USA,STANSTED,COLUMBUS,0,0,0,245,0,245,-100
07/04/2020 14:56,202002,UNITED STATES OF AMERICA,USA,STANSTED,COLUMBUS RICKENBACKER AFB,0,0,0,252,0,252,-100
07/04/2020 14:56,202002,UNITED STATES OF AMERICA,USA,EDINBURGH,NEW YORK (JF KENNEDY),4503,4503,0,0,0,0,0
07/04/2020 14:56,202002,UNITED STATES OF AMERICA,USA,EDINBURGH,NEW YORK (NEWARK),8195,8195,0,8506,8506,0,-3.656243
07/04/2020 14:56,202002,UNITED STATES OF AMERICA,USA,EDINBURGH,NEWBURGH/USA,0,0,0,3505,3505,0,-100
07/04/2020 14:56,202002,UNITED STATES OF AMERICA,USA,MANCHESTER,ATLANTA,5915,5915,0,6387,6387,0,-7.390011
07/04/2020 14:56,202002,UNITED STATES OF AMERICA,USA,MANCHESTER,HOUSTON,3774,3774,0,3534,3534,0,6.791171
07/04/2020 14:56,202002,UNITED STATES OF AMERICA,USA,MANCHESTER,NEW YORK (JF KENNEDY),14642,14642,0,17440,17440,0,-16.043578
07/04/2020 14:56,202002,UNITED STATES OF AMERICA,USA,MANCHESTER,NEW YORK (NEWARK),9669,9669,0,8599,8599,0,12.443307
07/04/2020 14:56,202002,UNITED STATES OF AMERICA,USA,MANCHESTER,ORLANDO,19679,19679,0,17762,17762,0,10.792704
07/04/2020 14:56,202002,UNITED STATES OF AMERICA,USA,MANCHESTER,PHILADELPHIA INTERNATIONAL,7289,7289,0,7545,7545,0,-3.392975
07/04/2020 14:56,202002,CENTRAL AMERICA,COSTA RICA,GATWICK,LIBERIA,2377,0,2377,2354,0,2354,0.97706
07/04/2020 14:56,202002,CENTRAL AMERICA,COSTA RICA,GATWICK,SAN JOSE COST RICA,7236,7236,0,6138,6138,0,17.888563
07/04/2020 14:56,202002,CENTRAL AMERICA,CUBA,GATWICK,HAVANA,3946,3946,0,6667,6667,0,-40.812959
07/04/2020 14:56,202002,CENTRAL AMERICA,CUBA,GATWICK,HOLGUIN (FRANK PAIS),0,0,0,2499,2499,0,-100
07/04/2020 14:56,202002,CENTRAL AMERICA,CUBA,MANCHESTER,CUNAGUA (CAYO COCO),0,0,0,2444,2444,0,-100
07/04/2020 14:56,202002,CENTRAL AMERICA,CUBA,MANCHESTER,HOLGUIN (FRANK PAIS),0,0,0,2542,2542,0,-100
07/04/2020 14:56,202002,CENTRAL AMERICA,CUBA,MANCHESTER,VARADERO,0,0,0,2421,2421,0,-100
07/04/2020 14:56,202002,CENTRAL AMERICA,DOMINICAN REPUBLIC,GATWICK,PUNTA CANA,16622,10772,5850,12473,7667,4806,33.26385
07/04/2020 14:56,202002,CENTRAL AMERICA,DOMINICAN REPUBLIC,MANCHESTER,LA ROMANA,214,0,214,0,0,0,0
07/04/2020 14:56,202002,CENTRAL AMERICA,DOMINICAN REPUBLIC,MANCHESTER,PUNTA CANA,5476,0,5476,5449,0,5449,0.495504
07/04/2020 14:56,202002,CENTRAL AMERICA,MEXICO,GATWICK,CANCUN,21775,21775,0,18632,18632,0,16.868828
07/04/2020 14:56,202002,CENTRAL AMERICA,MEXICO,GATWICK,LOS CABOS,2450,0,2450,0,0,0,0
07/04/2020 14:56,202002,CENTRAL AMERICA,MEXICO,GATWICK,PUERTO VALLARTA,0,0,0,2387,0,2387,-100
07/04/2020 14:56,202002,CENTRAL AMERICA,MEXICO,HEATHROW,MEXICO CITY,18237,18237,0,17967,17967,0,1.502755
07/04/2020 14:56,202002,CENTRAL AMERICA,MEXICO,BIRMINGHAM,CANCUN,5769,5769,0,5118,5118,0,12.719812
07/04/2020 14:56,202002,CENTRAL AMERICA,MEXICO,MANCHESTER,CANCUN,7828,7828,0,12875,12875,0,-39.2
07/04/2020 14:56,202002,CENTRAL AMERICA,MEXICO,MANCHESTER,PUERTO VALLARTA,5818,0,5818,2735,0,2735,112.723949
07/04/2020 14:56,202002,SOUTH AMERICA,ARGENTINA,GATWICK,BUENOS AIRES,11305,11305,0,13447,13447,0,-15.929204
07/04/2020 14:56,202002,SOUTH AMERICA,ARGENTINA,HEATHROW,BUENOS AIRES,13955,13955,0,13889,13889,0,0.475196
07/04/2020 14:56,202002,SOUTH AMERICA,BRAZIL,GATWICK,MANAUS-EDUARDO GOMES,0,0,0,306,0,306,-100
07/04/2020 14:56,202002,SOUTH AMERICA,BRAZIL,GATWICK,RIO DE JANEIRO (GALEAO),7659,7659,0,0,0,0,0
07/04/2020 14:56,202002,SOUTH AMERICA,BRAZIL,HEATHROW,RIO DE JANEIRO (GALEAO),9961,9961,0,10106,10106,0,-1.434791
07/04/2020 14:56,202002,SOUTH AMERICA,BRAZIL,HEATHROW,SAO PAULO (GUARULHOS),31867,31867,0,34283,34283,0,-7.047225
07/04/2020 14:56,202002,SOUTH AMERICA,BRAZIL,MANCHESTER,MANAUS-EDUARDO GOMES,0,0,0,308,0,308,-100
07/04/2020 14:56,202002,SOUTH AMERICA,CHILE,HEATHROW,SANTIAGO DE CHILE,8130,8130,0,7371,7371,0,10.29711
07/04/2020 14:56,202002,SOUTH AMERICA,COLOMBIA,HEATHROW,BOGOTA,11980,11980,0,11864,11864,0,0.977748
07/04/2020 14:56,202002,CARIBBEAN AREA,ANTIGUA AND BARBUDA,GATWICK,ANTIGUA,18872,18872,0,17830,17830,0,5.844083
07/04/2020 14:56,202002,CARIBBEAN AREA,ANTIGUA AND BARBUDA,MANCHESTER,ANTIGUA,0,0,0,1167,1167,0,-100
07/04/2020 14:56,202002,CARIBBEAN AREA,BAHAMAS,HEATHROW,NASSAU,4923,4923,0,5370,5370,0,-8.324022
07/04/2020 14:56,202002,CARIBBEAN AREA,BARBADOS,GATWICK,BRIDGETOWN,57945,40578,17367,58165,40531,17634,-0.378234
07/04/2020 14:56,202002,CARIBBEAN AREA,BARBADOS,HEATHROW,BRIDGETOWN,1407,1407,0,2504,2504,0,-43.809904
07/04/2020 14:56,202002,CARIBBEAN AREA,BARBADOS,STANSTED,BRIDGETOWN,294,0,294,275,0,275,6.909091
07/04/2020 14:56,202002,CARIBBEAN AREA,BARBADOS,BELFAST INTERNATIONAL,BRIDGETOWN,283,0,283,290,0,290,-2.413793
07/04/2020 14:56,202002,CARIBBEAN AREA,BARBADOS,BIRMINGHAM,BRIDGETOWN,10976,0,10976,9365,0,9365,17.202349
07/04/2020 14:56,202002,CARIBBEAN AREA,BARBADOS,BOURNEMOUTH,BRIDGETOWN,296,0,296,298,0,298,-0.671141
07/04/2020 14:56,202002,CARIBBEAN AREA,BARBADOS,BRISTOL,BRIDGETOWN,603,0,603,290,0,290,107.931034
07/04/2020 14:56,202002,CARIBBEAN AREA,BARBADOS,CARDIFF WALES,BRIDGETOWN,888,0,888,291,0,291,205.154639
07/04/2020 14:56,202002,CARIBBEAN AREA,BARBADOS,GLASGOW,BRIDGETOWN,1707,391,1316,1467,0,1467,16.359918
07/04/2020 14:56,202002,CARIBBEAN AREA,BARBADOS,MANCHESTER,BRIDGETOWN,19157,7469,11688,23004,8987,14017,-16.723179
07/04/2020 14:56,202002,CARIBBEAN AREA,BARBADOS,NEWCASTLE,BRIDGETOWN,920,920,0,1187,1187,0,-22.493682
07/04/2020 14:56,202002,CARIBBEAN AREA,BERMUDA,GATWICK,BERMUDA,5436,5436,0,4904,4904,0,10.848287
07/04/2020 14:56,202002,CARIBBEAN AREA,CAYMAN ISLANDS,HEATHROW,GRAND CAYMAN,2931,2931,0,2672,2672,0,9.693114
07/04/2020 14:56,202002,CARIBBEAN AREA,GRENADA,GATWICK,GRENADA,4832,4832,0,3248,3248,0,48.768473
07/04/2020 14:56,202002,CARIBBEAN AREA,JAMAICA,GATWICK,KINGSTON,7991,7891,100,7850,7728,122,1.796178
07/04/2020 14:56,202002,CARIBBEAN AREA,JAMAICA,GATWICK,MONTEGO BAY,18933,9729,9204,17798,9579,8219,6.377121
07/04/2020 14:56,202002,CARIBBEAN AREA,JAMAICA,BIRMINGHAM,MONTEGO BAY,2732,0,2732,2382,0,2382,14.693535
07/04/2020 14:56,202002,CARIBBEAN AREA,JAMAICA,CARDIFF WALES,MONTEGO BAY,600,0,600,298,0,298,101.342282
07/04/2020 14:56,202002,CARIBBEAN AREA,JAMAICA,DONCASTER SHEFFIELD,KINGSTON,119,0,119,0,0,0,0
07/04/2020 14:56,202002,CARIBBEAN AREA,JAMAICA,DONCASTER SHEFFIELD,MONTEGO BAY,0,0,0,609,0,609,-100
07/04/2020 14:56,202002,CARIBBEAN AREA,JAMAICA,GLASGOW,MONTEGO BAY,581,0,581,0,0,0,0
07/04/2020 14:56,202002,CARIBBEAN AREA,JAMAICA,MANCHESTER,MONTEGO BAY,8415,0,8415,8782,0,8782,-4.179003
07/04/2020 14:56,202002,CARIBBEAN AREA,JAMAICA,NEWCASTLE,MONTEGO BAY,299,299,0,600,600,0,-50.166667
07/04/2020 14:56,202002,CARIBBEAN AREA,SAINT KITTS AND NEVIS,GATWICK,ST KITTS,1444,1444,0,1171,1171,0,23.313407
07/04/2020 14:56,202002,CARIBBEAN AREA,ST LUCIA,GATWICK,ST LUCIA (HEWANORRA),16950,15791,1159,19808,16323,3485,-14.428514
07/04/2020 14:56,202002,CARIBBEAN AREA,ST LUCIA,MANCHESTER,ST LUCIA (HEWANORRA),0,0,0,1104,1104,0,-100
07/04/2020 14:56,202002,CARIBBEAN AREA,TRINIDAD AND TOBAGO,GATWICK,PORT OF SPAIN,5334,5334,0,4058,4058,0,31.444061
07/04/2020 14:56,202002,CARIBBEAN AREA,TRINIDAD AND TOBAGO,GATWICK,TOBAGO,3263,3263,0,3166,3166,0,3.063803
07/04/2020 14:56,202002,CARIBBEAN AREA,TRINIDAD AND TOBAGO,MANCHESTER,TOBAGO,0,0,0,1060,1060,0,-100
07/04/2020 14:56,202002,CARIBBEAN AREA,TURKS AND CAICOS ISLANDS,GATWICK,PROVIDENCIALES,629,629,0,629,629,0,0
07/04/2020 14:56,202002,INDIAN OCEAN ISLANDS,MALDIVE ISLANDS,GATWICK,MALE INTERNATIONAL,7754,7754,0,6163,6163,0,25.81535
07/04/2020 14:56,202002,INDIAN OCEAN ISLANDS,MAURITIUS,GATWICK,MAURITIUS,13123,13123,0,11410,11410,0,15.013146
07/04/2020 14:56,202002,INDIAN OCEAN ISLANDS,MAURITIUS,HEATHROW,MAURITIUS,5530,5530,0,4863,4863,0,13.715813
07/04/2020 14:56,202002,INDIAN OCEAN ISLANDS,SEYCHELLES,HEATHROW,SEYCHELLES,3250,3250,0,3164,3164,0,2.718078
07/04/2020 14:56,202002,ATLANTIC OCEAN ISLANDS,CAPE VERDE ISLANDS,GATWICK,BOA VISTA (RABIL),7372,7372,0,6806,6806,0,8.316192
07/04/2020 14:56,202002,ATLANTIC OCEAN ISLANDS,CAPE VERDE ISLANDS,GATWICK,ILHA DO SAL C.VERDE,5257,5257,0,7905,7905,0,-33.497786
07/04/2020 14:56,202002,ATLANTIC OCEAN ISLANDS,CAPE VERDE ISLANDS,BIRMINGHAM,BOA VISTA (RABIL),3422,3422,0,3325,3325,0,2.917293
07/04/2020 14:56,202002,ATLANTIC OCEAN ISLANDS,CAPE VERDE ISLANDS,BIRMINGHAM,ILHA DO SAL C.VERDE,3186,3186,0,2561,2561,0,24.404529
07/04/2020 14:56,202002,ATLANTIC OCEAN ISLANDS,CAPE VERDE ISLANDS,BRISTOL,ILHA DO SAL C.VERDE,1409,0,1409,1637,0,1637,-13.927917
07/04/2020 14:56,202002,ATLANTIC OCEAN ISLANDS,CAPE VERDE ISLANDS,MANCHESTER,BOA VISTA (RABIL),5138,5138,0,4815,4815,0,6.708204
07/04/2020 14:56,202002,ATLANTIC OCEAN ISLANDS,CAPE VERDE ISLANDS,MANCHESTER,ILHA DO SAL C.VERDE,4643,4643,0,5925,5925,0,-21.637131
07/04/2020 14:56,202002,OIL RIGS,OIL RIGS,ABERDEEN,OIL RIGS,28067,0,28067,31370,0,31370,-10.529168
07/04/2020 14:56,202002,OIL RIGS,OIL RIGS,BLACKPOOL,OIL RIGS,1480,0,1480,1258,0,1258,17.647059
07/04/2020 14:56,202002,OIL RIGS,OIL RIGS,HUMBERSIDE,OIL RIGS,623,0,623,1554,0,1554,-59.90991
07/04/2020 14:56,202002,OIL RIGS,OIL RIGS,NORWICH,OIL RIGS,6310,0,6310,7524,0,7524,-16.135035
07/04/2020 14:56,202002,OIL RIGS,OIL RIGS,SCATSTA,OIL RIGS,3659,0,3659,4090,0,4090,-10.537897
07/04/2020 14:56,202002,OIL RIGS,OIL RIGS,SUMBURGH,OIL RIGS,3189,0,3189,4829,0,4829,-33.961483

