rundate,this_period,foreign_region,foreign_country,UK_airport,foreign_airport,total_pax_this_period,total_pax_scheduled_this_period,total_pax_charter_this_period,total_pax_last_period,total_pax_scheduled_last_period,total_pax_charter_last_period,total_pax_percent
25/10/2018 09:34,201808,Unknown,Unknown,BRISTOL,Unknown,0,0,0,1549,0,1549,-100
25/10/2018 09:34,201808,Unknown,Unknown,LEEDS BRADFORD,Unknown,0,0,0,1396,1396,0,-100
25/10/2018 09:34,201808,WESTERN EUROPE-EU,AUSTRIA,GATWICK,INNSBRUCK,7131,5671,1460,7388,5923,1465,-3.478614
25/10/2018 09:34,201808,WESTERN EUROPE-EU,AUSTRIA,GATWICK,SALZBURG,9045,7560,1485,8756,7484,1272,3.300594
25/10/2018 09:34,201808,WESTERN EUROPE-EU,AUSTRIA,GATWICK,VIENNA,25403,25403,0,18083,18083,0,40.480009
25/10/2018 09:34,201808,WESTERN EUROPE-EU,AUSTRIA,HEATHROW,INNSBRUCK,3946,3946,0,2637,2637,0,49.639742
25/10/2018 09:34,201808,WESTERN EUROPE-EU,AUSTRIA,HEATHROW,SALZBURG,2797,2797,0,0,0,0,0
25/10/2018 09:34,201808,WESTERN EUROPE-EU,AUSTRIA,HEATHROW,VIENNA,84646,84646,0,80944,80944,0,4.573532
25/10/2018 09:34,201808,WESTERN EUROPE-EU,AUSTRIA,LUTON,VIENNA,5934,5934,0,5590,5590,0,6.153846
25/10/2018 09:34,201808,WESTERN EUROPE-EU,AUSTRIA,SOUTHEND,VIENNA,2867,2867,0,2210,2210,0,29.728507
25/10/2018 09:34,201808,WESTERN EUROPE-EU,AUSTRIA,STANSTED,LINZ,2849,2849,0,3254,3254,0,-12.44622
25/10/2018 09:34,201808,WESTERN EUROPE-EU,AUSTRIA,STANSTED,SALZBURG,13055,13055,0,4717,4717,0,176.764893
25/10/2018 09:34,201808,WESTERN EUROPE-EU,AUSTRIA,STANSTED,VIENNA,7751,7751,0,8200,8200,0,-5.47561
25/10/2018 09:34,201808,WESTERN EUROPE-EU,AUSTRIA,BIRMINGHAM,GRAZ,0,0,0,871,871,0,-100
25/10/2018 09:34,201808,WESTERN EUROPE-EU,AUSTRIA,BIRMINGHAM,INNSBRUCK,775,0,775,704,0,704,10.085227
25/10/2018 09:34,201808,WESTERN EUROPE-EU,AUSTRIA,BIRMINGHAM,SALZBURG,1349,0,1349,1378,0,1378,-2.104499
25/10/2018 09:34,201808,WESTERN EUROPE-EU,AUSTRIA,BIRMINGHAM,VIENNA,4083,4083,0,4455,4455,0,-8.350168
25/10/2018 09:34,201808,WESTERN EUROPE-EU,AUSTRIA,BRISTOL,INNSBRUCK,584,0,584,699,0,699,-16.452074
25/10/2018 09:34,201808,WESTERN EUROPE-EU,AUSTRIA,BRISTOL,VIENNA,2728,2728,0,2437,2437,0,11.940911
25/10/2018 09:34,201808,WESTERN EUROPE-EU,AUSTRIA,CARDIFF WALES,SALZBURG,39,0,39,0,0,0,0
25/10/2018 09:34,201808,WESTERN EUROPE-EU,AUSTRIA,EDINBURGH,INNSBRUCK,566,0,566,547,0,547,3.473492
25/10/2018 09:34,201808,WESTERN EUROPE-EU,AUSTRIA,EDINBURGH,VIENNA,7193,7193,0,6978,6978,0,3.081112
25/10/2018 09:34,201808,WESTERN EUROPE-EU,AUSTRIA,GLASGOW,GRAZ,106,0,106,291,0,291,-63.573883
25/10/2018 09:34,201808,WESTERN EUROPE-EU,AUSTRIA,GLASGOW,LINZ,0,0,0,163,0,163,-100
25/10/2018 09:34,201808,WESTERN EUROPE-EU,AUSTRIA,GLASGOW,SALZBURG,738,0,738,728,0,728,1.373626
25/10/2018 09:34,201808,WESTERN EUROPE-EU,AUSTRIA,GLASGOW,VIENNA,957,0,957,1094,0,1094,-12.522852
25/10/2018 09:34,201808,WESTERN EUROPE-EU,AUSTRIA,LEEDS BRADFORD,INNSBRUCK,687,0,687,588,0,588,16.836735
25/10/2018 09:34,201808,WESTERN EUROPE-EU,AUSTRIA,MANCHESTER,INNSBRUCK,1337,671,666,1293,0,1293,3.402939
25/10/2018 09:34,201808,WESTERN EUROPE-EU,AUSTRIA,MANCHESTER,SALZBURG,2978,0,2978,3240,0,3240,-8.08642
25/10/2018 09:34,201808,WESTERN EUROPE-EU,AUSTRIA,MANCHESTER,VIENNA,10901,10901,0,10891,10891,0,0.091819
25/10/2018 09:34,201808,WESTERN EUROPE-EU,AUSTRIA,NEWCASTLE,INNSBRUCK,32,0,32,0,0,0,0
25/10/2018 09:34,201808,WESTERN EUROPE-EU,AUSTRIA,NEWCASTLE,SALZBURG,1105,1105,0,1289,1289,0,-14.274631
25/10/2018 09:34,201808,WESTERN EUROPE-EU,BELGIUM,GATWICK,BRUSSELS,1558,1558,0,682,682,0,128.445748
25/10/2018 09:34,201808,WESTERN EUROPE-EU,BELGIUM,HEATHROW,BRUSSELS,53793,53793,0,54590,54590,0,-1.459974
25/10/2018 09:34,201808,WESTERN EUROPE-EU,BELGIUM,LONDON CITY,ANTWERP,3028,3028,0,4018,4018,0,-24.639124
25/10/2018 09:34,201808,WESTERN EUROPE-EU,BELGIUM,SOUTHEND,ANTWERP,1534,1534,0,0,0,0,0
25/10/2018 09:34,201808,WESTERN EUROPE-EU,BELGIUM,ABERDEEN,ANTWERP,507,507,0,0,0,0,0
25/10/2018 09:34,201808,WESTERN EUROPE-EU,BELGIUM,BIRMINGHAM,ANTWERP,170,170,0,0,0,0,0
25/10/2018 09:34,201808,WESTERN EUROPE-EU,BELGIUM,BIRMINGHAM,BRUSSELS,9668,9668,0,12228,12228,0,-20.935558
25/10/2018 09:34,201808,WESTERN EUROPE-EU,BELGIUM,BRISTOL,BRUSSELS,4575,4575,0,4851,4851,0,-5.689549
25/10/2018 09:34,201808,WESTERN EUROPE-EU,BELGIUM,BRISTOL,LIEGE,2,2,0,0,0,0,0
25/10/2018 09:34,201808,WESTERN EUROPE-EU,BELGIUM,EAST MIDLANDS INTERNATIONAL,BRUSSELS,1967,1967,0,1542,1542,0,27.561608
25/10/2018 09:34,201808,WESTERN EUROPE-EU,BELGIUM,EDINBURGH,BRUSSELS,14273,14273,0,9762,9762,0,46.209793
25/10/2018 09:34,201808,WESTERN EUROPE-EU,BELGIUM,EDINBURGH,CHARLEROI,7952,7952,0,7905,7905,0,0.59456
25/10/2018 09:34,201808,WESTERN EUROPE-EU,BELGIUM,GLASGOW,BRUSSELS,35,0,35,0,0,0,0
25/10/2018 09:34,201808,WESTERN EUROPE-EU,BELGIUM,GLASGOW,CHARLEROI,2763,2763,0,3108,3108,0,-11.100386
25/10/2018 09:34,201808,WESTERN EUROPE-EU,BELGIUM,MANCHESTER,BRUSSELS,20057,20057,0,16729,16729,0,19.893598
25/10/2018 09:34,201808,WESTERN EUROPE-EU,BELGIUM,MANCHESTER,CHARLEROI,17847,17847,0,18348,18348,0,-2.730543
25/10/2018 09:34,201808,WESTERN EUROPE-EU,BELGIUM,NEWCASTLE,BRUSSELS,2444,2444,0,1915,1915,0,27.624021
25/10/2018 09:34,201808,WESTERN EUROPE-EU,CROATIA,GATWICK,DUBROVNIK,38748,38748,0,41724,41724,0,-7.132586
25/10/2018 09:34,201808,WESTERN EUROPE-EU,CROATIA,GATWICK,PULA,8585,4093,4492,7802,4438,3364,10.035888
25/10/2018 09:34,201808,WESTERN EUROPE-EU,CROATIA,GATWICK,SPLIT,36613,33292,3321,32048,30555,1493,14.244259
25/10/2018 09:34,201808,WESTERN EUROPE-EU,CROATIA,GATWICK,ZAGREB,0,0,0,4393,4393,0,-100
25/10/2018 09:34,201808,WESTERN EUROPE-EU,CROATIA,HEATHROW,PULA,2280,2280,0,2511,2511,0,-9.199522
25/10/2018 09:34,201808,WESTERN EUROPE-EU,CROATIA,HEATHROW,RIJEKA,0,0,0,822,822,0,-100
25/10/2018 09:34,201808,WESTERN EUROPE-EU,CROATIA,HEATHROW,SPLIT,6884,6884,0,7382,7382,0,-6.746139
25/10/2018 09:34,201808,WESTERN EUROPE-EU,CROATIA,HEATHROW,ZAGREB,13074,13074,0,16645,16645,0,-21.45389
25/10/2018 09:34,201808,WESTERN EUROPE-EU,CROATIA,LUTON,DUBROVNIK,4496,4496,0,4407,4407,0,2.019514
25/10/2018 09:34,201808,WESTERN EUROPE-EU,CROATIA,LUTON,SPLIT,22219,22219,0,20677,20677,0,7.457562
25/10/2018 09:34,201808,WESTERN EUROPE-EU,CROATIA,LUTON,ZADAR,3089,3089,0,2793,2793,0,10.597923
25/10/2018 09:34,201808,WESTERN EUROPE-EU,CROATIA,SOUTHEND,DUBROVNIK,4267,4267,0,1543,1543,0,176.539209
25/10/2018 09:34,201808,WESTERN EUROPE-EU,CROATIA,SOUTHEND,PULA,2637,2637,0,0,0,0,0
25/10/2018 09:34,201808,WESTERN EUROPE-EU,CROATIA,SOUTHEND,ZADAR,816,816,0,1417,1417,0,-42.41355
25/10/2018 09:34,201808,WESTERN EUROPE-EU,CROATIA,STANSTED,DUBROVNIK,14798,14798,0,13346,13346,0,10.879664
25/10/2018 09:34,201808,WESTERN EUROPE-EU,CROATIA,STANSTED,PULA,8076,8076,0,9749,9749,0,-17.160734
25/10/2018 09:34,201808,WESTERN EUROPE-EU,CROATIA,STANSTED,RIJEKA,3010,3010,0,3190,3190,0,-5.642633
25/10/2018 09:34,201808,WESTERN EUROPE-EU,CROATIA,STANSTED,SPLIT,8437,8437,0,8591,8591,0,-1.792574
25/10/2018 09:34,201808,WESTERN EUROPE-EU,CROATIA,STANSTED,ZADAR,7198,6120,1078,9105,8162,943,-20.944536
25/10/2018 09:34,201808,WESTERN EUROPE-EU,CROATIA,BELFAST INTERNATIONAL,DUBROVNIK,4216,4216,0,3668,3668,0,14.940022
25/10/2018 09:34,201808,WESTERN EUROPE-EU,CROATIA,BELFAST INTERNATIONAL,SPLIT,2318,2318,0,2685,2685,0,-13.668529
25/10/2018 09:34,201808,WESTERN EUROPE-EU,CROATIA,BIRMINGHAM,DUBROVNIK,6406,6406,0,8842,8842,0,-27.550328
25/10/2018 09:34,201808,WESTERN EUROPE-EU,CROATIA,BIRMINGHAM,PULA,3099,0,3099,3514,0,3514,-11.809903
25/10/2018 09:34,201808,WESTERN EUROPE-EU,CROATIA,BIRMINGHAM,SPLIT,3286,3286,0,3111,3111,0,5.625201
25/10/2018 09:34,201808,WESTERN EUROPE-EU,CROATIA,BRISTOL,DUBROVNIK,6761,6761,0,5112,5112,0,32.257433
25/10/2018 09:34,201808,WESTERN EUROPE-EU,CROATIA,BRISTOL,PULA,6818,3268,3550,5236,1394,3842,30.213904
25/10/2018 09:34,201808,WESTERN EUROPE-EU,CROATIA,BRISTOL,SPLIT,7211,7211,0,6043,6043,0,19.328148
25/10/2018 09:34,201808,WESTERN EUROPE-EU,CROATIA,BRISTOL,ZADAR,0,0,0,3058,3058,0,-100
25/10/2018 09:34,201808,WESTERN EUROPE-EU,CROATIA,DONCASTER SHEFFIELD,DUBROVNIK,1761,0,1761,1819,1819,0,-3.188565
25/10/2018 09:34,201808,WESTERN EUROPE-EU,CROATIA,EAST MIDLANDS INTERNATIONAL,DUBROVNIK,4539,4539,0,2834,2834,0,60.162315
25/10/2018 09:34,201808,WESTERN EUROPE-EU,CROATIA,EAST MIDLANDS INTERNATIONAL,PULA,1422,0,1422,1668,0,1668,-14.748201
25/10/2018 09:34,201808,WESTERN EUROPE-EU,CROATIA,EAST MIDLANDS INTERNATIONAL,SPLIT,2520,2520,0,1440,1440,0,75
25/10/2018 09:34,201808,WESTERN EUROPE-EU,CROATIA,EDINBURGH,DUBROVNIK,7325,7325,0,7629,7629,0,-3.984795
25/10/2018 09:34,201808,WESTERN EUROPE-EU,CROATIA,EDINBURGH,PULA,4013,2552,1461,3923,2385,1538,2.294163
25/10/2018 09:34,201808,WESTERN EUROPE-EU,CROATIA,EDINBURGH,SPLIT,2518,2518,0,2455,2455,0,2.566191
25/10/2018 09:34,201808,WESTERN EUROPE-EU,CROATIA,GLASGOW,DUBROVNIK,3466,1443,2023,3416,1446,1970,1.4637
25/10/2018 09:34,201808,WESTERN EUROPE-EU,CROATIA,GLASGOW,OSIJEK,124,0,124,0,0,0,0
25/10/2018 09:34,201808,WESTERN EUROPE-EU,CROATIA,GLASGOW,SPLIT,2917,2917,0,2990,2893,97,-2.441472
25/10/2018 09:34,201808,WESTERN EUROPE-EU,CROATIA,GLASGOW,ZADAR,0,0,0,2523,2523,0,-100
25/10/2018 09:34,201808,WESTERN EUROPE-EU,CROATIA,LEEDS BRADFORD,DUBROVNIK,3273,3273,0,3599,3589,10,-9.058072
25/10/2018 09:34,201808,WESTERN EUROPE-EU,CROATIA,LEEDS BRADFORD,PULA,2500,2500,0,2500,2500,0,0
25/10/2018 09:34,201808,WESTERN EUROPE-EU,CROATIA,LEEDS BRADFORD,SPLIT,2244,2244,0,2501,2501,0,-10.27589
25/10/2018 09:34,201808,WESTERN EUROPE-EU,CROATIA,LIVERPOOL (JOHN LENNON),PULA,2583,2583,0,0,0,0,0
25/10/2018 09:34,201808,WESTERN EUROPE-EU,CROATIA,LIVERPOOL (JOHN LENNON),SPLIT,0,0,0,339,0,339,-100
25/10/2018 09:34,201808,WESTERN EUROPE-EU,CROATIA,LIVERPOOL (JOHN LENNON),ZADAR,0,0,0,148,148,0,-100
25/10/2018 09:34,201808,WESTERN EUROPE-EU,CROATIA,MANCHESTER,DUBROVNIK,18576,18576,0,20294,20294,0,-8.465556
25/10/2018 09:34,201808,WESTERN EUROPE-EU,CROATIA,MANCHESTER,PULA,7818,4684,3134,8751,4970,3781,-10.661639
25/10/2018 09:34,201808,WESTERN EUROPE-EU,CROATIA,MANCHESTER,SPLIT,17947,14723,3224,14384,12921,1463,24.770578
25/10/2018 09:34,201808,WESTERN EUROPE-EU,CROATIA,MANCHESTER,ZADAR,3966,2859,1107,4153,3222,931,-4.502769
25/10/2018 09:34,201808,WESTERN EUROPE-EU,CROATIA,MANCHESTER,ZAGREB,0,0,0,2352,2352,0,-100
25/10/2018 09:34,201808,WESTERN EUROPE-EU,CROATIA,NEWCASTLE,DUBROVNIK,4359,4359,0,2901,2901,0,50.258532
25/10/2018 09:34,201808,WESTERN EUROPE-EU,CROATIA,NEWCASTLE,SPLIT,2241,2241,0,2637,2637,0,-15.017065
25/10/2018 09:34,201808,WESTERN EUROPE-EU,CYPRUS,GATWICK,LARNACA,44674,34260,10414,39587,28831,10756,12.850178
25/10/2018 09:34,201808,WESTERN EUROPE-EU,CYPRUS,GATWICK,PAPHOS,45930,33690,12240,53504,37051,16453,-14.155951
25/10/2018 09:34,201808,WESTERN EUROPE-EU,CYPRUS,HEATHROW,LARNACA,31406,31406,0,32420,32420,0,-3.127699
25/10/2018 09:34,201808,WESTERN EUROPE-EU,CYPRUS,LUTON,LARNACA,21303,19480,1823,12405,10521,1884,71.729141
25/10/2018 09:34,201808,WESTERN EUROPE-EU,CYPRUS,LUTON,PAPHOS,11945,8027,3918,13614,7974,5640,-12.259439
25/10/2018 09:34,201808,WESTERN EUROPE-EU,CYPRUS,STANSTED,LARNACA,13099,11582,1517,8502,6989,1513,54.069631
25/10/2018 09:34,201808,WESTERN EUROPE-EU,CYPRUS,STANSTED,PAPHOS,25941,22582,3359,21284,17914,3370,21.880286
25/10/2018 09:34,201808,WESTERN EUROPE-EU,CYPRUS,ABERDEEN,LARNACA,0,0,0,96,0,96,-100
25/10/2018 09:34,201808,WESTERN EUROPE-EU,CYPRUS,BELFAST INTERNATIONAL,LARNACA,3688,0,3688,3861,0,3861,-4.480704
25/10/2018 09:34,201808,WESTERN EUROPE-EU,CYPRUS,BELFAST INTERNATIONAL,PAPHOS,1773,1773,0,0,0,0,0
25/10/2018 09:34,201808,WESTERN EUROPE-EU,CYPRUS,BIRMINGHAM,LARNACA,17630,12124,5506,21376,17484,3892,-17.524326
25/10/2018 09:34,201808,WESTERN EUROPE-EU,CYPRUS,BIRMINGHAM,PAPHOS,13479,6587,6892,17078,11875,5203,-21.073896
25/10/2018 09:34,201808,WESTERN EUROPE-EU,CYPRUS,BOURNEMOUTH,PAPHOS,1827,0,1827,1864,0,1864,-1.984979
25/10/2018 09:34,201808,WESTERN EUROPE-EU,CYPRUS,BRISTOL,LARNACA,7053,3459,3594,7345,3798,3547,-3.975494
25/10/2018 09:34,201808,WESTERN EUROPE-EU,CYPRUS,BRISTOL,PAPHOS,10199,6470,3729,8512,4582,3930,19.819079
25/10/2018 09:34,201808,WESTERN EUROPE-EU,CYPRUS,CARDIFF WALES,LARNACA,2890,0,2890,2900,0,2900,-0.344828
25/10/2018 09:34,201808,WESTERN EUROPE-EU,CYPRUS,CARDIFF WALES,PAPHOS,1837,0,1837,1839,0,1839,-0.108755
25/10/2018 09:34,201808,WESTERN EUROPE-EU,CYPRUS,DONCASTER SHEFFIELD,LARNACA,1914,0,1914,1902,0,1902,0.630915
25/10/2018 09:34,201808,WESTERN EUROPE-EU,CYPRUS,DONCASTER SHEFFIELD,PAPHOS,3269,0,3269,3411,0,3411,-4.163002
25/10/2018 09:34,201808,WESTERN EUROPE-EU,CYPRUS,EAST MIDLANDS INTERNATIONAL,LARNACA,6425,4948,1477,6383,4910,1473,0.657998
25/10/2018 09:34,201808,WESTERN EUROPE-EU,CYPRUS,EAST MIDLANDS INTERNATIONAL,PAPHOS,10211,6875,3336,10276,6963,3313,-0.632542
25/10/2018 09:34,201808,WESTERN EUROPE-EU,CYPRUS,EDINBURGH,LARNACA,3596,1761,1835,3651,1815,1836,-1.506437
25/10/2018 09:34,201808,WESTERN EUROPE-EU,CYPRUS,EDINBURGH,PAPHOS,7896,6405,1491,6537,5067,1470,20.789353
25/10/2018 09:34,201808,WESTERN EUROPE-EU,CYPRUS,EXETER,LARNACA,1496,0,1496,1458,0,1458,2.60631
25/10/2018 09:34,201808,WESTERN EUROPE-EU,CYPRUS,EXETER,PAPHOS,1491,0,1491,1465,0,1465,1.774744
25/10/2018 09:34,201808,WESTERN EUROPE-EU,CYPRUS,GLASGOW,LARNACA,7331,5625,1706,7257,5528,1729,1.019705
25/10/2018 09:34,201808,WESTERN EUROPE-EU,CYPRUS,GLASGOW,PAPHOS,5372,3234,2138,6913,3212,3701,-22.291335
25/10/2018 09:34,201808,WESTERN EUROPE-EU,CYPRUS,LEEDS BRADFORD,LARNACA,7247,7247,0,8406,8406,0,-13.787771
25/10/2018 09:34,201808,WESTERN EUROPE-EU,CYPRUS,LEEDS BRADFORD,PAPHOS,8081,6369,1712,6923,5148,1775,16.726853
25/10/2018 09:34,201808,WESTERN EUROPE-EU,CYPRUS,LIVERPOOL (JOHN LENNON),LARNACA,2928,2928,0,5538,5538,0,-47.128927
25/10/2018 09:34,201808,WESTERN EUROPE-EU,CYPRUS,MANCHESTER,LARNACA,25612,15885,9727,24885,15845,9040,2.921439
25/10/2018 09:34,201808,WESTERN EUROPE-EU,CYPRUS,MANCHESTER,PAPHOS,38295,25543,12752,41637,27893,13744,-8.026515
25/10/2018 09:34,201808,WESTERN EUROPE-EU,CYPRUS,NEWCASTLE,LARNACA,10258,10258,0,8489,8489,0,20.838732
25/10/2018 09:34,201808,WESTERN EUROPE-EU,CYPRUS,NEWCASTLE,PAPHOS,6482,6482,0,8239,8239,0,-21.325404
25/10/2018 09:34,201808,WESTERN EUROPE-EU,CYPRUS,NORWICH,PAPHOS,1695,0,1695,1683,0,1683,0.713012
25/10/2018 09:34,201808,WESTERN EUROPE-EU,DENMARK,GATWICK,AALBORG,3883,3883,0,4312,4312,0,-9.94898
25/10/2018 09:34,201808,WESTERN EUROPE-EU,DENMARK,GATWICK,COPENHAGEN,64377,64377,0,65110,65110,0,-1.125787
25/10/2018 09:34,201808,WESTERN EUROPE-EU,DENMARK,HEATHROW,BILLUND,13094,13094,0,12801,12801,0,2.288884
25/10/2018 09:34,201808,WESTERN EUROPE-EU,DENMARK,HEATHROW,COPENHAGEN,91509,91509,0,89197,89197,0,2.592015
25/10/2018 09:34,201808,WESTERN EUROPE-EU,DENMARK,LONDON CITY,BILLUND,906,906,0,872,872,0,3.899083
25/10/2018 09:34,201808,WESTERN EUROPE-EU,DENMARK,LUTON,COPENHAGEN,10745,10745,0,10901,10901,0,-1.431061
25/10/2018 09:34,201808,WESTERN EUROPE-EU,DENMARK,STANSTED,AALBORG,4004,4004,0,0,0,0,0
25/10/2018 09:34,201808,WESTERN EUROPE-EU,DENMARK,STANSTED,AARHUS (TIRSTRUP),10421,10421,0,6000,6000,0,73.683333
25/10/2018 09:34,201808,WESTERN EUROPE-EU,DENMARK,STANSTED,BILLUND,18404,18404,0,19498,19498,0,-5.610832
25/10/2018 09:34,201808,WESTERN EUROPE-EU,DENMARK,STANSTED,COPENHAGEN,30474,30474,0,31130,31130,0,-2.107292
25/10/2018 09:34,201808,WESTERN EUROPE-EU,DENMARK,ABERDEEN,COPENHAGEN,2724,2724,0,2418,2418,0,12.655087
25/10/2018 09:34,201808,WESTERN EUROPE-EU,DENMARK,ABERDEEN,ESBJERG,1468,1468,0,900,900,0,63.111111
25/10/2018 09:34,201808,WESTERN EUROPE-EU,DENMARK,BIRMINGHAM,COPENHAGEN,7389,7389,0,7616,7616,0,-2.980567
25/10/2018 09:34,201808,WESTERN EUROPE-EU,DENMARK,BRISTOL,COPENHAGEN,4561,4561,0,2694,2694,0,69.302153
25/10/2018 09:34,201808,WESTERN EUROPE-EU,DENMARK,CARDIFF WALES,BILLUND,65,0,65,0,0,0,0
25/10/2018 09:34,201808,WESTERN EUROPE-EU,DENMARK,EDINBURGH,COPENHAGEN,25759,25759,0,24277,24277,0,6.104543
25/10/2018 09:34,201808,WESTERN EUROPE-EU,DENMARK,EDINBURGH,ODENSE,393,0,393,380,0,380,3.421053
25/10/2018 09:34,201808,WESTERN EUROPE-EU,DENMARK,MANCHESTER,BILLUND,1807,1807,0,1862,1862,0,-2.953813
25/10/2018 09:34,201808,WESTERN EUROPE-EU,DENMARK,MANCHESTER,COPENHAGEN,28467,28467,0,27987,27987,0,1.715082
25/10/2018 09:34,201808,WESTERN EUROPE-EU,DENMARK,NEWCASTLE,COPENHAGEN,0,0,0,982,982,0,-100
25/10/2018 09:34,201808,WESTERN EUROPE-EU,FINLAND,GATWICK,HELSINKI,20445,20445,0,20651,20651,0,-0.99753
25/10/2018 09:34,201808,WESTERN EUROPE-EU,FINLAND,HEATHROW,HELSINKI,75787,75787,0,65838,65838,0,15.111334
25/10/2018 09:34,201808,WESTERN EUROPE-EU,FINLAND,EDINBURGH,HELSINKI,6910,6910,0,4332,4332,0,59.510619
25/10/2018 09:34,201808,WESTERN EUROPE-EU,FINLAND,MANCHESTER,HELSINKI,14961,14961,0,10356,10356,0,44.466976
25/10/2018 09:34,201808,WESTERN EUROPE-EU,FRANCE,GATWICK,AJACCIO,1338,1338,0,1382,1382,0,-3.183792
25/10/2018 09:34,201808,WESTERN EUROPE-EU,FRANCE,GATWICK,BASTIA,2282,2282,0,2345,2345,0,-2.686567
25/10/2018 09:34,201808,WESTERN EUROPE-EU,FRANCE,GATWICK,BIARRITZ,10554,10554,0,10600,10600,0,-0.433962
25/10/2018 09:34,201808,WESTERN EUROPE-EU,FRANCE,GATWICK,BORDEAUX,39873,39873,0,37474,37474,0,6.401772
25/10/2018 09:34,201808,WESTERN EUROPE-EU,FRANCE,GATWICK,FIGARI,2471,2471,0,2452,2452,0,0.774878
25/10/2018 09:34,201808,WESTERN EUROPE-EU,FRANCE,GATWICK,LA ROCHELLE,9414,9414,0,9395,9395,0,0.202235
25/10/2018 09:34,201808,WESTERN EUROPE-EU,FRANCE,GATWICK,LIMOGES,4802,4802,0,4433,4433,0,8.323934
25/10/2018 09:34,201808,WESTERN EUROPE-EU,FRANCE,GATWICK,LYON,17162,17162,0,17141,17141,0,0.122513
25/10/2018 09:34,201808,WESTERN EUROPE-EU,FRANCE,GATWICK,MARSEILLE,19631,19631,0,19848,19848,0,-1.093309
25/10/2018 09:34,201808,WESTERN EUROPE-EU,FRANCE,GATWICK,MONTPELLIER,18693,18693,0,19070,19070,0,-1.976927
25/10/2018 09:34,201808,WESTERN EUROPE-EU,FRANCE,GATWICK,NANTES,19836,19798,38,19525,19525,0,1.59283
25/10/2018 09:34,201808,WESTERN EUROPE-EU,FRANCE,GATWICK,NICE,74420,74420,0,75385,75385,0,-1.280096
25/10/2018 09:34,201808,WESTERN EUROPE-EU,FRANCE,GATWICK,PARIS (CHARLES DE GAULLE),44365,44365,0,41973,41973,0,5.698902
25/10/2018 09:34,201808,WESTERN EUROPE-EU,FRANCE,GATWICK,RENNES,0,0,0,2229,2229,0,-100
25/10/2018 09:34,201808,WESTERN EUROPE-EU,FRANCE,GATWICK,TOULOUSE (BLAGNAC),32907,32907,0,35414,35414,0,-7.079121
25/10/2018 09:34,201808,WESTERN EUROPE-EU,FRANCE,HEATHROW,BASTIA,1222,0,1222,1290,0,1290,-5.271318
25/10/2018 09:34,201808,WESTERN EUROPE-EU,FRANCE,HEATHROW,BIARRITZ,0,0,0,1001,1001,0,-100
25/10/2018 09:34,201808,WESTERN EUROPE-EU,FRANCE,HEATHROW,FIGARI,1977,885,1092,1167,0,1167,69.40874
25/10/2018 09:34,201808,WESTERN EUROPE-EU,FRANCE,HEATHROW,LYON,27204,27204,0,24281,24281,0,12.038219
25/10/2018 09:34,201808,WESTERN EUROPE-EU,FRANCE,HEATHROW,MARSEILLE,27913,27913,0,26023,26023,0,7.262806
25/10/2018 09:34,201808,WESTERN EUROPE-EU,FRANCE,HEATHROW,MONTPELLIER,0,0,0,2690,2690,0,-100
25/10/2018 09:34,201808,WESTERN EUROPE-EU,FRANCE,HEATHROW,NANTES,4820,4820,0,2040,2040,0,136.27451
25/10/2018 09:34,201808,WESTERN EUROPE-EU,FRANCE,HEATHROW,NICE,60009,60009,0,69875,69875,0,-14.119499
25/10/2018 09:34,201808,WESTERN EUROPE-EU,FRANCE,HEATHROW,PARIS (CHARLES DE GAULLE),108993,108993,0,106976,106976,0,1.88547
25/10/2018 09:34,201808,WESTERN EUROPE-EU,FRANCE,HEATHROW,PARIS (ORLY),0,0,0,21912,21912,0,-100
25/10/2018 09:34,201808,WESTERN EUROPE-EU,FRANCE,HEATHROW,TOULOUSE (BLAGNAC),26163,26163,0,27697,27697,0,-5.538506
25/10/2018 09:34,201808,WESTERN EUROPE-EU,FRANCE,LONDON CITY,AVIGNON,0,0,0,1086,1086,0,-100
25/10/2018 09:34,201808,WESTERN EUROPE-EU,FRANCE,LONDON CITY,BERGERAC,2741,2741,0,2661,2661,0,3.006389
25/10/2018 09:34,201808,WESTERN EUROPE-EU,FRANCE,LONDON CITY,NICE,7293,7293,0,7459,7459,0,-2.225499
25/10/2018 09:34,201808,WESTERN EUROPE-EU,FRANCE,LONDON CITY,PARIS (ORLY),9081,9081,0,0,0,0,0
25/10/2018 09:34,201808,WESTERN EUROPE-EU,FRANCE,LONDON CITY,QUIMPER,2533,2533,0,2646,2646,0,-4.270597
25/10/2018 09:34,201808,WESTERN EUROPE-EU,FRANCE,LONDON CITY,RENNES,1718,1718,0,3065,3065,0,-43.947798
25/10/2018 09:34,201808,WESTERN EUROPE-EU,FRANCE,LONDON CITY,TOULON / HYERES,0,0,0,2235,2235,0,-100
25/10/2018 09:34,201808,WESTERN EUROPE-EU,FRANCE,LUTON,BEZIERS,4961,4961,0,4553,4553,0,8.961125
25/10/2018 09:34,201808,WESTERN EUROPE-EU,FRANCE,LUTON,BIARRITZ,2578,2578,0,2656,2656,0,-2.936747
25/10/2018 09:34,201808,WESTERN EUROPE-EU,FRANCE,LUTON,BORDEAUX,11988,11988,0,10649,10649,0,12.573951
25/10/2018 09:34,201808,WESTERN EUROPE-EU,FRANCE,LUTON,LYON,8333,8333,0,8340,8340,0,-0.083933
25/10/2018 09:34,201808,WESTERN EUROPE-EU,FRANCE,LUTON,MARSEILLE,5218,5218,0,5647,5647,0,-7.596954
25/10/2018 09:34,201808,WESTERN EUROPE-EU,FRANCE,LUTON,MONTPELLIER,5382,5382,0,6022,6022,0,-10.627698
25/10/2018 09:34,201808,WESTERN EUROPE-EU,FRANCE,LUTON,NANTES,5534,5534,0,5345,5345,0,3.536015
25/10/2018 09:34,201808,WESTERN EUROPE-EU,FRANCE,LUTON,NICE,22831,22831,0,20600,20597,3,10.830097
25/10/2018 09:34,201808,WESTERN EUROPE-EU,FRANCE,LUTON,NIMES,4544,4544,0,4936,4936,0,-7.941653
25/10/2018 09:34,201808,WESTERN EUROPE-EU,FRANCE,LUTON,PARIS (CHARLES DE GAULLE),21238,21238,0,20326,20326,0,4.486864
25/10/2018 09:34,201808,WESTERN EUROPE-EU,FRANCE,LUTON,PERPIGNAN,427,0,427,183,183,0,133.333333
25/10/2018 09:34,201808,WESTERN EUROPE-EU,FRANCE,LUTON,TOULOUSE (BLAGNAC),5427,5427,0,6221,6221,0,-12.763221
25/10/2018 09:34,201808,WESTERN EUROPE-EU,FRANCE,SOUTHEND,BORDEAUX,4022,4022,0,0,0,0,0
25/10/2018 09:34,201808,WESTERN EUROPE-EU,FRANCE,SOUTHEND,CAEN,1880,1880,0,2091,2091,0,-10.090866
25/10/2018 09:34,201808,WESTERN EUROPE-EU,FRANCE,SOUTHEND,CHATEAUROUX DEOLS,211,211,0,0,0,0,0
25/10/2018 09:34,201808,WESTERN EUROPE-EU,FRANCE,SOUTHEND,LYON,5039,5039,0,2681,2681,0,87.952257
25/10/2018 09:34,201808,WESTERN EUROPE-EU,FRANCE,SOUTHEND,PARIS (CHARLES DE GAULLE),5348,5348,0,4830,4830,0,10.724638
25/10/2018 09:34,201808,WESTERN EUROPE-EU,FRANCE,SOUTHEND,PERPIGNAN,0,0,0,1170,1170,0,-100
25/10/2018 09:34,201808,WESTERN EUROPE-EU,FRANCE,SOUTHEND,RENNES,6252,6252,0,4719,4719,0,32.485696
25/10/2018 09:34,201808,WESTERN EUROPE-EU,FRANCE,STANSTED,AJACCIO,4926,4926,0,0,0,0,0
25/10/2018 09:34,201808,WESTERN EUROPE-EU,FRANCE,STANSTED,BASTIA,5826,5826,0,0,0,0,0
25/10/2018 09:34,201808,WESTERN EUROPE-EU,FRANCE,STANSTED,BERGERAC,11259,11259,0,21638,21638,0,-47.96654
25/10/2018 09:34,201808,WESTERN EUROPE-EU,FRANCE,STANSTED,BEZIERS,5034,5034,0,4653,4653,0,8.188266
25/10/2018 09:34,201808,WESTERN EUROPE-EU,FRANCE,STANSTED,BIARRITZ,13119,13119,0,17034,17034,0,-22.983445
25/10/2018 09:34,201808,WESTERN EUROPE-EU,FRANCE,STANSTED,BORDEAUX,9606,9606,0,11095,11095,0,-13.42046
25/10/2018 09:34,201808,WESTERN EUROPE-EU,FRANCE,STANSTED,BRIVE-LA-GAILLARDE,3204,3204,0,3162,3162,0,1.328273
25/10/2018 09:34,201808,WESTERN EUROPE-EU,FRANCE,STANSTED,CALVI,702,0,702,832,0,832,-15.625
25/10/2018 09:34,201808,WESTERN EUROPE-EU,FRANCE,STANSTED,CARCASSONNE,11168,11168,0,18447,18447,0,-39.458991
25/10/2018 09:34,201808,WESTERN EUROPE-EU,FRANCE,STANSTED,CLERMONT FERRAND,3211,3211,0,2897,2897,0,10.838799
25/10/2018 09:34,201808,WESTERN EUROPE-EU,FRANCE,STANSTED,DEAUVILLE,0,0,0,2716,2716,0,-100
25/10/2018 09:34,201808,WESTERN EUROPE-EU,FRANCE,STANSTED,DINARD,10941,10941,0,10989,10989,0,-0.4368
25/10/2018 09:34,201808,WESTERN EUROPE-EU,FRANCE,STANSTED,FIGARI,1372,1372,0,0,0,0,0
25/10/2018 09:34,201808,WESTERN EUROPE-EU,FRANCE,STANSTED,GRENOBLE,4791,4791,0,4365,4365,0,9.75945
25/10/2018 09:34,201808,WESTERN EUROPE-EU,FRANCE,STANSTED,LA ROCHELLE,7609,7609,0,10937,10937,0,-30.42882
25/10/2018 09:34,201808,WESTERN EUROPE-EU,FRANCE,STANSTED,LIMOGES,11305,11305,0,15630,15630,0,-27.671145
25/10/2018 09:34,201808,WESTERN EUROPE-EU,FRANCE,STANSTED,LORIENT,0,0,0,4774,4774,0,-100
25/10/2018 09:34,201808,WESTERN EUROPE-EU,FRANCE,STANSTED,MARSEILLE,17579,17579,0,18909,18909,0,-7.033688
25/10/2018 09:34,201808,WESTERN EUROPE-EU,FRANCE,STANSTED,NICE,29741,29741,0,21241,21241,0,40.016948
25/10/2018 09:34,201808,WESTERN EUROPE-EU,FRANCE,STANSTED,NIMES,6489,6489,0,6038,6038,0,7.469361
25/10/2018 09:34,201808,WESTERN EUROPE-EU,FRANCE,STANSTED,PERPIGNAN,7901,7901,0,13941,13941,0,-43.325443
25/10/2018 09:34,201808,WESTERN EUROPE-EU,FRANCE,STANSTED,POITIERS,6501,6501,0,7761,7761,0,-16.235021
25/10/2018 09:34,201808,WESTERN EUROPE-EU,FRANCE,STANSTED,STRASBOURG,3078,3078,0,3211,3211,0,-4.142012
25/10/2018 09:34,201808,WESTERN EUROPE-EU,FRANCE,STANSTED,TARBES-LOURDES INTERNATIONAL,7749,6428,1321,8103,7586,517,-4.368752
25/10/2018 09:34,201808,WESTERN EUROPE-EU,FRANCE,STANSTED,TOULOUSE (BLAGNAC),21063,21063,0,21050,21050,0,0.061758
25/10/2018 09:34,201808,WESTERN EUROPE-EU,FRANCE,STANSTED,TOURS,6056,6056,0,6475,6475,0,-6.471042
25/10/2018 09:34,201808,WESTERN EUROPE-EU,FRANCE,ABERDEEN,PARIS (CHARLES DE GAULLE),8170,8107,63,6910,6910,0,18.234443
25/10/2018 09:34,201808,WESTERN EUROPE-EU,FRANCE,BELFAST INTERNATIONAL,BORDEAUX,2703,2703,0,2696,2696,0,0.259644
25/10/2018 09:34,201808,WESTERN EUROPE-EU,FRANCE,BELFAST INTERNATIONAL,NICE,3891,3891,0,4259,4259,0,-8.640526
25/10/2018 09:34,201808,WESTERN EUROPE-EU,FRANCE,BELFAST INTERNATIONAL,PARIS (CHARLES DE GAULLE),9456,9456,0,8136,8136,0,16.224189
25/10/2018 09:34,201808,WESTERN EUROPE-EU,FRANCE,BIRMINGHAM,AVIGNON,1255,1255,0,1258,1258,0,-0.238474
25/10/2018 09:34,201808,WESTERN EUROPE-EU,FRANCE,BIRMINGHAM,BASTIA,580,580,0,513,513,0,13.060429
25/10/2018 09:34,201808,WESTERN EUROPE-EU,FRANCE,BIRMINGHAM,BERGERAC,3013,3013,0,3027,3027,0,-0.462504
25/10/2018 09:34,201808,WESTERN EUROPE-EU,FRANCE,BIRMINGHAM,BIARRITZ,1789,1789,0,1781,1781,0,0.449186
25/10/2018 09:34,201808,WESTERN EUROPE-EU,FRANCE,BIRMINGHAM,BORDEAUX,3288,3288,0,4726,4726,0,-30.427423
25/10/2018 09:34,201808,WESTERN EUROPE-EU,FRANCE,BIRMINGHAM,BREST,538,538,0,505,505,0,6.534653
25/10/2018 09:34,201808,WESTERN EUROPE-EU,FRANCE,BIRMINGHAM,LA ROCHELLE,1355,1355,0,1243,1243,0,9.010459
25/10/2018 09:34,201808,WESTERN EUROPE-EU,FRANCE,BIRMINGHAM,LIMOGES,0,0,0,1776,1776,0,-100
25/10/2018 09:34,201808,WESTERN EUROPE-EU,FRANCE,BIRMINGHAM,LYON,4215,4215,0,4698,4698,0,-10.280971
25/10/2018 09:34,201808,WESTERN EUROPE-EU,FRANCE,BIRMINGHAM,MARSEILLE,58,58,0,16,0,16,262.5
25/10/2018 09:34,201808,WESTERN EUROPE-EU,FRANCE,BIRMINGHAM,NANTES,2683,2683,0,2829,2829,0,-5.160834
25/10/2018 09:34,201808,WESTERN EUROPE-EU,FRANCE,BIRMINGHAM,NICE,0,0,0,3087,3087,0,-100
25/10/2018 09:34,201808,WESTERN EUROPE-EU,FRANCE,BIRMINGHAM,PARIS (CHARLES DE GAULLE),31033,31033,0,31264,31264,0,-0.738869
25/10/2018 09:34,201808,WESTERN EUROPE-EU,FRANCE,BIRMINGHAM,PARIS (ORLY),0,0,0,9173,9173,0,-100
25/10/2018 09:34,201808,WESTERN EUROPE-EU,FRANCE,BIRMINGHAM,PERPIGNAN,2892,2892,0,3145,3145,0,-8.044515
25/10/2018 09:34,201808,WESTERN EUROPE-EU,FRANCE,BIRMINGHAM,RENNES,0,0,0,2225,2225,0,-100
25/10/2018 09:34,201808,WESTERN EUROPE-EU,FRANCE,BIRMINGHAM,TARBES-LOURDES INTERNATIONAL,409,0,409,315,0,315,29.84127
25/10/2018 09:34,201808,WESTERN EUROPE-EU,FRANCE,BIRMINGHAM,TOULOUSE (BLAGNAC),0,0,0,4363,4363,0,-100
25/10/2018 09:34,201808,WESTERN EUROPE-EU,FRANCE,BRISTOL,BERGERAC,3006,3006,0,4974,4974,0,-39.565742
25/10/2018 09:34,201808,WESTERN EUROPE-EU,FRANCE,BRISTOL,BEZIERS,4961,4961,0,6061,6061,0,-18.14882
25/10/2018 09:34,201808,WESTERN EUROPE-EU,FRANCE,BRISTOL,BORDEAUX,7443,7443,0,6985,6985,0,6.556908
25/10/2018 09:34,201808,WESTERN EUROPE-EU,FRANCE,BRISTOL,BREST,0,0,0,161,161,0,-100
25/10/2018 09:34,201808,WESTERN EUROPE-EU,FRANCE,BRISTOL,FIGARI,0,0,0,228,0,228,-100
25/10/2018 09:34,201808,WESTERN EUROPE-EU,FRANCE,BRISTOL,LA ROCHELLE,2796,2796,0,2733,2733,0,2.305159
25/10/2018 09:34,201808,WESTERN EUROPE-EU,FRANCE,BRISTOL,LIMOGES,3261,3261,0,2954,2954,0,10.392688
25/10/2018 09:34,201808,WESTERN EUROPE-EU,FRANCE,BRISTOL,LYON,48,0,48,0,0,0,0
25/10/2018 09:34,201808,WESTERN EUROPE-EU,FRANCE,BRISTOL,MARSEILLE,3989,3989,0,4213,4213,0,-5.316876
25/10/2018 09:34,201808,WESTERN EUROPE-EU,FRANCE,BRISTOL,NANTES,4505,4505,0,3743,3743,0,20.358002
25/10/2018 09:34,201808,WESTERN EUROPE-EU,FRANCE,BRISTOL,NICE,14057,14057,0,13700,13700,0,2.605839
25/10/2018 09:34,201808,WESTERN EUROPE-EU,FRANCE,BRISTOL,PARIS (CHARLES DE GAULLE),12815,12815,0,12797,12797,0,0.140658
25/10/2018 09:34,201808,WESTERN EUROPE-EU,FRANCE,BRISTOL,TOULOUSE (BLAGNAC),11245,10834,411,10757,10367,390,4.536581
25/10/2018 09:34,201808,WESTERN EUROPE-EU,FRANCE,CARDIFF WALES,PARIS (CHARLES DE GAULLE),8390,8390,0,5842,5842,0,43.6152
25/10/2018 09:34,201808,WESTERN EUROPE-EU,FRANCE,DONCASTER SHEFFIELD,PARIS (CHARLES DE GAULLE),5470,5470,0,5029,5029,0,8.769139
25/10/2018 09:34,201808,WESTERN EUROPE-EU,FRANCE,EAST MIDLANDS INTERNATIONAL,BERGERAC,3216,3216,0,3161,3161,0,1.739956
25/10/2018 09:34,201808,WESTERN EUROPE-EU,FRANCE,EAST MIDLANDS INTERNATIONAL,CARCASSONNE,3226,3226,0,4504,4504,0,-28.374778
25/10/2018 09:34,201808,WESTERN EUROPE-EU,FRANCE,EAST MIDLANDS INTERNATIONAL,DINARD,4587,4587,0,6430,6430,0,-28.662519
25/10/2018 09:34,201808,WESTERN EUROPE-EU,FRANCE,EAST MIDLANDS INTERNATIONAL,LIMOGES,4654,4654,0,5027,5027,0,-7.419932
25/10/2018 09:34,201808,WESTERN EUROPE-EU,FRANCE,EDINBURGH,BERGERAC,552,552,0,542,542,0,1.845018
25/10/2018 09:34,201808,WESTERN EUROPE-EU,FRANCE,EDINBURGH,BEZIERS,3236,3236,0,3201,3201,0,1.093408
25/10/2018 09:34,201808,WESTERN EUROPE-EU,FRANCE,EDINBURGH,BORDEAUX,4624,4624,0,4984,4984,0,-7.223114
25/10/2018 09:34,201808,WESTERN EUROPE-EU,FRANCE,EDINBURGH,CARCASSONNE,2739,2739,0,0,0,0,0
25/10/2018 09:34,201808,WESTERN EUROPE-EU,FRANCE,EDINBURGH,LYON,2386,2386,0,2723,2723,0,-12.376056
25/10/2018 09:34,201808,WESTERN EUROPE-EU,FRANCE,EDINBURGH,MARSEILLE,3304,3304,0,2916,2916,0,13.305898
25/10/2018 09:34,201808,WESTERN EUROPE-EU,FRANCE,EDINBURGH,NANTES,3228,3228,0,0,0,0,0
25/10/2018 09:34,201808,WESTERN EUROPE-EU,FRANCE,EDINBURGH,NICE,7122,7122,0,7401,7401,0,-3.769761
25/10/2018 09:34,201808,WESTERN EUROPE-EU,FRANCE,EDINBURGH,PARIS (CHARLES DE GAULLE),35901,35901,0,32143,32143,0,11.691504
25/10/2018 09:34,201808,WESTERN EUROPE-EU,FRANCE,EDINBURGH,PARIS (ORLY),6108,6108,0,5918,5918,0,3.210544
25/10/2018 09:34,201808,WESTERN EUROPE-EU,FRANCE,EDINBURGH,POITIERS,3106,3106,0,3167,3167,0,-1.926113
25/10/2018 09:34,201808,WESTERN EUROPE-EU,FRANCE,EDINBURGH,TOULOUSE (BLAGNAC),3185,3185,0,0,0,0,0
25/10/2018 09:34,201808,WESTERN EUROPE-EU,FRANCE,EXETER,BERGERAC,588,588,0,572,572,0,2.797203
25/10/2018 09:34,201808,WESTERN EUROPE-EU,FRANCE,EXETER,PARIS (CHARLES DE GAULLE),4446,4446,0,3822,3822,0,16.326531
25/10/2018 09:34,201808,WESTERN EUROPE-EU,FRANCE,EXETER,RENNES,549,549,0,505,505,0,8.712871
25/10/2018 09:34,201808,WESTERN EUROPE-EU,FRANCE,GLASGOW,BORDEAUX,4625,4625,0,2626,2626,0,76.123382
25/10/2018 09:34,201808,WESTERN EUROPE-EU,FRANCE,GLASGOW,CARCASSONNE,3168,3168,0,3189,3189,0,-0.658514
25/10/2018 09:34,201808,WESTERN EUROPE-EU,FRANCE,GLASGOW,MARSEILLE,2691,2691,0,2902,2902,0,-7.270848
25/10/2018 09:34,201808,WESTERN EUROPE-EU,FRANCE,GLASGOW,PARIS (CHARLES DE GAULLE),10813,10813,0,15035,15035,0,-28.081144
25/10/2018 09:34,201808,WESTERN EUROPE-EU,FRANCE,GUERNSEY,DINARD,23,23,0,171,171,0,-86.549708
25/10/2018 09:34,201808,WESTERN EUROPE-EU,FRANCE,LEEDS BRADFORD,BERGERAC,1108,1108,0,1060,1060,0,4.528302
25/10/2018 09:34,201808,WESTERN EUROPE-EU,FRANCE,LEEDS BRADFORD,LA ROCHELLE,1106,1106,0,0,0,0,0
25/10/2018 09:34,201808,WESTERN EUROPE-EU,FRANCE,LEEDS BRADFORD,LIMOGES,4478,4478,0,3198,3198,0,40.025016
25/10/2018 09:34,201808,WESTERN EUROPE-EU,FRANCE,LEEDS BRADFORD,MONTPELLIER,0,0,0,3121,3121,0,-100
25/10/2018 09:34,201808,WESTERN EUROPE-EU,FRANCE,LEEDS BRADFORD,NICE,3697,3697,0,3448,3448,0,7.221578
25/10/2018 09:34,201808,WESTERN EUROPE-EU,FRANCE,LEEDS BRADFORD,PARIS (CHARLES DE GAULLE),5219,5219,0,4823,4823,0,8.210657
25/10/2018 09:34,201808,WESTERN EUROPE-EU,FRANCE,LIVERPOOL (JOHN LENNON),BERGERAC,2916,2916,0,6097,6097,0,-52.1732
25/10/2018 09:34,201808,WESTERN EUROPE-EU,FRANCE,LIVERPOOL (JOHN LENNON),BORDEAUX,5443,5443,0,5533,5533,0,-1.626604
25/10/2018 09:34,201808,WESTERN EUROPE-EU,FRANCE,LIVERPOOL (JOHN LENNON),NANTES,3770,3770,0,2611,2611,0,44.389123
25/10/2018 09:34,201808,WESTERN EUROPE-EU,FRANCE,LIVERPOOL (JOHN LENNON),NICE,12973,12973,0,11337,11337,0,14.430625
25/10/2018 09:34,201808,WESTERN EUROPE-EU,FRANCE,LIVERPOOL (JOHN LENNON),NIMES,0,0,0,3112,3112,0,-100
25/10/2018 09:34,201808,WESTERN EUROPE-EU,FRANCE,LIVERPOOL (JOHN LENNON),PARIS (CHARLES DE GAULLE),7531,7531,0,5036,5036,0,49.543288
25/10/2018 09:34,201808,WESTERN EUROPE-EU,FRANCE,LIVERPOOL (JOHN LENNON),PERPIGNAN,218,0,218,0,0,0,0
25/10/2018 09:34,201808,WESTERN EUROPE-EU,FRANCE,MANCHESTER,BASTIA,1383,1383,0,1123,1123,0,23.152271
25/10/2018 09:34,201808,WESTERN EUROPE-EU,FRANCE,MANCHESTER,BEAUVAIS,0,0,0,4524,4524,0,-100
25/10/2018 09:34,201808,WESTERN EUROPE-EU,FRANCE,MANCHESTER,BERGERAC,1418,1418,0,1284,1284,0,10.436137
25/10/2018 09:34,201808,WESTERN EUROPE-EU,FRANCE,MANCHESTER,BEZIERS,2918,2918,0,5047,5047,0,-42.183475
25/10/2018 09:34,201808,WESTERN EUROPE-EU,FRANCE,MANCHESTER,CALVI,390,0,390,530,0,530,-26.415094
25/10/2018 09:34,201808,WESTERN EUROPE-EU,FRANCE,MANCHESTER,CARCASSONNE,4678,4678,0,4676,4676,0,0.042772
25/10/2018 09:34,201808,WESTERN EUROPE-EU,FRANCE,MANCHESTER,LA ROCHELLE,1259,1259,0,592,592,0,112.668919
25/10/2018 09:34,201808,WESTERN EUROPE-EU,FRANCE,MANCHESTER,LIMOGES,4699,4699,0,6538,6538,0,-28.127868
25/10/2018 09:34,201808,WESTERN EUROPE-EU,FRANCE,MANCHESTER,LYON,3629,3629,0,4746,4746,0,-23.535609
25/10/2018 09:34,201808,WESTERN EUROPE-EU,FRANCE,MANCHESTER,MARSEILLE,2421,2421,0,2916,2916,0,-16.975309
25/10/2018 09:34,201808,WESTERN EUROPE-EU,FRANCE,MANCHESTER,NANTES,1957,1957,0,3071,3071,0,-36.274829
25/10/2018 09:34,201808,WESTERN EUROPE-EU,FRANCE,MANCHESTER,NICE,9319,9319,0,8274,8274,0,12.629925
25/10/2018 09:34,201808,WESTERN EUROPE-EU,FRANCE,MANCHESTER,PARIS (CHARLES DE GAULLE),52310,52310,0,56293,56293,0,-7.07548
25/10/2018 09:34,201808,WESTERN EUROPE-EU,FRANCE,MANCHESTER,PERPIGNAN,0,0,0,78,0,78,-100
25/10/2018 09:34,201808,WESTERN EUROPE-EU,FRANCE,MANCHESTER,RENNES,1169,1169,0,599,599,0,95.158598
25/10/2018 09:34,201808,WESTERN EUROPE-EU,FRANCE,MANCHESTER,TARBES-LOURDES INTERNATIONAL,723,0,723,1027,0,1027,-29.600779
25/10/2018 09:34,201808,WESTERN EUROPE-EU,FRANCE,MANCHESTER,TOULOUSE (BLAGNAC),5212,5212,0,7863,7863,0,-33.714867
25/10/2018 09:34,201808,WESTERN EUROPE-EU,FRANCE,NEWCASTLE,NICE,5300,5300,0,5555,5555,0,-4.590459
25/10/2018 09:34,201808,WESTERN EUROPE-EU,FRANCE,NEWCASTLE,PARIS (CHARLES DE GAULLE),12627,12627,0,13140,13140,0,-3.90411
25/10/2018 09:34,201808,WESTERN EUROPE-EU,FRANCE,NEWCASTLE,TARBES-LOURDES INTERNATIONAL,307,0,307,329,329,0,-6.68693
25/10/2018 09:34,201808,WESTERN EUROPE-EU,FRANCE,PRESTWICK,PARIS (CHARLES DE GAULLE),0,0,0,1,1,0,-100
25/10/2018 09:34,201808,WESTERN EUROPE-EU,FRANCE,SOUTHAMPTON,AVIGNON,1579,1579,0,2451,2451,0,-35.577315
25/10/2018 09:34,201808,WESTERN EUROPE-EU,FRANCE,SOUTHAMPTON,BASTIA,426,426,0,475,475,0,-10.315789
25/10/2018 09:34,201808,WESTERN EUROPE-EU,FRANCE,SOUTHAMPTON,BERGERAC,4705,4705,0,4893,4893,0,-3.842224
25/10/2018 09:34,201808,WESTERN EUROPE-EU,FRANCE,SOUTHAMPTON,BIARRITZ,562,562,0,1686,1686,0,-66.666667
25/10/2018 09:34,201808,WESTERN EUROPE-EU,FRANCE,SOUTHAMPTON,BORDEAUX,2438,2438,0,2797,2797,0,-12.835181
25/10/2018 09:34,201808,WESTERN EUROPE-EU,FRANCE,SOUTHAMPTON,BREST,442,442,0,1073,1073,0,-58.807083
25/10/2018 09:34,201808,WESTERN EUROPE-EU,FRANCE,SOUTHAMPTON,LA ROCHELLE,2326,2326,0,4482,4482,0,-48.103525
25/10/2018 09:34,201808,WESTERN EUROPE-EU,FRANCE,SOUTHAMPTON,LIMOGES,1933,1933,0,3478,3478,0,-44.422082
25/10/2018 09:34,201808,WESTERN EUROPE-EU,FRANCE,SOUTHAMPTON,LYON,0,0,0,2436,2436,0,-100
25/10/2018 09:34,201808,WESTERN EUROPE-EU,FRANCE,SOUTHAMPTON,NANTES,2456,2456,0,2803,2803,0,-12.379593
25/10/2018 09:34,201808,WESTERN EUROPE-EU,FRANCE,SOUTHAMPTON,PARIS (CHARLES DE GAULLE),7493,7493,0,6373,6373,0,17.574141
25/10/2018 09:34,201808,WESTERN EUROPE-EU,FRANCE,SOUTHAMPTON,PERPIGNAN,558,558,0,527,527,0,5.882353
25/10/2018 09:34,201808,WESTERN EUROPE-EU,FRANCE,SOUTHAMPTON,RENNES,1855,1855,0,3522,3522,0,-47.331062
25/10/2018 09:34,201808,WESTERN EUROPE-EU,FRANCE,SOUTHAMPTON,RODEZ,1049,1049,0,326,326,0,221.779141
25/10/2018 09:34,201808,WESTERN EUROPE-EU,FRANCE,SOUTHAMPTON,TARBES-LOURDES INTERNATIONAL,0,0,0,328,180,148,-100
25/10/2018 09:34,201808,WESTERN EUROPE-EU,FRANCE,SOUTHAMPTON,TOULON / HYERES,999,999,0,2161,2161,0,-53.771402
25/10/2018 09:34,201808,WESTERN EUROPE-EU,GERMANY,GATWICK,BERLIN (SCHONEFELD),18087,18087,0,36025,36025,0,-49.793199
25/10/2018 09:34,201808,WESTERN EUROPE-EU,GERMANY,GATWICK,BERLIN (TEGEL),16668,16668,0,0,0,0,0
25/10/2018 09:34,201808,WESTERN EUROPE-EU,GERMANY,GATWICK,HAMBURG,12537,12537,0,7836,7836,0,59.992343
25/10/2018 09:34,201808,WESTERN EUROPE-EU,GERMANY,GATWICK,MUNICH,16560,16560,0,17392,17392,0,-4.783809
25/10/2018 09:34,201808,WESTERN EUROPE-EU,GERMANY,GATWICK,STUTTGART,7866,7866,0,9233,9233,0,-14.805589
25/10/2018 09:34,201808,WESTERN EUROPE-EU,GERMANY,HEATHROW,BERLIN (TEGEL),68734,68734,0,66976,66976,0,2.624821
25/10/2018 09:34,201808,WESTERN EUROPE-EU,GERMANY,HEATHROW,COLOGNE BONN,18348,18348,0,14938,14938,0,22.827688
25/10/2018 09:34,201808,WESTERN EUROPE-EU,GERMANY,HEATHROW,DUSSELDORF,64997,64997,0,65040,65040,0,-0.066113
25/10/2018 09:34,201808,WESTERN EUROPE-EU,GERMANY,HEATHROW,FRANKFURT MAIN,159734,159734,0,149878,149878,0,6.576015
25/10/2018 09:34,201808,WESTERN EUROPE-EU,GERMANY,HEATHROW,HAMBURG,51229,51229,0,54672,54672,0,-6.297556
25/10/2018 09:34,201808,WESTERN EUROPE-EU,GERMANY,HEATHROW,HANOVER,17813,17813,0,14272,14272,0,24.810818
25/10/2018 09:34,201808,WESTERN EUROPE-EU,GERMANY,HEATHROW,MUNICH,112094,112094,0,107000,107000,0,4.760748
25/10/2018 09:34,201808,WESTERN EUROPE-EU,GERMANY,HEATHROW,STUTTGART,34234,34234,0,29799,29799,0,14.88305
25/10/2018 09:34,201808,WESTERN EUROPE-EU,GERMANY,LONDON CITY,BERLIN (TEGEL),11910,11910,0,9344,9344,0,27.461473
25/10/2018 09:34,201808,WESTERN EUROPE-EU,GERMANY,LONDON CITY,DUSSELDORF,13761,13761,0,13008,13008,0,5.788745
25/10/2018 09:34,201808,WESTERN EUROPE-EU,GERMANY,LONDON CITY,FRANKFURT MAIN,18371,18371,0,18250,18250,0,0.663014
25/10/2018 09:34,201808,WESTERN EUROPE-EU,GERMANY,LUTON,BERLIN (SCHONEFELD),15119,15119,0,15974,15974,0,-5.352448
25/10/2018 09:34,201808,WESTERN EUROPE-EU,GERMANY,LUTON,DORTMUND,7810,7810,0,7808,7808,0,0.025615
25/10/2018 09:34,201808,WESTERN EUROPE-EU,GERMANY,LUTON,HAMBURG,0,0,0,8461,8461,0,-100
25/10/2018 09:34,201808,WESTERN EUROPE-EU,GERMANY,LUTON,MUNICH,7715,7715,0,8947,8947,0,-13.769979
25/10/2018 09:34,201808,WESTERN EUROPE-EU,GERMANY,LUTON,NIEDERRHEIN,0,0,0,2983,2983,0,-100
25/10/2018 09:34,201808,WESTERN EUROPE-EU,GERMANY,SOUTHEND,COLOGNE BONN,3136,3136,0,3407,3407,0,-7.954212
25/10/2018 09:34,201808,WESTERN EUROPE-EU,GERMANY,STANSTED,BERLIN (SCHONEFELD),39857,39857,0,37070,37070,0,7.518209
25/10/2018 09:34,201808,WESTERN EUROPE-EU,GERMANY,STANSTED,BERLIN (TEGEL),785,785,0,631,631,0,24.405705
25/10/2018 09:34,201808,WESTERN EUROPE-EU,GERMANY,STANSTED,BREMEN,16725,16725,0,10749,10749,0,55.595869
25/10/2018 09:34,201808,WESTERN EUROPE-EU,GERMANY,STANSTED,COLOGNE BONN,44479,44479,0,35510,35510,0,25.257674
25/10/2018 09:34,201808,WESTERN EUROPE-EU,GERMANY,STANSTED,DORTMUND,10762,10762,0,11003,11003,0,-2.190312
25/10/2018 09:34,201808,WESTERN EUROPE-EU,GERMANY,STANSTED,FRANKFURT MAIN,19632,19632,0,0,0,0,0
25/10/2018 09:34,201808,WESTERN EUROPE-EU,GERMANY,STANSTED,HAHN,9847,9847,0,10662,10662,0,-7.643969
25/10/2018 09:34,201808,WESTERN EUROPE-EU,GERMANY,STANSTED,HAMBURG,20426,20426,0,21333,21333,0,-4.251629
25/10/2018 09:34,201808,WESTERN EUROPE-EU,GERMANY,STANSTED,HANOVER,7201,7201,0,4878,4878,0,47.621976
25/10/2018 09:34,201808,WESTERN EUROPE-EU,GERMANY,STANSTED,KARLSRUHE/BADEN BADEN,11107,11107,0,11280,11280,0,-1.533688
25/10/2018 09:34,201808,WESTERN EUROPE-EU,GERMANY,STANSTED,LEIPZIG,4080,4080,0,4845,4845,0,-15.789474
25/10/2018 09:34,201808,WESTERN EUROPE-EU,GERMANY,STANSTED,MEMMINGEN ALLGAU,7636,7636,0,7878,7878,0,-3.071846
25/10/2018 09:34,201808,WESTERN EUROPE-EU,GERMANY,STANSTED,MUNICH,15310,15310,0,16103,16103,0,-4.924548
25/10/2018 09:34,201808,WESTERN EUROPE-EU,GERMANY,STANSTED,NIEDERRHEIN,4242,4242,0,0,0,0,0
25/10/2018 09:34,201808,WESTERN EUROPE-EU,GERMANY,STANSTED,NUREMBERG,17898,17898,0,17391,17391,0,2.915301
25/10/2018 09:34,201808,WESTERN EUROPE-EU,GERMANY,STANSTED,STUTTGART,0,0,0,7525,7525,0,-100
25/10/2018 09:34,201808,WESTERN EUROPE-EU,GERMANY,ABERDEEN,FRANKFURT MAIN,0,0,0,10340,10340,0,-100
25/10/2018 09:34,201808,WESTERN EUROPE-EU,GERMANY,BELFAST INTERNATIONAL,BERLIN (SCHONEFELD),3166,3166,0,4815,4815,0,-34.247144
25/10/2018 09:34,201808,WESTERN EUROPE-EU,GERMANY,BIRMINGHAM,BERLIN (TEGEL),6415,6415,0,7970,7970,0,-19.510665
25/10/2018 09:34,201808,WESTERN EUROPE-EU,GERMANY,BIRMINGHAM,DUSSELDORF,23771,23771,0,21500,21500,0,10.562791
25/10/2018 09:34,201808,WESTERN EUROPE-EU,GERMANY,BIRMINGHAM,FRANKFURT MAIN,30900,30900,0,29988,29988,0,3.041216
25/10/2018 09:34,201808,WESTERN EUROPE-EU,GERMANY,BIRMINGHAM,HAMBURG,3667,3667,0,1945,1945,0,88.534704
25/10/2018 09:34,201808,WESTERN EUROPE-EU,GERMANY,BIRMINGHAM,HANOVER,3550,3550,0,3615,3615,0,-1.798064
25/10/2018 09:34,201808,WESTERN EUROPE-EU,GERMANY,BIRMINGHAM,MUNICH,18976,18976,0,17587,17587,0,7.897879
25/10/2018 09:34,201808,WESTERN EUROPE-EU,GERMANY,BIRMINGHAM,NIEDERRHEIN,0,0,0,46,0,46,-100
25/10/2018 09:34,201808,WESTERN EUROPE-EU,GERMANY,BIRMINGHAM,NUREMBERG,0,0,0,687,687,0,-100
25/10/2018 09:34,201808,WESTERN EUROPE-EU,GERMANY,BIRMINGHAM,STUTTGART,3904,3904,0,4625,4625,0,-15.589189
25/10/2018 09:34,201808,WESTERN EUROPE-EU,GERMANY,BOURNEMOUTH,MUNICH,0,0,0,53,0,53,-100
25/10/2018 09:34,201808,WESTERN EUROPE-EU,GERMANY,BRISTOL,BERLIN (SCHONEFELD),7791,7791,0,6594,6594,0,18.152866
25/10/2018 09:34,201808,WESTERN EUROPE-EU,GERMANY,BRISTOL,COLOGNE BONN,3705,3705,0,0,0,0,0
25/10/2018 09:34,201808,WESTERN EUROPE-EU,GERMANY,BRISTOL,DUSSELDORF,1245,1245,0,1450,1450,0,-14.137931
25/10/2018 09:34,201808,WESTERN EUROPE-EU,GERMANY,BRISTOL,FRANKFURT MAIN,5090,5090,0,4405,4405,0,15.550511
25/10/2018 09:34,201808,WESTERN EUROPE-EU,GERMANY,BRISTOL,HAMBURG,1005,1005,0,931,931,0,7.948443
25/10/2018 09:34,201808,WESTERN EUROPE-EU,GERMANY,BRISTOL,MUNICH,4500,4500,0,3990,3990,0,12.781955
25/10/2018 09:34,201808,WESTERN EUROPE-EU,GERMANY,CARDIFF WALES,BERLIN (TEGEL),1494,1494,0,2570,2570,0,-41.867704
25/10/2018 09:34,201808,WESTERN EUROPE-EU,GERMANY,CARDIFF WALES,DUSSELDORF,578,578,0,488,488,0,18.442623
25/10/2018 09:34,201808,WESTERN EUROPE-EU,GERMANY,CARDIFF WALES,MUNICH,1523,1523,0,2435,2435,0,-37.453799
25/10/2018 09:34,201808,WESTERN EUROPE-EU,GERMANY,DONCASTER SHEFFIELD,BERLIN (TEGEL),0,0,0,3092,3092,0,-100
25/10/2018 09:34,201808,WESTERN EUROPE-EU,GERMANY,DURHAM TEES VALLEY,FRIEDRICHSHAFEN,0,0,0,115,115,0,-100
25/10/2018 09:34,201808,WESTERN EUROPE-EU,GERMANY,EAST MIDLANDS INTERNATIONAL,BERLIN (SCHONEFELD),4818,4818,0,4564,4564,0,5.565294
25/10/2018 09:34,201808,WESTERN EUROPE-EU,GERMANY,EAST MIDLANDS INTERNATIONAL,DUSSELDORF,0,0,0,48,0,48,-100
25/10/2018 09:34,201808,WESTERN EUROPE-EU,GERMANY,EDINBURGH,BERLIN (SCHONEFELD),0,0,0,9435,9435,0,-100
25/10/2018 09:34,201808,WESTERN EUROPE-EU,GERMANY,EDINBURGH,BERLIN (TEGEL),11149,11149,0,0,0,0,0
25/10/2018 09:34,201808,WESTERN EUROPE-EU,GERMANY,EDINBURGH,BREMEN,0,0,0,4541,4541,0,-100
25/10/2018 09:34,201808,WESTERN EUROPE-EU,GERMANY,EDINBURGH,COLOGNE BONN,8133,8133,0,7377,7377,0,10.248068
25/10/2018 09:34,201808,WESTERN EUROPE-EU,GERMANY,EDINBURGH,DUSSELDORF,5292,5292,0,4646,4646,0,13.904434
25/10/2018 09:34,201808,WESTERN EUROPE-EU,GERMANY,EDINBURGH,FRANKFURT MAIN,22164,22014,150,21650,21650,0,2.374134
25/10/2018 09:34,201808,WESTERN EUROPE-EU,GERMANY,EDINBURGH,HAHN,4624,4624,0,5086,5086,0,-9.083759
25/10/2018 09:34,201808,WESTERN EUROPE-EU,GERMANY,EDINBURGH,HAMBURG,11509,11509,0,5459,5459,0,110.826159
25/10/2018 09:34,201808,WESTERN EUROPE-EU,GERMANY,EDINBURGH,KARLSRUHE/BADEN BADEN,3083,3083,0,0,0,0,0
25/10/2018 09:34,201808,WESTERN EUROPE-EU,GERMANY,EDINBURGH,MUNICH,15704,15704,0,17514,17514,0,-10.334589
25/10/2018 09:34,201808,WESTERN EUROPE-EU,GERMANY,EDINBURGH,NIEDERRHEIN,3209,3209,0,5074,5074,0,-36.756011
25/10/2018 09:34,201808,WESTERN EUROPE-EU,GERMANY,EDINBURGH,STUTTGART,2716,2716,0,2513,2513,0,8.077994
25/10/2018 09:34,201808,WESTERN EUROPE-EU,GERMANY,EXETER,FRIEDRICHSHAFEN,0,0,0,130,0,130,-100
25/10/2018 09:34,201808,WESTERN EUROPE-EU,GERMANY,GLASGOW,BERLIN (SCHONEFELD),15732,15732,0,18988,18988,0,-17.147672
25/10/2018 09:34,201808,WESTERN EUROPE-EU,GERMANY,GLASGOW,DUSSELDORF,3624,3624,0,6962,6962,0,-47.945993
25/10/2018 09:34,201808,WESTERN EUROPE-EU,GERMANY,GLASGOW,ERFURT,141,0,141,142,0,142,-0.704225
25/10/2018 09:34,201808,WESTERN EUROPE-EU,GERMANY,GLASGOW,FRANKFURT MAIN,9866,9866,0,0,0,0,0
25/10/2018 09:34,201808,WESTERN EUROPE-EU,GERMANY,GLASGOW,HAMBURG,61,0,61,0,0,0,0
25/10/2018 09:34,201808,WESTERN EUROPE-EU,GERMANY,GLASGOW,KARLSRUHE/BADEN BADEN,23,0,23,0,0,0,0
25/10/2018 09:34,201808,WESTERN EUROPE-EU,GERMANY,GLASGOW,MUNICH,5886,5739,147,973,973,0,504.933196
25/10/2018 09:34,201808,WESTERN EUROPE-EU,GERMANY,GUERNSEY,DUSSELDORF,689,689,0,194,194,0,255.154639
25/10/2018 09:34,201808,WESTERN EUROPE-EU,GERMANY,HUMBERSIDE,FRIEDRICHSHAFEN,0,0,0,146,0,146,-100
25/10/2018 09:34,201808,WESTERN EUROPE-EU,GERMANY,ISLE OF MAN,FRIEDRICHSHAFEN,0,0,0,75,0,75,-100
25/10/2018 09:34,201808,WESTERN EUROPE-EU,GERMANY,JERSEY,BERLIN (TEGEL),433,433,0,0,0,0,0
25/10/2018 09:34,201808,WESTERN EUROPE-EU,GERMANY,JERSEY,DUSSELDORF,1594,1383,211,1469,1469,0,8.50919
25/10/2018 09:34,201808,WESTERN EUROPE-EU,GERMANY,JERSEY,MUNICH,852,852,0,776,776,0,9.793814
25/10/2018 09:34,201808,WESTERN EUROPE-EU,GERMANY,LEEDS BRADFORD,BERLIN (SCHONEFELD),2108,2108,0,2010,2010,0,4.875622
25/10/2018 09:34,201808,WESTERN EUROPE-EU,GERMANY,LEEDS BRADFORD,DUSSELDORF,3466,3466,0,3608,3608,0,-3.935698
25/10/2018 09:34,201808,WESTERN EUROPE-EU,GERMANY,LIVERPOOL (JOHN LENNON),BERLIN (SCHONEFELD),5543,5543,0,4971,4971,0,11.506739
25/10/2018 09:34,201808,WESTERN EUROPE-EU,GERMANY,LIVERPOOL (JOHN LENNON),FRANKFURT MAIN,0,0,0,321,154,167,-100
25/10/2018 09:34,201808,WESTERN EUROPE-EU,GERMANY,LIVERPOOL (JOHN LENNON),MUNICH,0,0,0,56,0,56,-100
25/10/2018 09:34,201808,WESTERN EUROPE-EU,GERMANY,MANCHESTER,BADEN BADEN,0,0,0,353,0,353,-100
25/10/2018 09:34,201808,WESTERN EUROPE-EU,GERMANY,MANCHESTER,BERLIN (SCHONEFELD),29950,29950,0,28774,28774,0,4.087023
25/10/2018 09:34,201808,WESTERN EUROPE-EU,GERMANY,MANCHESTER,COLOGNE BONN,10132,10132,0,5325,5325,0,90.2723
25/10/2018 09:34,201808,WESTERN EUROPE-EU,GERMANY,MANCHESTER,DUSSELDORF,26388,26388,0,23715,23715,0,11.271347
25/10/2018 09:34,201808,WESTERN EUROPE-EU,GERMANY,MANCHESTER,FRANKFURT MAIN,49093,49093,0,34813,34530,283,41.01916
25/10/2018 09:34,201808,WESTERN EUROPE-EU,GERMANY,MANCHESTER,HAMBURG,19127,19127,0,30146,30146,0,-36.552113
25/10/2018 09:34,201808,WESTERN EUROPE-EU,GERMANY,MANCHESTER,HANOVER,3781,3781,0,4016,4016,0,-5.851594
25/10/2018 09:34,201808,WESTERN EUROPE-EU,GERMANY,MANCHESTER,MUNICH,31588,31474,114,31324,31324,0,0.842804
25/10/2018 09:34,201808,WESTERN EUROPE-EU,GERMANY,MANCHESTER,NUREMBERG,7410,7410,0,10832,10832,0,-31.591581
25/10/2018 09:34,201808,WESTERN EUROPE-EU,GERMANY,MANCHESTER,STUTTGART,7804,7804,0,9358,9358,0,-16.606112
25/10/2018 09:34,201808,WESTERN EUROPE-EU,GERMANY,NEWCASTLE,AUGSBURG/MUELHAUSEN,32,0,32,0,0,0,0
25/10/2018 09:34,201808,WESTERN EUROPE-EU,GERMANY,NEWCASTLE,BERLIN (SCHONEFELD),3913,3913,0,4219,4219,0,-7.252904
25/10/2018 09:34,201808,WESTERN EUROPE-EU,GERMANY,NEWCASTLE,BRAUNSCHWEIG,0,0,0,92,0,92,-100
25/10/2018 09:34,201808,WESTERN EUROPE-EU,GERMANY,NEWCASTLE,DUSSELDORF,3382,3382,0,4684,4684,0,-27.796755
25/10/2018 09:34,201808,WESTERN EUROPE-EU,GERMANY,NEWQUAY,BERLIN (TEGEL),376,376,0,0,0,0,0
25/10/2018 09:34,201808,WESTERN EUROPE-EU,GERMANY,NEWQUAY,DUSSELDORF,555,555,0,986,986,0,-43.711968
25/10/2018 09:34,201808,WESTERN EUROPE-EU,GERMANY,NEWQUAY,HAHN,2973,2973,0,2772,2772,0,7.251082
25/10/2018 09:34,201808,WESTERN EUROPE-EU,GERMANY,NEWQUAY,STUTTGART,505,505,0,0,0,0,0
25/10/2018 09:34,201808,WESTERN EUROPE-EU,GERMANY,SOUTHAMPTON,DUSSELDORF,3433,3339,94,2567,2567,0,33.735878
25/10/2018 09:34,201808,WESTERN EUROPE-EU,GERMANY,SOUTHAMPTON,MUNICH,0,0,0,2062,2062,0,-100
25/10/2018 09:34,201808,WESTERN EUROPE-EU,GIBRALTAR,GATWICK,GIBRALTAR,25420,25420,0,24329,24329,0,4.48436
25/10/2018 09:34,201808,WESTERN EUROPE-EU,GIBRALTAR,HEATHROW,GIBRALTAR,13513,13513,0,13078,13078,0,3.326197
25/10/2018 09:34,201808,WESTERN EUROPE-EU,GIBRALTAR,LUTON,GIBRALTAR,0,0,0,7130,7130,0,-100
25/10/2018 09:34,201808,WESTERN EUROPE-EU,GIBRALTAR,BIRMINGHAM,GIBRALTAR,0,0,0,5043,5043,0,-100
25/10/2018 09:34,201808,WESTERN EUROPE-EU,GIBRALTAR,BRISTOL,GIBRALTAR,4456,4456,0,4187,4187,0,6.424648
25/10/2018 09:34,201808,WESTERN EUROPE-EU,GIBRALTAR,MANCHESTER,GIBRALTAR,4743,4743,0,11241,11241,0,-57.806245
25/10/2018 09:34,201808,WESTERN EUROPE-EU,GREECE,GATWICK,ATHENS,20909,20909,0,20860,20860,0,0.234899
25/10/2018 09:34,201808,WESTERN EUROPE-EU,GREECE,GATWICK,CHANIA,21914,14028,7886,20899,15836,5063,4.856692
25/10/2018 09:34,201808,WESTERN EUROPE-EU,GREECE,GATWICK,CORFU,46468,30820,15648,46357,30003,16354,0.239446
25/10/2018 09:34,201808,WESTERN EUROPE-EU,GREECE,GATWICK,HERAKLION,46679,38062,8617,57276,41492,15784,-18.501641
25/10/2018 09:34,201808,WESTERN EUROPE-EU,GREECE,GATWICK,KALAMATA,7004,7004,0,6559,6559,0,6.784571
25/10/2018 09:34,201808,WESTERN EUROPE-EU,GREECE,GATWICK,KAVALA,5366,2130,3236,4560,1391,3169,17.675439
25/10/2018 09:34,201808,WESTERN EUROPE-EU,GREECE,GATWICK,KEFALLINIA,25014,18775,6239,26975,17540,9435,-7.269694
25/10/2018 09:34,201808,WESTERN EUROPE-EU,GREECE,GATWICK,KOS,24896,10909,13987,26631,10975,15656,-6.514964
25/10/2018 09:34,201808,WESTERN EUROPE-EU,GREECE,GATWICK,LEMNOS,180,0,180,300,0,300,-40
25/10/2018 09:34,201808,WESTERN EUROPE-EU,GREECE,GATWICK,MIKONOS,16799,16799,0,17355,17355,0,-3.203688
25/10/2018 09:34,201808,WESTERN EUROPE-EU,GREECE,GATWICK,MYTILINI,1727,1727,0,1731,1731,0,-0.23108
25/10/2018 09:34,201808,WESTERN EUROPE-EU,GREECE,GATWICK,PREVEZA,16047,8548,7499,21626,13076,8550,-25.797651
25/10/2018 09:34,201808,WESTERN EUROPE-EU,GREECE,GATWICK,RHODES,39386,26454,12932,40033,25339,14694,-1.616167
25/10/2018 09:34,201808,WESTERN EUROPE-EU,GREECE,GATWICK,SALONIKA,24862,21278,3584,22174,18258,3916,12.122305
25/10/2018 09:34,201808,WESTERN EUROPE-EU,GREECE,GATWICK,SAMOS,3011,0,3011,2714,0,2714,10.943257
25/10/2018 09:34,201808,WESTERN EUROPE-EU,GREECE,GATWICK,SKIATHOS,11025,5936,5089,10517,3791,6726,4.830275
25/10/2018 09:34,201808,WESTERN EUROPE-EU,GREECE,GATWICK,THIRA (SANTORINI),18840,17103,1737,21639,17733,3906,-12.934979
25/10/2018 09:34,201808,WESTERN EUROPE-EU,GREECE,GATWICK,VOLOS NEA ANCHILOS,3428,3015,413,650,0,650,427.384615
25/10/2018 09:34,201808,WESTERN EUROPE-EU,GREECE,GATWICK,ZAKINTHOS,32207,22577,9630,36934,22435,14499,-12.798505
25/10/2018 09:34,201808,WESTERN EUROPE-EU,GREECE,HEATHROW,ATHENS,72419,72419,0,73771,73257,514,-1.832698
25/10/2018 09:34,201808,WESTERN EUROPE-EU,GREECE,HEATHROW,CHANIA,2599,2599,0,2616,2616,0,-0.649847
25/10/2018 09:34,201808,WESTERN EUROPE-EU,GREECE,HEATHROW,CORFU,14632,13339,1293,10007,8728,1279,46.217648
25/10/2018 09:34,201808,WESTERN EUROPE-EU,GREECE,HEATHROW,KALAMATA,4139,2558,1581,4122,2539,1583,0.412421
25/10/2018 09:34,201808,WESTERN EUROPE-EU,GREECE,HEATHROW,KEFALLINIA,3389,2212,1177,0,0,0,0
25/10/2018 09:34,201808,WESTERN EUROPE-EU,GREECE,HEATHROW,KOS,1187,0,1187,2372,1202,1170,-49.957841
25/10/2018 09:34,201808,WESTERN EUROPE-EU,GREECE,HEATHROW,LEMNOS,3099,0,3099,3125,0,3125,-0.832
25/10/2018 09:34,201808,WESTERN EUROPE-EU,GREECE,HEATHROW,MIKONOS,8249,8249,0,4714,4714,0,74.989393
25/10/2018 09:34,201808,WESTERN EUROPE-EU,GREECE,HEATHROW,PREVEZA,3119,0,3119,3094,0,3094,0.808016
25/10/2018 09:34,201808,WESTERN EUROPE-EU,GREECE,HEATHROW,RHODES,2507,0,2507,2559,0,2559,-2.032044
25/10/2018 09:34,201808,WESTERN EUROPE-EU,GREECE,HEATHROW,THIRA (SANTORINI),7463,7463,0,5039,5039,0,48.104783
25/10/2018 09:34,201808,WESTERN EUROPE-EU,GREECE,HEATHROW,ZAKINTHOS,2530,2530,0,2520,2520,0,0.396825
25/10/2018 09:34,201808,WESTERN EUROPE-EU,GREECE,LONDON CITY,MIKONOS,3347,3347,0,3156,3156,0,6.051965
25/10/2018 09:34,201808,WESTERN EUROPE-EU,GREECE,LONDON CITY,SKIATHOS,1629,1629,0,1914,1914,0,-14.890282
25/10/2018 09:34,201808,WESTERN EUROPE-EU,GREECE,LONDON CITY,THIRA (SANTORINI),1236,1236,0,1276,1276,0,-3.134796
25/10/2018 09:34,201808,WESTERN EUROPE-EU,GREECE,LUTON,ATHENS,10923,10923,0,187,185,2,5741.176471
25/10/2018 09:34,201808,WESTERN EUROPE-EU,GREECE,LUTON,CORFU,11184,9316,1868,12104,9062,3042,-7.600793
25/10/2018 09:34,201808,WESTERN EUROPE-EU,GREECE,LUTON,HERAKLION,4673,4673,0,5698,4239,1459,-17.988768
25/10/2018 09:34,201808,WESTERN EUROPE-EU,GREECE,LUTON,KEFALLINIA,1478,0,1478,1865,0,1865,-20.75067
25/10/2018 09:34,201808,WESTERN EUROPE-EU,GREECE,LUTON,MIKONOS,3143,3143,0,3073,3073,0,2.277904
25/10/2018 09:34,201808,WESTERN EUROPE-EU,GREECE,LUTON,RHODES,6769,3184,3585,6250,2884,3366,8.304
25/10/2018 09:34,201808,WESTERN EUROPE-EU,GREECE,LUTON,SALONIKA,4177,4177,0,0,0,0,0
25/10/2018 09:34,201808,WESTERN EUROPE-EU,GREECE,LUTON,SKIATHOS,2125,0,2125,1379,0,1379,54.097172
25/10/2018 09:34,201808,WESTERN EUROPE-EU,GREECE,LUTON,ZAKINTHOS,1737,0,1737,1826,0,1826,-4.874042
25/10/2018 09:34,201808,WESTERN EUROPE-EU,GREECE,STANSTED,ATHENS,19251,19251,0,17335,17335,0,11.052783
25/10/2018 09:34,201808,WESTERN EUROPE-EU,GREECE,STANSTED,CHANIA,7856,7856,0,6040,6040,0,30.066225
25/10/2018 09:34,201808,WESTERN EUROPE-EU,GREECE,STANSTED,CORFU,19713,16379,3334,17892,14834,3058,10.177733
25/10/2018 09:34,201808,WESTERN EUROPE-EU,GREECE,STANSTED,HERAKLION,11612,8256,3356,9648,6300,3348,20.356551
25/10/2018 09:34,201808,WESTERN EUROPE-EU,GREECE,STANSTED,KEFALLINIA,9238,7741,1497,6193,4694,1499,49.168416
25/10/2018 09:34,201808,WESTERN EUROPE-EU,GREECE,STANSTED,KOS,8351,6723,1628,6897,5051,1846,21.08163
25/10/2018 09:34,201808,WESTERN EUROPE-EU,GREECE,STANSTED,MIKONOS,0,0,0,76,0,76,-100
25/10/2018 09:34,201808,WESTERN EUROPE-EU,GREECE,STANSTED,PREVEZA,998,0,998,0,0,0,0
25/10/2018 09:34,201808,WESTERN EUROPE-EU,GREECE,STANSTED,RHODES,20037,16754,3283,18473,15205,3268,8.46641
25/10/2018 09:34,201808,WESTERN EUROPE-EU,GREECE,STANSTED,SALONIKA,13593,13593,0,14331,14331,0,-5.149676
25/10/2018 09:34,201808,WESTERN EUROPE-EU,GREECE,STANSTED,SKIATHOS,2056,2056,0,1652,1652,0,24.455206
25/10/2018 09:34,201808,WESTERN EUROPE-EU,GREECE,STANSTED,ZAKINTHOS,16607,15112,1495,14599,12765,1834,13.754367
25/10/2018 09:34,201808,WESTERN EUROPE-EU,GREECE,ABERDEEN,CORFU,1683,0,1683,1121,0,1121,50.133809
25/10/2018 09:34,201808,WESTERN EUROPE-EU,GREECE,BELFAST INTERNATIONAL,CORFU,1842,0,1842,1479,0,1479,24.543611
25/10/2018 09:34,201808,WESTERN EUROPE-EU,GREECE,BELFAST INTERNATIONAL,HERAKLION,1484,1484,0,0,0,0,0
25/10/2018 09:34,201808,WESTERN EUROPE-EU,GREECE,BELFAST INTERNATIONAL,RHODES,3436,1623,1813,1869,0,1869,83.841627
25/10/2018 09:34,201808,WESTERN EUROPE-EU,GREECE,BELFAST INTERNATIONAL,ZAKINTHOS,1393,1393,0,1409,1409,0,-1.135557
25/10/2018 09:34,201808,WESTERN EUROPE-EU,GREECE,BIRMINGHAM,ATHENS,0,0,0,2844,2844,0,-100
25/10/2018 09:34,201808,WESTERN EUROPE-EU,GREECE,BIRMINGHAM,CHANIA,5529,4035,1494,4927,3115,1812,12.218388
25/10/2018 09:34,201808,WESTERN EUROPE-EU,GREECE,BIRMINGHAM,CORFU,18601,9360,9241,13355,6564,6791,39.281168
25/10/2018 09:34,201808,WESTERN EUROPE-EU,GREECE,BIRMINGHAM,HERAKLION,15054,10086,4968,16021,12393,3628,-6.035828
25/10/2018 09:34,201808,WESTERN EUROPE-EU,GREECE,BIRMINGHAM,KALAMATA,1652,1652,0,1388,1388,0,19.020173
25/10/2018 09:34,201808,WESTERN EUROPE-EU,GREECE,BIRMINGHAM,KAVALA,1413,0,1413,1409,0,1409,0.283889
25/10/2018 09:34,201808,WESTERN EUROPE-EU,GREECE,BIRMINGHAM,KEFALLINIA,5990,1648,4342,6914,2208,4706,-13.364189
25/10/2018 09:34,201808,WESTERN EUROPE-EU,GREECE,BIRMINGHAM,KOS,10511,6992,3519,7316,3801,3515,43.671405
25/10/2018 09:34,201808,WESTERN EUROPE-EU,GREECE,BIRMINGHAM,MYTILINI,1691,1691,0,1721,1721,0,-1.743173
25/10/2018 09:34,201808,WESTERN EUROPE-EU,GREECE,BIRMINGHAM,PREVEZA,595,0,595,2000,1390,610,-70.25
25/10/2018 09:34,201808,WESTERN EUROPE-EU,GREECE,BIRMINGHAM,RHODES,17864,10550,7314,14535,8826,5709,22.903337
25/10/2018 09:34,201808,WESTERN EUROPE-EU,GREECE,BIRMINGHAM,SALONIKA,3088,3088,0,0,0,0,0
25/10/2018 09:34,201808,WESTERN EUROPE-EU,GREECE,BIRMINGHAM,SKIATHOS,3844,0,3844,3815,0,3815,0.760157
25/10/2018 09:34,201808,WESTERN EUROPE-EU,GREECE,BIRMINGHAM,THIRA (SANTORINI),1661,197,1464,2020,220,1800,-17.772277
25/10/2018 09:34,201808,WESTERN EUROPE-EU,GREECE,BIRMINGHAM,ZAKINTHOS,19258,14214,5044,12754,9112,3642,50.995766
25/10/2018 09:34,201808,WESTERN EUROPE-EU,GREECE,BOURNEMOUTH,CORFU,1869,0,1869,1469,0,1469,27.229408
25/10/2018 09:34,201808,WESTERN EUROPE-EU,GREECE,BOURNEMOUTH,RHODES,1294,0,1294,1480,0,1480,-12.567568
25/10/2018 09:34,201808,WESTERN EUROPE-EU,GREECE,BRISTOL,ATHENS,3185,3185,0,0,0,0,0
25/10/2018 09:34,201808,WESTERN EUROPE-EU,GREECE,BRISTOL,CHANIA,5025,3175,1850,6304,4483,1821,-20.288706
25/10/2018 09:34,201808,WESTERN EUROPE-EU,GREECE,BRISTOL,CORFU,14556,8781,5775,11992,8519,3473,21.380921
25/10/2018 09:34,201808,WESTERN EUROPE-EU,GREECE,BRISTOL,HERAKLION,8385,4770,3615,8962,5289,3673,-6.438295
25/10/2018 09:34,201808,WESTERN EUROPE-EU,GREECE,BRISTOL,KEFALLINIA,6404,4698,1706,6118,4372,1746,4.67473
25/10/2018 09:34,201808,WESTERN EUROPE-EU,GREECE,BRISTOL,KOS,4608,1590,3018,2174,0,2174,111.959522
25/10/2018 09:34,201808,WESTERN EUROPE-EU,GREECE,BRISTOL,PREVEZA,1233,1233,0,0,0,0,0
25/10/2018 09:34,201808,WESTERN EUROPE-EU,GREECE,BRISTOL,RHODES,7777,2055,5722,5971,2043,3928,30.24619
25/10/2018 09:34,201808,WESTERN EUROPE-EU,GREECE,BRISTOL,SKIATHOS,3292,2045,1247,1975,1975,0,66.683544
25/10/2018 09:34,201808,WESTERN EUROPE-EU,GREECE,BRISTOL,THIRA (SANTORINI),1453,0,1453,1852,0,1852,-21.544276
25/10/2018 09:34,201808,WESTERN EUROPE-EU,GREECE,BRISTOL,ZAKINTHOS,13926,8313,5613,10977,7135,3842,26.865264
25/10/2018 09:34,201808,WESTERN EUROPE-EU,GREECE,CARDIFF WALES,CHANIA,184,0,184,0,0,0,0
25/10/2018 09:34,201808,WESTERN EUROPE-EU,GREECE,CARDIFF WALES,CORFU,1863,0,1863,1502,0,1502,24.034621
25/10/2018 09:34,201808,WESTERN EUROPE-EU,GREECE,CARDIFF WALES,HERAKLION,1305,0,1305,1807,0,1807,-27.780852
25/10/2018 09:34,201808,WESTERN EUROPE-EU,GREECE,CARDIFF WALES,KEFALLINIA,1471,0,1471,1803,0,1803,-18.413755
25/10/2018 09:34,201808,WESTERN EUROPE-EU,GREECE,CARDIFF WALES,KOS,1355,0,1355,1459,0,1459,-7.12817
25/10/2018 09:34,201808,WESTERN EUROPE-EU,GREECE,CARDIFF WALES,RHODES,3540,0,3540,3542,0,3542,-0.056465
25/10/2018 09:34,201808,WESTERN EUROPE-EU,GREECE,CARDIFF WALES,ZAKINTHOS,4475,0,4475,4411,0,4411,1.450918
25/10/2018 09:34,201808,WESTERN EUROPE-EU,GREECE,DONCASTER SHEFFIELD,CORFU,3351,0,3351,3054,0,3054,9.724951
25/10/2018 09:34,201808,WESTERN EUROPE-EU,GREECE,DONCASTER SHEFFIELD,HERAKLION,1632,0,1632,1878,0,1878,-13.099042
25/10/2018 09:34,201808,WESTERN EUROPE-EU,GREECE,DONCASTER SHEFFIELD,KEFALLINIA,1717,0,1717,0,0,0,0
25/10/2018 09:34,201808,WESTERN EUROPE-EU,GREECE,DONCASTER SHEFFIELD,RHODES,1481,0,1481,1895,0,1895,-21.846966
25/10/2018 09:34,201808,WESTERN EUROPE-EU,GREECE,DONCASTER SHEFFIELD,ZAKINTHOS,1936,0,1936,1515,0,1515,27.788779
25/10/2018 09:34,201808,WESTERN EUROPE-EU,GREECE,EAST MIDLANDS INTERNATIONAL,CHANIA,1430,1430,0,4262,4262,0,-66.447677
25/10/2018 09:34,201808,WESTERN EUROPE-EU,GREECE,EAST MIDLANDS INTERNATIONAL,CORFU,15195,11927,3268,11440,8329,3111,32.823427
25/10/2018 09:34,201808,WESTERN EUROPE-EU,GREECE,EAST MIDLANDS INTERNATIONAL,HERAKLION,9558,4782,4776,8438,5124,3314,13.273288
25/10/2018 09:34,201808,WESTERN EUROPE-EU,GREECE,EAST MIDLANDS INTERNATIONAL,KAVALA,1031,1031,0,805,805,0,28.074534
25/10/2018 09:34,201808,WESTERN EUROPE-EU,GREECE,EAST MIDLANDS INTERNATIONAL,KEFALLINIA,3459,1746,1713,3120,1291,1829,10.865385
25/10/2018 09:34,201808,WESTERN EUROPE-EU,GREECE,EAST MIDLANDS INTERNATIONAL,KOS,4827,1557,3270,5113,1824,3289,-5.593585
25/10/2018 09:34,201808,WESTERN EUROPE-EU,GREECE,EAST MIDLANDS INTERNATIONAL,RHODES,11463,6819,4644,10114,6812,3302,13.337947
25/10/2018 09:34,201808,WESTERN EUROPE-EU,GREECE,EAST MIDLANDS INTERNATIONAL,SALONIKA,3190,1717,1473,2855,1380,1475,11.7338
25/10/2018 09:34,201808,WESTERN EUROPE-EU,GREECE,EAST MIDLANDS INTERNATIONAL,SKIATHOS,1066,1066,0,834,834,0,27.817746
25/10/2018 09:34,201808,WESTERN EUROPE-EU,GREECE,EAST MIDLANDS INTERNATIONAL,ZAKINTHOS,15614,10867,4747,12863,8159,4704,21.386924
25/10/2018 09:34,201808,WESTERN EUROPE-EU,GREECE,EDINBURGH,ATHENS,5924,5924,0,5728,5728,0,3.421788
25/10/2018 09:34,201808,WESTERN EUROPE-EU,GREECE,EDINBURGH,CORFU,3179,1396,1783,4506,3065,1441,-29.449623
25/10/2018 09:34,201808,WESTERN EUROPE-EU,GREECE,EDINBURGH,HERAKLION,6344,6344,0,6403,6403,0,-0.921443
25/10/2018 09:34,201808,WESTERN EUROPE-EU,GREECE,EDINBURGH,KEFALLINIA,1409,1409,0,1458,1458,0,-3.360768
25/10/2018 09:34,201808,WESTERN EUROPE-EU,GREECE,EDINBURGH,KOS,1770,1770,0,0,0,0,0
25/10/2018 09:34,201808,WESTERN EUROPE-EU,GREECE,EDINBURGH,RHODES,2901,1460,1441,2910,1444,1466,-0.309278
25/10/2018 09:34,201808,WESTERN EUROPE-EU,GREECE,EDINBURGH,SALONIKA,1161,1161,0,1424,1424,0,-18.469101
25/10/2018 09:34,201808,WESTERN EUROPE-EU,GREECE,EDINBURGH,ZAKINTHOS,2508,2508,0,2436,2436,0,2.955665
25/10/2018 09:34,201808,WESTERN EUROPE-EU,GREECE,EXETER,CORFU,1851,0,1851,1461,0,1461,26.694045
25/10/2018 09:34,201808,WESTERN EUROPE-EU,GREECE,EXETER,RHODES,1775,0,1775,1872,0,1872,-5.181624
25/10/2018 09:34,201808,WESTERN EUROPE-EU,GREECE,GLASGOW,ATHENS,275,0,275,0,0,0,0
25/10/2018 09:34,201808,WESTERN EUROPE-EU,GREECE,GLASGOW,CHANIA,1702,1702,0,1686,1686,0,0.948992
25/10/2018 09:34,201808,WESTERN EUROPE-EU,GREECE,GLASGOW,CORFU,5520,3652,1868,5228,3585,1643,5.58531
25/10/2018 09:34,201808,WESTERN EUROPE-EU,GREECE,GLASGOW,HERAKLION,10733,9022,1711,10247,8145,2102,4.742852
25/10/2018 09:34,201808,WESTERN EUROPE-EU,GREECE,GLASGOW,KEFALLINIA,1712,1712,0,0,0,0,0
25/10/2018 09:34,201808,WESTERN EUROPE-EU,GREECE,GLASGOW,KOS,4423,4423,0,3162,3162,0,39.879823
25/10/2018 09:34,201808,WESTERN EUROPE-EU,GREECE,GLASGOW,RHODES,5175,5175,0,5673,3683,1990,-8.778424
25/10/2018 09:34,201808,WESTERN EUROPE-EU,GREECE,GLASGOW,SALONIKA,1361,1361,0,0,0,0,0
25/10/2018 09:34,201808,WESTERN EUROPE-EU,GREECE,GLASGOW,ZAKINTHOS,7118,5419,1699,6654,5228,1426,6.973249
25/10/2018 09:34,201808,WESTERN EUROPE-EU,GREECE,LEEDS BRADFORD,CHANIA,2838,2838,0,3105,3105,0,-8.599034
25/10/2018 09:34,201808,WESTERN EUROPE-EU,GREECE,LEEDS BRADFORD,CORFU,9839,7008,2831,6651,5205,1446,47.932642
25/10/2018 09:34,201808,WESTERN EUROPE-EU,GREECE,LEEDS BRADFORD,HERAKLION,7024,6835,189,7353,7353,0,-4.474364
25/10/2018 09:34,201808,WESTERN EUROPE-EU,GREECE,LEEDS BRADFORD,KEFALLINIA,3274,3274,0,1803,1803,0,81.586245
25/10/2018 09:34,201808,WESTERN EUROPE-EU,GREECE,LEEDS BRADFORD,KOS,4724,4724,0,1829,1829,0,158.283215
25/10/2018 09:34,201808,WESTERN EUROPE-EU,GREECE,LEEDS BRADFORD,RHODES,6352,4900,1452,6400,4937,1463,-0.75
25/10/2018 09:34,201808,WESTERN EUROPE-EU,GREECE,LEEDS BRADFORD,SALONIKA,2525,2525,0,1326,1326,0,90.422323
25/10/2018 09:34,201808,WESTERN EUROPE-EU,GREECE,LEEDS BRADFORD,ZAKINTHOS,4063,4063,0,4946,4946,0,-17.85281
25/10/2018 09:34,201808,WESTERN EUROPE-EU,GREECE,LIVERPOOL (JOHN LENNON),KAVALA,0,0,0,218,218,0,-100
25/10/2018 09:34,201808,WESTERN EUROPE-EU,GREECE,LIVERPOOL (JOHN LENNON),RHODES,3096,3096,0,5981,5981,0,-48.236081
25/10/2018 09:34,201808,WESTERN EUROPE-EU,GREECE,LIVERPOOL (JOHN LENNON),ZAKINTHOS,3103,3103,0,3081,3081,0,0.714054
25/10/2018 09:34,201808,WESTERN EUROPE-EU,GREECE,MANCHESTER,ATHENS,10070,9855,215,12567,11991,576,-19.869499
25/10/2018 09:34,201808,WESTERN EUROPE-EU,GREECE,MANCHESTER,CHANIA,9540,4722,4818,9385,4820,4565,1.651572
25/10/2018 09:34,201808,WESTERN EUROPE-EU,GREECE,MANCHESTER,CORFU,36385,23414,12971,35419,24108,11311,2.72735
25/10/2018 09:34,201808,WESTERN EUROPE-EU,GREECE,MANCHESTER,HERAKLION,35047,25157,9890,39139,24413,14726,-10.455045
25/10/2018 09:34,201808,WESTERN EUROPE-EU,GREECE,MANCHESTER,KALAMATA,3257,3257,0,2147,2147,0,51.700047
25/10/2018 09:34,201808,WESTERN EUROPE-EU,GREECE,MANCHESTER,KAVALA,3496,2011,1485,2768,1413,1355,26.300578
25/10/2018 09:34,201808,WESTERN EUROPE-EU,GREECE,MANCHESTER,KEFALLINIA,18905,11214,7691,18887,10577,8310,0.095304
25/10/2018 09:34,201808,WESTERN EUROPE-EU,GREECE,MANCHESTER,KOS,23976,12144,11832,22624,11756,10868,5.975955
25/10/2018 09:34,201808,WESTERN EUROPE-EU,GREECE,MANCHESTER,MIKONOS,5029,5029,0,6425,6425,0,-21.727626
25/10/2018 09:34,201808,WESTERN EUROPE-EU,GREECE,MANCHESTER,MYTILINI,1697,1697,0,0,0,0,0
25/10/2018 09:34,201808,WESTERN EUROPE-EU,GREECE,MANCHESTER,PREVEZA,9761,6402,3359,11755,8335,3420,-16.962994
25/10/2018 09:34,201808,WESTERN EUROPE-EU,GREECE,MANCHESTER,RHODES,32701,18714,13987,32045,17128,14917,2.047121
25/10/2018 09:34,201808,WESTERN EUROPE-EU,GREECE,MANCHESTER,SALONIKA,16570,13128,3442,11249,7848,3401,47.301982
25/10/2018 09:34,201808,WESTERN EUROPE-EU,GREECE,MANCHESTER,SKIATHOS,11037,5683,5354,10055,5138,4917,9.766285
25/10/2018 09:34,201808,WESTERN EUROPE-EU,GREECE,MANCHESTER,THIRA (SANTORINI),13059,9820,3239,10504,8407,2097,24.324067
25/10/2018 09:34,201808,WESTERN EUROPE-EU,GREECE,MANCHESTER,ZAKINTHOS,27314,15547,11767,29337,17418,11919,-6.895729
25/10/2018 09:34,201808,WESTERN EUROPE-EU,GREECE,NEWCASTLE,CORFU,9750,9750,0,8907,8907,0,9.464466
25/10/2018 09:34,201808,WESTERN EUROPE-EU,GREECE,NEWCASTLE,HERAKLION,6120,6120,0,6953,6953,0,-11.98044
25/10/2018 09:34,201808,WESTERN EUROPE-EU,GREECE,NEWCASTLE,KEFALLINIA,2867,2867,0,2700,2700,0,6.185185
25/10/2018 09:34,201808,WESTERN EUROPE-EU,GREECE,NEWCASTLE,KOS,4397,4397,0,3700,3700,0,18.837838
25/10/2018 09:34,201808,WESTERN EUROPE-EU,GREECE,NEWCASTLE,RHODES,8270,8270,0,9921,9921,0,-16.641468
25/10/2018 09:34,201808,WESTERN EUROPE-EU,GREECE,NEWCASTLE,SALONIKA,2811,2811,0,0,0,0,0
25/10/2018 09:34,201808,WESTERN EUROPE-EU,GREECE,NEWCASTLE,SKIATHOS,1964,1964,0,1673,1673,0,17.393903
25/10/2018 09:34,201808,WESTERN EUROPE-EU,GREECE,NEWCASTLE,THIRA (SANTORINI),1661,1661,0,1630,1630,0,1.90184
25/10/2018 09:34,201808,WESTERN EUROPE-EU,GREECE,NEWCASTLE,ZAKINTHOS,8980,8980,0,8949,8949,0,0.346407
25/10/2018 09:34,201808,WESTERN EUROPE-EU,GREECE,NORWICH,CORFU,1815,0,1815,1435,0,1435,26.480836
25/10/2018 09:34,201808,WESTERN EUROPE-EU,GREECE,NORWICH,HERAKLION,1485,0,1485,0,0,0,0
25/10/2018 09:34,201808,WESTERN EUROPE-EU,GREECE,NORWICH,RHODES,1802,0,1802,1851,0,1851,-2.647218
25/10/2018 09:34,201808,WESTERN EUROPE-EU,GREECE,PRESTWICK,CORFU,0,0,0,1612,1612,0,-100
25/10/2018 09:34,201808,WESTERN EUROPE-EU,GREECE,SOUTHAMPTON,SKIATHOS,376,0,376,0,0,0,0
25/10/2018 09:34,201808,WESTERN EUROPE-EU,IRISH REPUBLIC,GATWICK,CORK,11211,11211,0,11227,11227,0,-0.142514
25/10/2018 09:34,201808,WESTERN EUROPE-EU,IRISH REPUBLIC,GATWICK,DUBLIN,117266,117266,0,118934,118934,0,-1.402459
25/10/2018 09:34,201808,WESTERN EUROPE-EU,IRISH REPUBLIC,GATWICK,IRELAND WEST(KNOCK),9709,9709,0,9287,9287,0,4.543986
25/10/2018 09:34,201808,WESTERN EUROPE-EU,IRISH REPUBLIC,GATWICK,SHANNON,11069,11067,2,11181,11181,0,-1.001699
25/10/2018 09:34,201808,WESTERN EUROPE-EU,IRISH REPUBLIC,HEATHROW,CORK,41360,41360,0,42532,42532,0,-2.755572
25/10/2018 09:34,201808,WESTERN EUROPE-EU,IRISH REPUBLIC,HEATHROW,DUBLIN,165073,165073,0,170916,170916,0,-3.418638
25/10/2018 09:34,201808,WESTERN EUROPE-EU,IRISH REPUBLIC,HEATHROW,SHANNON,27998,27998,0,27637,27637,0,1.30622
25/10/2018 09:34,201808,WESTERN EUROPE-EU,IRISH REPUBLIC,LONDON CITY,DUBLIN,40881,40820,61,38974,38974,0,4.893006
25/10/2018 09:34,201808,WESTERN EUROPE-EU,IRISH REPUBLIC,LUTON,DUBLIN,32688,32688,0,33120,33120,0,-1.304348
25/10/2018 09:34,201808,WESTERN EUROPE-EU,IRISH REPUBLIC,LUTON,IRELAND WEST(KNOCK),14328,14328,0,14111,14111,0,1.537807
25/10/2018 09:34,201808,WESTERN EUROPE-EU,IRISH REPUBLIC,LUTON,KERRY COUNTY,11091,11091,0,11242,11242,0,-1.343177
25/10/2018 09:34,201808,WESTERN EUROPE-EU,IRISH REPUBLIC,SOUTHEND,DUBLIN,16316,16316,0,0,0,0,0
25/10/2018 09:34,201808,WESTERN EUROPE-EU,IRISH REPUBLIC,STANSTED,CORK,32937,32937,0,33039,33039,0,-0.308726
25/10/2018 09:34,201808,WESTERN EUROPE-EU,IRISH REPUBLIC,STANSTED,DUBLIN,81365,81365,0,83352,83352,0,-2.383866
25/10/2018 09:34,201808,WESTERN EUROPE-EU,IRISH REPUBLIC,STANSTED,IRELAND WEST(KNOCK),15514,15514,0,15225,15225,0,1.898194
25/10/2018 09:34,201808,WESTERN EUROPE-EU,IRISH REPUBLIC,STANSTED,KERRY COUNTY,8238,8238,0,7703,7703,0,6.945346
25/10/2018 09:34,201808,WESTERN EUROPE-EU,IRISH REPUBLIC,STANSTED,SHANNON,18441,18441,0,15401,15401,0,19.738978
25/10/2018 09:34,201808,WESTERN EUROPE-EU,IRISH REPUBLIC,ABERDEEN,DUBLIN,4702,4702,0,4669,4669,0,0.706789
25/10/2018 09:34,201808,WESTERN EUROPE-EU,IRISH REPUBLIC,BIRMINGHAM,CORK,7500,7500,0,7602,7602,0,-1.341752
25/10/2018 09:34,201808,WESTERN EUROPE-EU,IRISH REPUBLIC,BIRMINGHAM,DUBLIN,83186,83186,0,84458,84382,76,-1.506074
25/10/2018 09:34,201808,WESTERN EUROPE-EU,IRISH REPUBLIC,BIRMINGHAM,IRELAND WEST(KNOCK),4461,4461,0,4356,4356,0,2.410468
25/10/2018 09:34,201808,WESTERN EUROPE-EU,IRISH REPUBLIC,BIRMINGHAM,SHANNON,3770,3770,0,3783,3783,0,-0.343643
25/10/2018 09:34,201808,WESTERN EUROPE-EU,IRISH REPUBLIC,BOURNEMOUTH,DUBLIN,0,0,0,73,73,0,-100
25/10/2018 09:34,201808,WESTERN EUROPE-EU,IRISH REPUBLIC,BRISTOL,CORK,4018,4018,0,4100,4100,0,-2
25/10/2018 09:34,201808,WESTERN EUROPE-EU,IRISH REPUBLIC,BRISTOL,DUBLIN,40891,40891,0,41328,41256,72,-1.057395
25/10/2018 09:34,201808,WESTERN EUROPE-EU,IRISH REPUBLIC,BRISTOL,IRELAND WEST(KNOCK),4893,4893,0,4587,4587,0,6.671027
25/10/2018 09:34,201808,WESTERN EUROPE-EU,IRISH REPUBLIC,BRISTOL,SHANNON,3049,3049,0,0,0,0,0
25/10/2018 09:34,201808,WESTERN EUROPE-EU,IRISH REPUBLIC,CARDIFF WALES,CORK,1529,1529,0,1796,1796,0,-14.86637
25/10/2018 09:34,201808,WESTERN EUROPE-EU,IRISH REPUBLIC,CARDIFF WALES,DUBLIN,10540,10397,143,8703,8653,50,21.107664
25/10/2018 09:34,201808,WESTERN EUROPE-EU,IRISH REPUBLIC,DONCASTER SHEFFIELD,DUBLIN,4575,4575,0,4896,4896,0,-6.556373
25/10/2018 09:34,201808,WESTERN EUROPE-EU,IRISH REPUBLIC,EAST MIDLANDS INTERNATIONAL,DUBLIN,19087,19087,0,19806,19806,0,-3.630213
25/10/2018 09:34,201808,WESTERN EUROPE-EU,IRISH REPUBLIC,EAST MIDLANDS INTERNATIONAL,IRELAND WEST(KNOCK),8010,8010,0,7726,7726,0,3.6759
25/10/2018 09:34,201808,WESTERN EUROPE-EU,IRISH REPUBLIC,EDINBURGH,CORK,4534,4534,0,4493,4493,0,0.912531
25/10/2018 09:34,201808,WESTERN EUROPE-EU,IRISH REPUBLIC,EDINBURGH,DUBLIN,59809,58545,1264,58306,58306,0,2.577779
25/10/2018 09:34,201808,WESTERN EUROPE-EU,IRISH REPUBLIC,EDINBURGH,IRELAND WEST(KNOCK),3427,3427,0,2956,2956,0,15.933694
25/10/2018 09:34,201808,WESTERN EUROPE-EU,IRISH REPUBLIC,EDINBURGH,SHANNON,3190,3190,0,3033,3033,0,5.176393
25/10/2018 09:34,201808,WESTERN EUROPE-EU,IRISH REPUBLIC,EXETER,CORK,108,0,108,0,0,0,0
25/10/2018 09:34,201808,WESTERN EUROPE-EU,IRISH REPUBLIC,EXETER,DUBLIN,4230,4230,0,4352,4352,0,-2.803309
25/10/2018 09:34,201808,WESTERN EUROPE-EU,IRISH REPUBLIC,GLASGOW,CORK,2473,2473,0,2455,2455,0,0.733198
25/10/2018 09:34,201808,WESTERN EUROPE-EU,IRISH REPUBLIC,GLASGOW,DONEGAL,1092,1092,0,1427,1427,0,-23.475823
25/10/2018 09:34,201808,WESTERN EUROPE-EU,IRISH REPUBLIC,GLASGOW,DUBLIN,45931,45931,0,47412,47412,0,-3.123682
25/10/2018 09:34,201808,WESTERN EUROPE-EU,IRISH REPUBLIC,INVERNESS,DUBLIN,1691,1691,0,2348,2348,0,-27.981261
25/10/2018 09:34,201808,WESTERN EUROPE-EU,IRISH REPUBLIC,ISLE OF MAN,DUBLIN,4108,4108,0,4225,4225,0,-2.769231
25/10/2018 09:34,201808,WESTERN EUROPE-EU,IRISH REPUBLIC,JERSEY,DUBLIN,3085,3085,0,3088,3088,0,-0.09715
25/10/2018 09:34,201808,WESTERN EUROPE-EU,IRISH REPUBLIC,LEEDS BRADFORD,DUBLIN,27423,27423,0,28119,28119,0,-2.475195
25/10/2018 09:34,201808,WESTERN EUROPE-EU,IRISH REPUBLIC,LIVERPOOL (JOHN LENNON),CORK,5821,5821,0,5947,5947,0,-2.118715
25/10/2018 09:34,201808,WESTERN EUROPE-EU,IRISH REPUBLIC,LIVERPOOL (JOHN LENNON),DUBLIN,34992,34937,55,36248,36152,96,-3.465019
25/10/2018 09:34,201808,WESTERN EUROPE-EU,IRISH REPUBLIC,LIVERPOOL (JOHN LENNON),IRELAND WEST(KNOCK),7281,7281,0,7361,7361,0,-1.086809
25/10/2018 09:34,201808,WESTERN EUROPE-EU,IRISH REPUBLIC,LIVERPOOL (JOHN LENNON),SHANNON,4211,4211,0,0,0,0,0
25/10/2018 09:34,201808,WESTERN EUROPE-EU,IRISH REPUBLIC,MANCHESTER,CORK,9808,9808,0,10287,10287,0,-4.656362
25/10/2018 09:34,201808,WESTERN EUROPE-EU,IRISH REPUBLIC,MANCHESTER,DUBLIN,84688,84688,0,86998,86888,110,-2.655233
25/10/2018 09:34,201808,WESTERN EUROPE-EU,IRISH REPUBLIC,MANCHESTER,IRELAND WEST(KNOCK),4481,4481,0,3236,3236,0,38.473424
25/10/2018 09:34,201808,WESTERN EUROPE-EU,IRISH REPUBLIC,MANCHESTER,SHANNON,9107,9107,0,5958,5958,0,52.853306
25/10/2018 09:34,201808,WESTERN EUROPE-EU,IRISH REPUBLIC,NEWCASTLE,CORK,1299,1299,0,1290,1290,0,0.697674
25/10/2018 09:34,201808,WESTERN EUROPE-EU,IRISH REPUBLIC,NEWCASTLE,DUBLIN,21420,21420,0,24837,24837,0,-13.7577
25/10/2018 09:34,201808,WESTERN EUROPE-EU,IRISH REPUBLIC,NEWQUAY,CORK,850,850,0,875,875,0,-2.857143
25/10/2018 09:34,201808,WESTERN EUROPE-EU,IRISH REPUBLIC,NEWQUAY,DUBLIN,3414,3414,0,2900,2900,0,17.724138
25/10/2018 09:34,201808,WESTERN EUROPE-EU,IRISH REPUBLIC,SOUTHAMPTON,CORK,3061,3061,0,3236,3236,0,-5.407911
25/10/2018 09:34,201808,WESTERN EUROPE-EU,IRISH REPUBLIC,SOUTHAMPTON,DUBLIN,15497,15497,0,12805,12805,0,21.023038
25/10/2018 09:34,201808,WESTERN EUROPE-EU,ITALY,GATWICK,ALGHERO (FERTILIA),1490,0,1490,1526,0,1526,-2.359109
25/10/2018 09:34,201808,WESTERN EUROPE-EU,ITALY,GATWICK,ANCONA,2764,2764,0,0,0,0,0
25/10/2018 09:34,201808,WESTERN EUROPE-EU,ITALY,GATWICK,BARI (PALESE),16333,16333,0,14671,14671,0,11.328471
25/10/2018 09:34,201808,WESTERN EUROPE-EU,ITALY,GATWICK,BOLOGNA,9524,9524,0,9504,9504,0,0.210438
25/10/2018 09:34,201808,WESTERN EUROPE-EU,ITALY,GATWICK,BRINDISI,4367,4367,0,4122,4122,0,5.943717
25/10/2018 09:34,201808,WESTERN EUROPE-EU,ITALY,GATWICK,CAGLIARI (ELMAS),8025,8025,0,7338,7338,0,9.362224
25/10/2018 09:34,201808,WESTERN EUROPE-EU,ITALY,GATWICK,CATANIA (FONTANAROSSA),27593,25849,1744,27664,25909,1755,-0.256651
25/10/2018 09:34,201808,WESTERN EUROPE-EU,ITALY,GATWICK,FLORENCE,9058,9058,0,7802,7802,0,16.098436
25/10/2018 09:34,201808,WESTERN EUROPE-EU,ITALY,GATWICK,GENOA,8850,8850,0,8852,8852,0,-0.022594
25/10/2018 09:34,201808,WESTERN EUROPE-EU,ITALY,GATWICK,MILAN (LINATE),28277,28277,0,27914,27914,0,1.300423
25/10/2018 09:34,201808,WESTERN EUROPE-EU,ITALY,GATWICK,MILAN (MALPENSA),51710,51710,0,51168,51168,0,1.059256
25/10/2018 09:34,201808,WESTERN EUROPE-EU,ITALY,GATWICK,NAPLES,53007,48237,4770,54413,50044,4369,-2.583941
25/10/2018 09:34,201808,WESTERN EUROPE-EU,ITALY,GATWICK,OLBIA,21711,20183,1528,22227,22227,0,-2.321501
25/10/2018 09:34,201808,WESTERN EUROPE-EU,ITALY,GATWICK,PALERMO,10624,10624,0,10477,10477,0,1.403073
25/10/2018 09:34,201808,WESTERN EUROPE-EU,ITALY,GATWICK,PISA,37815,37815,0,33861,33861,0,11.677151
25/10/2018 09:34,201808,WESTERN EUROPE-EU,ITALY,GATWICK,ROME (FIUMICINO),66658,66658,0,67036,67036,0,-0.563876
25/10/2018 09:34,201808,WESTERN EUROPE-EU,ITALY,GATWICK,TURIN,8015,8015,0,7772,7772,0,3.126608
25/10/2018 09:34,201808,WESTERN EUROPE-EU,ITALY,GATWICK,VENICE,74417,72564,1853,80062,78561,1501,-7.050786
25/10/2018 09:34,201808,WESTERN EUROPE-EU,ITALY,GATWICK,VERONA VILLAFRANCA,35882,32632,3250,34687,31563,3124,3.445095
25/10/2018 09:34,201808,WESTERN EUROPE-EU,ITALY,HEATHROW,BOLOGNA,29570,29570,0,28472,28472,0,3.85642
25/10/2018 09:34,201808,WESTERN EUROPE-EU,ITALY,HEATHROW,BRINDISI,2439,2439,0,2904,2904,0,-16.012397
25/10/2018 09:34,201808,WESTERN EUROPE-EU,ITALY,HEATHROW,CAGLIARI (ELMAS),2200,0,2200,2185,0,2185,0.686499
25/10/2018 09:34,201808,WESTERN EUROPE-EU,ITALY,HEATHROW,LAMETIA-TERME,1569,0,1569,0,0,0,0
25/10/2018 09:34,201808,WESTERN EUROPE-EU,ITALY,HEATHROW,MILAN (LINATE),59911,59911,0,60943,60943,0,-1.693386
25/10/2018 09:34,201808,WESTERN EUROPE-EU,ITALY,HEATHROW,MILAN (MALPENSA),26724,26724,0,28744,28744,0,-7.027554
25/10/2018 09:34,201808,WESTERN EUROPE-EU,ITALY,HEATHROW,OLBIA,7573,5983,1590,6625,4380,2245,14.309434
25/10/2018 09:34,201808,WESTERN EUROPE-EU,ITALY,HEATHROW,PALERMO,3607,3607,0,3905,3905,0,-7.631242
25/10/2018 09:34,201808,WESTERN EUROPE-EU,ITALY,HEATHROW,PISA,15910,15910,0,12880,12880,0,23.524845
25/10/2018 09:34,201808,WESTERN EUROPE-EU,ITALY,HEATHROW,ROME (FIUMICINO),104079,104079,0,103347,102335,1012,0.708293
25/10/2018 09:34,201808,WESTERN EUROPE-EU,ITALY,HEATHROW,TRIESTE (RONCHI DEI LEGIONARI),0,0,0,507,0,507,-100
25/10/2018 09:34,201808,WESTERN EUROPE-EU,ITALY,HEATHROW,VENICE,17571,17571,0,17201,17201,0,2.151038
25/10/2018 09:34,201808,WESTERN EUROPE-EU,ITALY,LONDON CITY,BOLOGNA,0,0,0,89,89,0,-100
25/10/2018 09:34,201808,WESTERN EUROPE-EU,ITALY,LONDON CITY,FLORENCE,13319,13319,0,12737,12737,0,4.569365
25/10/2018 09:34,201808,WESTERN EUROPE-EU,ITALY,LONDON CITY,MILAN (LINATE),27911,27911,0,23982,23982,0,16.383121
25/10/2018 09:34,201808,WESTERN EUROPE-EU,ITALY,LONDON CITY,ROME (FIUMICINO),0,0,0,4221,4221,0,-100
25/10/2018 09:34,201808,WESTERN EUROPE-EU,ITALY,LONDON CITY,VENICE,4325,4325,0,4413,4413,0,-1.994108
25/10/2018 09:34,201808,WESTERN EUROPE-EU,ITALY,LUTON,ALGHERO (FERTILIA),2727,2727,0,0,0,0,0
25/10/2018 09:34,201808,WESTERN EUROPE-EU,ITALY,LUTON,BARI (PALESE),6921,6921,0,13,0,13,53138.461538
25/10/2018 09:34,201808,WESTERN EUROPE-EU,ITALY,LUTON,CATANIA (FONTANAROSSA),6337,6337,0,5238,5238,0,20.981291
25/10/2018 09:34,201808,WESTERN EUROPE-EU,ITALY,LUTON,FLORENCE,3360,3360,0,3559,3559,0,-5.591458
25/10/2018 09:34,201808,WESTERN EUROPE-EU,ITALY,LUTON,GENOA,3848,3848,0,0,0,0,0
25/10/2018 09:34,201808,WESTERN EUROPE-EU,ITALY,LUTON,LAMETIA-TERME,0,0,0,181,181,0,-100
25/10/2018 09:34,201808,WESTERN EUROPE-EU,ITALY,LUTON,MILAN (MALPENSA),14248,14248,0,15124,15124,0,-5.792118
25/10/2018 09:34,201808,WESTERN EUROPE-EU,ITALY,LUTON,NAPLES,15251,13406,1845,14549,13070,1479,4.825074
25/10/2018 09:34,201808,WESTERN EUROPE-EU,ITALY,LUTON,OLBIA,4029,4029,0,4781,4769,12,-15.728927
25/10/2018 09:34,201808,WESTERN EUROPE-EU,ITALY,LUTON,PALERMO,4685,4685,0,0,0,0,0
25/10/2018 09:34,201808,WESTERN EUROPE-EU,ITALY,LUTON,PISA,14386,14386,0,12560,12560,0,14.538217
25/10/2018 09:34,201808,WESTERN EUROPE-EU,ITALY,LUTON,ROME (FIUMICINO),12028,12028,0,13039,13039,0,-7.753662
25/10/2018 09:34,201808,WESTERN EUROPE-EU,ITALY,LUTON,TREVISO,0,0,0,184,184,0,-100
25/10/2018 09:34,201808,WESTERN EUROPE-EU,ITALY,LUTON,TURIN,3904,3904,0,4421,4301,120,-11.694187
25/10/2018 09:34,201808,WESTERN EUROPE-EU,ITALY,LUTON,VENICE,10312,10312,0,9625,9625,0,7.137662
25/10/2018 09:34,201808,WESTERN EUROPE-EU,ITALY,SOUTHEND,CAGLIARI (ELMAS),2288,2288,0,0,0,0,0
25/10/2018 09:34,201808,WESTERN EUROPE-EU,ITALY,SOUTHEND,CATANIA (FONTANAROSSA),2624,2624,0,0,0,0,0
25/10/2018 09:34,201808,WESTERN EUROPE-EU,ITALY,SOUTHEND,FLORENCE,0,0,0,83,83,0,-100
25/10/2018 09:34,201808,WESTERN EUROPE-EU,ITALY,SOUTHEND,MILAN (MALPENSA),4140,4140,0,4127,4127,0,0.314999
25/10/2018 09:34,201808,WESTERN EUROPE-EU,ITALY,SOUTHEND,VENICE,0,0,0,1275,1275,0,-100
25/10/2018 09:34,201808,WESTERN EUROPE-EU,ITALY,STANSTED,ALGHERO (FERTILIA),4615,4615,0,6533,6533,0,-29.358641
25/10/2018 09:34,201808,WESTERN EUROPE-EU,ITALY,STANSTED,ANCONA,14590,14590,0,14611,14611,0,-0.143727
25/10/2018 09:34,201808,WESTERN EUROPE-EU,ITALY,STANSTED,BARI (PALESE),10665,10665,0,11369,11369,0,-6.192277
25/10/2018 09:34,201808,WESTERN EUROPE-EU,ITALY,STANSTED,BERGAMO,44971,44971,0,44662,44662,0,0.691863
25/10/2018 09:34,201808,WESTERN EUROPE-EU,ITALY,STANSTED,BOLOGNA,15744,15744,0,11267,11267,0,39.735511
25/10/2018 09:34,201808,WESTERN EUROPE-EU,ITALY,STANSTED,BRINDISI,10872,10872,0,11378,11378,0,-4.447179
25/10/2018 09:34,201808,WESTERN EUROPE-EU,ITALY,STANSTED,CAGLIARI (ELMAS),14040,14040,0,14470,14470,0,-2.971666
25/10/2018 09:34,201808,WESTERN EUROPE-EU,ITALY,STANSTED,COMISO,3232,3232,0,2899,2899,0,11.48672
25/10/2018 09:34,201808,WESTERN EUROPE-EU,ITALY,STANSTED,FLORENCE,1283,1283,0,1177,1177,0,9.005947
25/10/2018 09:34,201808,WESTERN EUROPE-EU,ITALY,STANSTED,GENOA,9655,9655,0,9772,9772,0,-1.197298
25/10/2018 09:34,201808,WESTERN EUROPE-EU,ITALY,STANSTED,LAMETIA-TERME,8082,8082,0,8341,8341,0,-3.105143
25/10/2018 09:34,201808,WESTERN EUROPE-EU,ITALY,STANSTED,MILAN (LINATE),1454,1454,0,1330,1330,0,9.323308
25/10/2018 09:34,201808,WESTERN EUROPE-EU,ITALY,STANSTED,MILAN (MALPENSA),21591,21591,0,21987,21987,0,-1.801064
25/10/2018 09:34,201808,WESTERN EUROPE-EU,ITALY,STANSTED,NAPLES,34527,34527,0,29625,29421,204,16.546835
25/10/2018 09:34,201808,WESTERN EUROPE-EU,ITALY,STANSTED,PALERMO,11427,11427,0,12929,12929,0,-11.617294
25/10/2018 09:34,201808,WESTERN EUROPE-EU,ITALY,STANSTED,PERUGIA,11373,11373,0,13053,13053,0,-12.870604
25/10/2018 09:34,201808,WESTERN EUROPE-EU,ITALY,STANSTED,PESCARA,8055,8055,0,6617,6617,0,21.731903
25/10/2018 09:34,201808,WESTERN EUROPE-EU,ITALY,STANSTED,PISA,33974,33974,0,39135,39135,0,-13.187684
25/10/2018 09:34,201808,WESTERN EUROPE-EU,ITALY,STANSTED,RIMINI,2957,2957,0,0,0,0,0
25/10/2018 09:34,201808,WESTERN EUROPE-EU,ITALY,STANSTED,ROME (CIAMPINO),56210,56210,0,56427,56427,0,-0.384568
25/10/2018 09:34,201808,WESTERN EUROPE-EU,ITALY,STANSTED,TREVISO,27065,27065,0,29439,29439,0,-8.064133
25/10/2018 09:34,201808,WESTERN EUROPE-EU,ITALY,STANSTED,TRIESTE (RONCHI DEI LEGIONARI),5959,5959,0,6571,6571,0,-9.313651
25/10/2018 09:34,201808,WESTERN EUROPE-EU,ITALY,STANSTED,TURIN,11119,11119,0,10952,10952,0,1.524836
25/10/2018 09:34,201808,WESTERN EUROPE-EU,ITALY,STANSTED,VENICE,179,179,0,189,189,0,-5.291005
25/10/2018 09:34,201808,WESTERN EUROPE-EU,ITALY,STANSTED,VERONA VILLAFRANCA,11464,11464,0,7922,7922,0,44.710932
25/10/2018 09:34,201808,WESTERN EUROPE-EU,ITALY,BELFAST INTERNATIONAL,BERGAMO,3152,3152,0,3132,3132,0,0.63857
25/10/2018 09:34,201808,WESTERN EUROPE-EU,ITALY,BELFAST INTERNATIONAL,NAPLES,4432,4432,0,0,0,0,0
25/10/2018 09:34,201808,WESTERN EUROPE-EU,ITALY,BELFAST INTERNATIONAL,ROME (FIUMICINO),168,0,168,0,0,0,0
25/10/2018 09:34,201808,WESTERN EUROPE-EU,ITALY,BELFAST INTERNATIONAL,VENICE,3071,3071,0,0,0,0,0
25/10/2018 09:34,201808,WESTERN EUROPE-EU,ITALY,BELFAST INTERNATIONAL,VERONA VILLAFRANCA,1095,0,1095,1426,0,1426,-23.211781
25/10/2018 09:34,201808,WESTERN EUROPE-EU,ITALY,BIRMINGHAM,ALGHERO (FERTILIA),1469,0,1469,1479,0,1479,-0.676133
25/10/2018 09:34,201808,WESTERN EUROPE-EU,ITALY,BIRMINGHAM,CATANIA (FONTANAROSSA),1462,0,1462,1463,0,1463,-0.068353
25/10/2018 09:34,201808,WESTERN EUROPE-EU,ITALY,BIRMINGHAM,COMISO,1672,1672,0,1680,1680,0,-0.47619
25/10/2018 09:34,201808,WESTERN EUROPE-EU,ITALY,BIRMINGHAM,FLORENCE,738,738,0,574,574,0,28.571429
25/10/2018 09:34,201808,WESTERN EUROPE-EU,ITALY,BIRMINGHAM,MILAN (MALPENSA),7181,7181,0,8936,8936,0,-19.63966
25/10/2018 09:34,201808,WESTERN EUROPE-EU,ITALY,BIRMINGHAM,NAPLES,7217,3328,3889,8106,4942,3164,-10.967185
25/10/2018 09:34,201808,WESTERN EUROPE-EU,ITALY,BIRMINGHAM,PISA,3148,3148,0,0,0,0,0
25/10/2018 09:34,201808,WESTERN EUROPE-EU,ITALY,BIRMINGHAM,ROME (FIUMICINO),6684,6684,0,10553,10553,0,-36.66256
25/10/2018 09:34,201808,WESTERN EUROPE-EU,ITALY,BIRMINGHAM,VENICE,3305,3305,0,7768,7768,0,-57.453656
25/10/2018 09:34,201808,WESTERN EUROPE-EU,ITALY,BIRMINGHAM,VERONA VILLAFRANCA,7256,3211,4045,6537,2868,3669,10.998929
25/10/2018 09:34,201808,WESTERN EUROPE-EU,ITALY,BOURNEMOUTH,NAPLES,1824,0,1824,1444,0,1444,26.315789
25/10/2018 09:34,201808,WESTERN EUROPE-EU,ITALY,BOURNEMOUTH,VENICE,0,0,0,146,0,146,-100
25/10/2018 09:34,201808,WESTERN EUROPE-EU,ITALY,BRISTOL,BERGAMO,4734,4734,0,5121,5121,0,-7.557118
25/10/2018 09:34,201808,WESTERN EUROPE-EU,ITALY,BRISTOL,BOLOGNA,3249,3249,0,3320,3320,0,-2.138554
25/10/2018 09:34,201808,WESTERN EUROPE-EU,ITALY,BRISTOL,CAGLIARI (ELMAS),0,0,0,115,0,115,-100
25/10/2018 09:34,201808,WESTERN EUROPE-EU,ITALY,BRISTOL,CATANIA (FONTANAROSSA),2719,2719,0,2436,2436,0,11.617406
25/10/2018 09:34,201808,WESTERN EUROPE-EU,ITALY,BRISTOL,FLORENCE,490,490,0,586,586,0,-16.382253
25/10/2018 09:34,201808,WESTERN EUROPE-EU,ITALY,BRISTOL,GENOA,2383,2383,0,0,0,0,0
25/10/2018 09:34,201808,WESTERN EUROPE-EU,ITALY,BRISTOL,MILAN (MALPENSA),575,575,0,928,928,0,-38.038793
25/10/2018 09:34,201808,WESTERN EUROPE-EU,ITALY,BRISTOL,NAPLES,7735,4418,3317,7606,4406,3200,1.696029
25/10/2018 09:34,201808,WESTERN EUROPE-EU,ITALY,BRISTOL,OLBIA,4667,4347,320,4566,4566,0,2.212002
25/10/2018 09:34,201808,WESTERN EUROPE-EU,ITALY,BRISTOL,PISA,10150,10150,0,8071,8071,0,25.75889
25/10/2018 09:34,201808,WESTERN EUROPE-EU,ITALY,BRISTOL,ROME (FIUMICINO),10918,10918,0,10953,10953,0,-0.319547
25/10/2018 09:34,201808,WESTERN EUROPE-EU,ITALY,BRISTOL,VENICE,13402,13402,0,12147,12147,0,10.331769
25/10/2018 09:34,201808,WESTERN EUROPE-EU,ITALY,BRISTOL,VERONA VILLAFRANCA,1402,0,1402,0,0,0,0
25/10/2018 09:34,201808,WESTERN EUROPE-EU,ITALY,CARDIFF WALES,GENOA,0,0,0,51,0,51,-100
25/10/2018 09:34,201808,WESTERN EUROPE-EU,ITALY,CARDIFF WALES,MILAN (MALPENSA),2640,2640,0,3487,3487,0,-24.290221
25/10/2018 09:34,201808,WESTERN EUROPE-EU,ITALY,CARDIFF WALES,ROME (FIUMICINO),1608,1608,0,1932,1932,0,-16.770186
25/10/2018 09:34,201808,WESTERN EUROPE-EU,ITALY,CARDIFF WALES,VENICE,1337,1337,0,222,0,222,502.252252
25/10/2018 09:34,201808,WESTERN EUROPE-EU,ITALY,CARDIFF WALES,VERONA VILLAFRANCA,1504,1504,0,1807,1807,0,-16.768124
25/10/2018 09:34,201808,WESTERN EUROPE-EU,ITALY,DONCASTER SHEFFIELD,NAPLES,1440,0,1440,0,0,0,0
25/10/2018 09:34,201808,WESTERN EUROPE-EU,ITALY,DURHAM TEES VALLEY,NAPLES,0,0,0,76,0,76,-100
25/10/2018 09:34,201808,WESTERN EUROPE-EU,ITALY,EAST MIDLANDS INTERNATIONAL,BERGAMO,4688,4688,0,5131,5131,0,-8.633795
25/10/2018 09:34,201808,WESTERN EUROPE-EU,ITALY,EAST MIDLANDS INTERNATIONAL,NAPLES,7750,4479,3271,9108,6255,2853,-14.909969
25/10/2018 09:34,201808,WESTERN EUROPE-EU,ITALY,EAST MIDLANDS INTERNATIONAL,PISA,4397,4397,0,4337,4337,0,1.383445
25/10/2018 09:34,201808,WESTERN EUROPE-EU,ITALY,EAST MIDLANDS INTERNATIONAL,ROME (CIAMPINO),4712,4712,0,5081,5081,0,-7.26235
25/10/2018 09:34,201808,WESTERN EUROPE-EU,ITALY,EAST MIDLANDS INTERNATIONAL,TREVISO,4218,4218,0,6164,6164,0,-31.570409
25/10/2018 09:34,201808,WESTERN EUROPE-EU,ITALY,EAST MIDLANDS INTERNATIONAL,VERONA VILLAFRANCA,1788,1788,0,1354,1354,0,32.053176
25/10/2018 09:34,201808,WESTERN EUROPE-EU,ITALY,EDINBURGH,BERGAMO,7947,7947,0,7882,7882,0,0.824664
25/10/2018 09:34,201808,WESTERN EUROPE-EU,ITALY,EDINBURGH,BOLOGNA,3253,3253,0,2906,2906,0,11.940812
25/10/2018 09:34,201808,WESTERN EUROPE-EU,ITALY,EDINBURGH,FLORENCE,589,589,0,0,0,0,0
25/10/2018 09:34,201808,WESTERN EUROPE-EU,ITALY,EDINBURGH,MILAN (MALPENSA),17653,17653,0,17156,17017,139,2.896946
25/10/2018 09:34,201808,WESTERN EUROPE-EU,ITALY,EDINBURGH,NAPLES,6235,6235,0,4381,4381,0,42.319105
25/10/2018 09:34,201808,WESTERN EUROPE-EU,ITALY,EDINBURGH,PISA,4682,4682,0,5112,5112,0,-8.411581
25/10/2018 09:34,201808,WESTERN EUROPE-EU,ITALY,EDINBURGH,ROME (CIAMPINO),8041,8041,0,7724,7724,0,4.104091
25/10/2018 09:34,201808,WESTERN EUROPE-EU,ITALY,EDINBURGH,ROME (FIUMICINO),303,0,303,3776,2825,951,-91.975636
25/10/2018 09:34,201808,WESTERN EUROPE-EU,ITALY,EDINBURGH,TREVISO,4952,4952,0,0,0,0,0
25/10/2018 09:34,201808,WESTERN EUROPE-EU,ITALY,EDINBURGH,TURIN,0,0,0,287,0,287,-100
25/10/2018 09:34,201808,WESTERN EUROPE-EU,ITALY,EDINBURGH,VENICE,8175,8175,0,8515,8468,47,-3.992954
25/10/2018 09:34,201808,WESTERN EUROPE-EU,ITALY,EDINBURGH,VERONA VILLAFRANCA,2508,2508,0,1391,1391,0,80.301941
25/10/2018 09:34,201808,WESTERN EUROPE-EU,ITALY,GLASGOW,GENOA,753,0,753,0,0,0,0
25/10/2018 09:34,201808,WESTERN EUROPE-EU,ITALY,GLASGOW,MILAN (MALPENSA),4936,4178,758,4878,4172,706,1.189012
25/10/2018 09:34,201808,WESTERN EUROPE-EU,ITALY,GLASGOW,NAPLES,2034,0,2034,1725,0,1725,17.913043
25/10/2018 09:34,201808,WESTERN EUROPE-EU,ITALY,GLASGOW,ROME (FIUMICINO),3262,3262,0,3311,3311,0,-1.479915
25/10/2018 09:34,201808,WESTERN EUROPE-EU,ITALY,GLASGOW,VENICE,747,0,747,766,0,766,-2.480418
25/10/2018 09:34,201808,WESTERN EUROPE-EU,ITALY,GLASGOW,VERONA VILLAFRANCA,3070,0,3070,3156,0,3156,-2.724968
25/10/2018 09:34,201808,WESTERN EUROPE-EU,ITALY,HUMBERSIDE,NAPLES,0,0,0,191,0,191,-100
25/10/2018 09:34,201808,WESTERN EUROPE-EU,ITALY,HUMBERSIDE,VENICE,0,0,0,134,0,134,-100
25/10/2018 09:34,201808,WESTERN EUROPE-EU,ITALY,ISLE OF MAN,NAPLES,0,0,0,74,0,74,-100
25/10/2018 09:34,201808,WESTERN EUROPE-EU,ITALY,ISLE OF MAN,VENICE,0,0,0,226,0,226,-100
25/10/2018 09:34,201808,WESTERN EUROPE-EU,ITALY,LEEDS BRADFORD,NAPLES,2878,2878,0,3686,3686,0,-21.920781
25/10/2018 09:34,201808,WESTERN EUROPE-EU,ITALY,LEEDS BRADFORD,PISA,7338,7338,0,7026,7026,0,4.440649
25/10/2018 09:34,201808,WESTERN EUROPE-EU,ITALY,LEEDS BRADFORD,ROME (FIUMICINO),3228,3228,0,3318,3318,0,-2.712477
25/10/2018 09:34,201808,WESTERN EUROPE-EU,ITALY,LEEDS BRADFORD,TREVISO,2862,2862,0,3262,3262,0,-12.262416
25/10/2018 09:34,201808,WESTERN EUROPE-EU,ITALY,LEEDS BRADFORD,VENICE,2248,2248,0,2327,2327,0,-3.394929
25/10/2018 09:34,201808,WESTERN EUROPE-EU,ITALY,LEEDS BRADFORD,VERONA VILLAFRANCA,1783,1783,0,0,0,0,0
25/10/2018 09:34,201808,WESTERN EUROPE-EU,ITALY,LIVERPOOL (JOHN LENNON),BARI (PALESE),2894,2894,0,3233,3233,0,-10.485617
25/10/2018 09:34,201808,WESTERN EUROPE-EU,ITALY,LIVERPOOL (JOHN LENNON),BERGAMO,2222,2222,0,3722,3722,0,-40.300913
25/10/2018 09:34,201808,WESTERN EUROPE-EU,ITALY,LIVERPOOL (JOHN LENNON),MILAN (MALPENSA),4574,4574,0,0,0,0,0
25/10/2018 09:34,201808,WESTERN EUROPE-EU,ITALY,LIVERPOOL (JOHN LENNON),NAPLES,4068,4068,0,4191,4191,0,-2.93486
25/10/2018 09:34,201808,WESTERN EUROPE-EU,ITALY,LIVERPOOL (JOHN LENNON),PALERMO,2617,2617,0,0,0,0,0
25/10/2018 09:34,201808,WESTERN EUROPE-EU,ITALY,LIVERPOOL (JOHN LENNON),PISA,3213,3213,0,2904,2904,0,10.640496
25/10/2018 09:34,201808,WESTERN EUROPE-EU,ITALY,LIVERPOOL (JOHN LENNON),ROME (FIUMICINO),4352,4352,0,6447,6447,0,-32.495734
25/10/2018 09:34,201808,WESTERN EUROPE-EU,ITALY,LIVERPOOL (JOHN LENNON),TURIN,136,0,136,0,0,0,0
25/10/2018 09:34,201808,WESTERN EUROPE-EU,ITALY,LIVERPOOL (JOHN LENNON),VENICE,3909,3909,0,196,196,0,1894.387755
25/10/2018 09:34,201808,WESTERN EUROPE-EU,ITALY,MANCHESTER,ALGHERO (FERTILIA),1462,0,1462,1455,0,1455,0.4811
25/10/2018 09:34,201808,WESTERN EUROPE-EU,ITALY,MANCHESTER,BERGAMO,15824,15824,0,14494,14494,0,9.176211
25/10/2018 09:34,201808,WESTERN EUROPE-EU,ITALY,MANCHESTER,BOLOGNA,7938,7938,0,5109,5109,0,55.372871
25/10/2018 09:34,201808,WESTERN EUROPE-EU,ITALY,MANCHESTER,BRINDISI,3240,3240,0,2892,2892,0,12.033195
25/10/2018 09:34,201808,WESTERN EUROPE-EU,ITALY,MANCHESTER,CAGLIARI (ELMAS),3217,3217,0,240,0,240,1240.416667
25/10/2018 09:34,201808,WESTERN EUROPE-EU,ITALY,MANCHESTER,CATANIA (FONTANAROSSA),7550,6105,1445,7523,6068,1455,0.358899
25/10/2018 09:34,201808,WESTERN EUROPE-EU,ITALY,MANCHESTER,FLORENCE,662,662,0,0,0,0,0
25/10/2018 09:34,201808,WESTERN EUROPE-EU,ITALY,MANCHESTER,GENOA,3154,3154,0,0,0,0,0
25/10/2018 09:34,201808,WESTERN EUROPE-EU,ITALY,MANCHESTER,MILAN (MALPENSA),13070,13070,0,17239,17239,0,-24.183537
25/10/2018 09:34,201808,WESTERN EUROPE-EU,ITALY,MANCHESTER,NAPLES,18430,13261,5169,20756,16263,4493,-11.206398
25/10/2018 09:34,201808,WESTERN EUROPE-EU,ITALY,MANCHESTER,OLBIA,6378,4556,1822,6252,4784,1468,2.015355
25/10/2018 09:34,201808,WESTERN EUROPE-EU,ITALY,MANCHESTER,PALERMO,3225,3225,0,0,0,0,0
25/10/2018 09:34,201808,WESTERN EUROPE-EU,ITALY,MANCHESTER,PISA,12421,12421,0,12320,12320,0,0.819805
25/10/2018 09:34,201808,WESTERN EUROPE-EU,ITALY,MANCHESTER,RIMINI,0,0,0,70,0,70,-100
25/10/2018 09:34,201808,WESTERN EUROPE-EU,ITALY,MANCHESTER,ROME (CIAMPINO),16167,16167,0,15877,15877,0,1.826542
25/10/2018 09:34,201808,WESTERN EUROPE-EU,ITALY,MANCHESTER,ROME (FIUMICINO),9964,9753,211,12806,12305,501,-22.192722
25/10/2018 09:34,201808,WESTERN EUROPE-EU,ITALY,MANCHESTER,TREVISO,4464,4464,0,0,0,0,0
25/10/2018 09:34,201808,WESTERN EUROPE-EU,ITALY,MANCHESTER,TRIESTE (RONCHI DEI LEGIONARI),0,0,0,669,0,669,-100
25/10/2018 09:34,201808,WESTERN EUROPE-EU,ITALY,MANCHESTER,VENICE,14119,12259,1860,19969,18491,1478,-29.295408
25/10/2018 09:34,201808,WESTERN EUROPE-EU,ITALY,MANCHESTER,VERONA VILLAFRANCA,8300,3199,5101,9624,5066,4558,-13.757273
25/10/2018 09:34,201808,WESTERN EUROPE-EU,ITALY,NEWCASTLE,NAPLES,3256,3256,0,2913,2913,0,11.774803
25/10/2018 09:34,201808,WESTERN EUROPE-EU,ITALY,NEWCASTLE,PISA,2501,2501,0,2549,2549,0,-1.883091
25/10/2018 09:34,201808,WESTERN EUROPE-EU,ITALY,NEWCASTLE,ROME (FIUMICINO),2566,2566,0,2548,2548,0,0.706436
25/10/2018 09:34,201808,WESTERN EUROPE-EU,ITALY,NEWCASTLE,VENICE,0,0,0,184,184,0,-100
25/10/2018 09:34,201808,WESTERN EUROPE-EU,ITALY,NEWCASTLE,VERONA VILLAFRANCA,3241,3241,0,3212,3122,90,0.902864
25/10/2018 09:34,201808,WESTERN EUROPE-EU,ITALY,PRESTWICK,PISA,3257,3257,0,3212,3212,0,1.400996
25/10/2018 09:34,201808,WESTERN EUROPE-EU,ITALY,PRESTWICK,ROME (CIAMPINO),2883,2883,0,3285,3285,0,-12.237443
25/10/2018 09:34,201808,WESTERN EUROPE-EU,ITALY,SOUTHAMPTON,VERONA VILLAFRANCA,1821,1821,0,1780,1780,0,2.303371
25/10/2018 09:34,201808,WESTERN EUROPE-EU,LUXEMBOURG,GATWICK,LUXEMBOURG,5118,5118,0,4956,4956,0,3.268765
25/10/2018 09:34,201808,WESTERN EUROPE-EU,LUXEMBOURG,HEATHROW,LUXEMBOURG,14518,14518,0,12987,12987,0,11.788712
25/10/2018 09:34,201808,WESTERN EUROPE-EU,LUXEMBOURG,LONDON CITY,LUXEMBOURG,13741,13741,0,12173,12173,0,12.880966
25/10/2018 09:34,201808,WESTERN EUROPE-EU,LUXEMBOURG,STANSTED,LUXEMBOURG,9796,9796,0,10338,10338,0,-5.242794
25/10/2018 09:34,201808,WESTERN EUROPE-EU,LUXEMBOURG,BIRMINGHAM,LUXEMBOURG,0,0,0,1846,1846,0,-100
25/10/2018 09:34,201808,WESTERN EUROPE-EU,LUXEMBOURG,MANCHESTER,LUXEMBOURG,2525,2525,0,2663,2663,0,-5.182125
25/10/2018 09:34,201808,WESTERN EUROPE-EU,MALTA,GATWICK,MALTA,40320,37037,3283,39419,35675,3744,2.2857
25/10/2018 09:34,201808,WESTERN EUROPE-EU,MALTA,HEATHROW,MALTA,19295,19295,0,18967,18967,0,1.729319
25/10/2018 09:34,201808,WESTERN EUROPE-EU,MALTA,LUTON,MALTA,13061,13061,0,14850,14850,0,-12.047138
25/10/2018 09:34,201808,WESTERN EUROPE-EU,MALTA,SOUTHEND,MALTA,7997,7997,0,0,0,0,0
25/10/2018 09:34,201808,WESTERN EUROPE-EU,MALTA,STANSTED,MALTA,12652,12652,0,11385,11385,0,11.128678
25/10/2018 09:34,201808,WESTERN EUROPE-EU,MALTA,ABERDEEN,MALTA,3020,3020,0,0,0,0,0
25/10/2018 09:34,201808,WESTERN EUROPE-EU,MALTA,BELFAST INTERNATIONAL,MALTA,4043,4043,0,0,0,0,0
25/10/2018 09:34,201808,WESTERN EUROPE-EU,MALTA,BIRMINGHAM,MALTA,10927,9157,1770,10103,8263,1840,8.155993
25/10/2018 09:34,201808,WESTERN EUROPE-EU,MALTA,BOURNEMOUTH,MALTA,3243,3243,0,3279,3279,0,-1.097896
25/10/2018 09:34,201808,WESTERN EUROPE-EU,MALTA,BRISTOL,MALTA,7742,7742,0,8891,7322,1569,-12.923181
25/10/2018 09:34,201808,WESTERN EUROPE-EU,MALTA,EAST MIDLANDS INTERNATIONAL,MALTA,6852,6852,0,6550,6550,0,4.610687
25/10/2018 09:34,201808,WESTERN EUROPE-EU,MALTA,EDINBURGH,MALTA,6052,6052,0,6488,6488,0,-6.720099
25/10/2018 09:34,201808,WESTERN EUROPE-EU,MALTA,GLASGOW,MALTA,3234,3234,0,3313,3313,0,-2.384546
25/10/2018 09:34,201808,WESTERN EUROPE-EU,MALTA,LEEDS BRADFORD,MALTA,6425,6425,0,4366,4366,0,47.159872
25/10/2018 09:34,201808,WESTERN EUROPE-EU,MALTA,LIVERPOOL (JOHN LENNON),MALTA,3268,3268,0,4780,4780,0,-31.631799
25/10/2018 09:34,201808,WESTERN EUROPE-EU,MALTA,MANCHESTER,MALTA,26098,22528,3570,23036,19381,3655,13.292238
25/10/2018 09:34,201808,WESTERN EUROPE-EU,MALTA,NEWCASTLE,MALTA,4572,4572,0,5162,5162,0,-11.429678
25/10/2018 09:34,201808,WESTERN EUROPE-EU,MALTA,PRESTWICK,MALTA,1769,1769,0,1695,1695,0,4.365782
25/10/2018 09:34,201808,WESTERN EUROPE-EU,NETHERLANDS,GATWICK,AMSTERDAM,90767,90767,0,90493,90493,0,0.302786
25/10/2018 09:34,201808,WESTERN EUROPE-EU,NETHERLANDS,HEATHROW,AMSTERDAM,145061,145061,0,149080,149080,0,-2.695868
25/10/2018 09:34,201808,WESTERN EUROPE-EU,NETHERLANDS,LONDON CITY,AMSTERDAM,45329,45329,0,44364,44364,0,2.175187
25/10/2018 09:34,201808,WESTERN EUROPE-EU,NETHERLANDS,LONDON CITY,ROTTERDAM,10244,10244,0,9436,9436,0,8.56295
25/10/2018 09:34,201808,WESTERN EUROPE-EU,NETHERLANDS,LUTON,AMSTERDAM,69127,69127,0,68152,68152,0,1.430626
25/10/2018 09:34,201808,WESTERN EUROPE-EU,NETHERLANDS,SOUTHEND,AMSTERDAM,17297,17297,0,15871,15871,0,8.984941
25/10/2018 09:34,201808,WESTERN EUROPE-EU,NETHERLANDS,SOUTHEND,GRONINGEN,6324,6324,0,2804,2804,0,125.53495
25/10/2018 09:34,201808,WESTERN EUROPE-EU,NETHERLANDS,STANSTED,AMSTERDAM,29657,29657,0,28208,28208,0,5.136841
25/10/2018 09:34,201808,WESTERN EUROPE-EU,NETHERLANDS,STANSTED,EINDHOVEN,21066,21066,0,21505,21505,0,-2.041386
25/10/2018 09:34,201808,WESTERN EUROPE-EU,NETHERLANDS,STANSTED,ROTTERDAM,89,0,89,0,0,0,0
25/10/2018 09:34,201808,WESTERN EUROPE-EU,NETHERLANDS,ABERDEEN,AMSTERDAM,26392,26392,0,23839,23839,0,10.709342
25/10/2018 09:34,201808,WESTERN EUROPE-EU,NETHERLANDS,BELFAST CITY (GEORGE BEST),AMSTERDAM,5601,5601,0,5227,5227,0,7.155156
25/10/2018 09:34,201808,WESTERN EUROPE-EU,NETHERLANDS,BELFAST INTERNATIONAL,AMSTERDAM,12289,12289,0,11519,11519,0,6.684608
25/10/2018 09:34,201808,WESTERN EUROPE-EU,NETHERLANDS,BIRMINGHAM,AMSTERDAM,58434,58434,0,61702,61702,0,-5.296425
25/10/2018 09:34,201808,WESTERN EUROPE-EU,NETHERLANDS,BRISTOL,AMSTERDAM,38997,38997,0,36358,36358,0,7.258375
25/10/2018 09:34,201808,WESTERN EUROPE-EU,NETHERLANDS,CARDIFF WALES,AMSTERDAM,12851,12851,0,11137,11137,0,15.390141
25/10/2018 09:34,201808,WESTERN EUROPE-EU,NETHERLANDS,DONCASTER SHEFFIELD,AMSTERDAM,5458,5458,0,5338,5338,0,2.248033
25/10/2018 09:34,201808,WESTERN EUROPE-EU,NETHERLANDS,DURHAM TEES VALLEY,AMSTERDAM,8880,8880,0,8851,8851,0,0.327647
25/10/2018 09:34,201808,WESTERN EUROPE-EU,NETHERLANDS,EAST MIDLANDS INTERNATIONAL,AMSTERDAM,4486,4486,0,4072,4072,0,10.166994
25/10/2018 09:34,201808,WESTERN EUROPE-EU,NETHERLANDS,EDINBURGH,AMSTERDAM,70139,70139,0,67097,67097,0,4.533735
25/10/2018 09:34,201808,WESTERN EUROPE-EU,NETHERLANDS,EDINBURGH,EINDHOVEN,4384,4384,0,0,0,0,0
25/10/2018 09:34,201808,WESTERN EUROPE-EU,NETHERLANDS,EXETER,AMSTERDAM,4345,4345,0,4229,4229,0,2.742965
25/10/2018 09:34,201808,WESTERN EUROPE-EU,NETHERLANDS,GLASGOW,AMSTERDAM,42211,42211,0,43855,43855,0,-3.748717
25/10/2018 09:34,201808,WESTERN EUROPE-EU,NETHERLANDS,GLASGOW,GRONINGEN,29,0,29,0,0,0,0
25/10/2018 09:34,201808,WESTERN EUROPE-EU,NETHERLANDS,GUERNSEY,ROTTERDAM,308,0,308,426,426,0,-27.699531
25/10/2018 09:34,201808,WESTERN EUROPE-EU,NETHERLANDS,HUMBERSIDE,AMSTERDAM,11242,11242,0,10002,10002,0,12.39752
25/10/2018 09:34,201808,WESTERN EUROPE-EU,NETHERLANDS,INVERNESS,AMSTERDAM,12595,12595,0,9703,9703,0,29.805215
25/10/2018 09:34,201808,WESTERN EUROPE-EU,NETHERLANDS,JERSEY,ROTTERDAM,0,0,0,290,290,0,-100
25/10/2018 09:34,201808,WESTERN EUROPE-EU,NETHERLANDS,LEEDS BRADFORD,AMSTERDAM,20890,20890,0,20392,20392,0,2.442134
25/10/2018 09:34,201808,WESTERN EUROPE-EU,NETHERLANDS,LIVERPOOL (JOHN LENNON),AMSTERDAM,20799,20799,0,19093,19093,0,8.935212
25/10/2018 09:34,201808,WESTERN EUROPE-EU,NETHERLANDS,MANCHESTER,AMSTERDAM,89429,89429,0,93846,93846,0,-4.706647
25/10/2018 09:34,201808,WESTERN EUROPE-EU,NETHERLANDS,MANCHESTER,EINDHOVEN,6225,6225,0,5940,5940,0,4.79798
25/10/2018 09:34,201808,WESTERN EUROPE-EU,NETHERLANDS,NEWCASTLE,AMSTERDAM,29859,29859,0,32758,32758,0,-8.849747
25/10/2018 09:34,201808,WESTERN EUROPE-EU,NETHERLANDS,NORWICH,AMSTERDAM,13779,13779,0,13088,13088,0,5.279645
25/10/2018 09:34,201808,WESTERN EUROPE-EU,NETHERLANDS,SOUTHAMPTON,AMSTERDAM,18840,18840,0,20387,20387,0,-7.588169
25/10/2018 09:34,201808,WESTERN EUROPE-EU,PORTUGAL(EXCLUDING MADEIRA),GATWICK,AZORES PONTA DELGADA,1040,1040,0,903,903,0,15.17165
25/10/2018 09:34,201808,WESTERN EUROPE-EU,PORTUGAL(EXCLUDING MADEIRA),GATWICK,FARO,96358,90166,6192,115842,109604,6238,-16.819461
25/10/2018 09:34,201808,WESTERN EUROPE-EU,PORTUGAL(EXCLUDING MADEIRA),GATWICK,LISBON,30628,30628,0,42647,42647,0,-28.182522
25/10/2018 09:34,201808,WESTERN EUROPE-EU,PORTUGAL(EXCLUDING MADEIRA),GATWICK,OPORTO (PORTUGAL),37932,37932,0,33393,33393,0,13.592669
25/10/2018 09:34,201808,WESTERN EUROPE-EU,PORTUGAL(EXCLUDING MADEIRA),HEATHROW,FARO,4974,4974,0,4362,4362,0,14.030261
25/10/2018 09:34,201808,WESTERN EUROPE-EU,PORTUGAL(EXCLUDING MADEIRA),HEATHROW,LISBON,79379,79379,0,78888,78888,0,0.622401
25/10/2018 09:34,201808,WESTERN EUROPE-EU,PORTUGAL(EXCLUDING MADEIRA),LONDON CITY,FARO,4135,4135,0,3922,3922,0,5.430903
25/10/2018 09:34,201808,WESTERN EUROPE-EU,PORTUGAL(EXCLUDING MADEIRA),LONDON CITY,LISBON,7794,7794,0,0,0,0,0
25/10/2018 09:34,201808,WESTERN EUROPE-EU,PORTUGAL(EXCLUDING MADEIRA),LONDON CITY,OPORTO (PORTUGAL),3883,3883,0,0,0,0,0
25/10/2018 09:34,201808,WESTERN EUROPE-EU,PORTUGAL(EXCLUDING MADEIRA),LUTON,FARO,37718,34030,3688,47333,43661,3672,-20.313523
25/10/2018 09:34,201808,WESTERN EUROPE-EU,PORTUGAL(EXCLUDING MADEIRA),LUTON,LISBON,27343,27343,0,27781,27781,0,-1.576617
25/10/2018 09:34,201808,WESTERN EUROPE-EU,PORTUGAL(EXCLUDING MADEIRA),LUTON,OPORTO (PORTUGAL),5312,5312,0,9896,9896,0,-46.321746
25/10/2018 09:34,201808,WESTERN EUROPE-EU,PORTUGAL(EXCLUDING MADEIRA),SOUTHEND,FARO,13623,13623,0,14903,14903,0,-8.588875
25/10/2018 09:34,201808,WESTERN EUROPE-EU,PORTUGAL(EXCLUDING MADEIRA),STANSTED,AZORES PONTA DELGADA,1439,1439,0,1450,1450,0,-0.758621
25/10/2018 09:34,201808,WESTERN EUROPE-EU,PORTUGAL(EXCLUDING MADEIRA),STANSTED,FARO,52018,48698,3320,50494,47163,3331,3.01818
25/10/2018 09:34,201808,WESTERN EUROPE-EU,PORTUGAL(EXCLUDING MADEIRA),STANSTED,LISBON,34473,34473,0,22711,22711,0,51.789882
25/10/2018 09:34,201808,WESTERN EUROPE-EU,PORTUGAL(EXCLUDING MADEIRA),STANSTED,OPORTO (PORTUGAL),28903,28903,0,28441,28441,0,1.624415
25/10/2018 09:34,201808,WESTERN EUROPE-EU,PORTUGAL(EXCLUDING MADEIRA),ABERDEEN,FARO,2668,2668,0,4226,3061,1165,-36.867014
25/10/2018 09:34,201808,WESTERN EUROPE-EU,PORTUGAL(EXCLUDING MADEIRA),BELFAST CITY (GEORGE BEST),FARO,7398,7398,0,8137,8137,0,-9.081971
25/10/2018 09:34,201808,WESTERN EUROPE-EU,PORTUGAL(EXCLUDING MADEIRA),BELFAST INTERNATIONAL,FARO,29030,29030,0,24244,24244,0,19.740967
25/10/2018 09:34,201808,WESTERN EUROPE-EU,PORTUGAL(EXCLUDING MADEIRA),BIRMINGHAM,FARO,35039,30118,4921,45330,40197,5133,-22.702405
25/10/2018 09:34,201808,WESTERN EUROPE-EU,PORTUGAL(EXCLUDING MADEIRA),BIRMINGHAM,LISBON,0,0,0,5409,5409,0,-100
25/10/2018 09:34,201808,WESTERN EUROPE-EU,PORTUGAL(EXCLUDING MADEIRA),BIRMINGHAM,OPORTO (PORTUGAL),3188,3188,0,7110,7110,0,-55.161744
25/10/2018 09:34,201808,WESTERN EUROPE-EU,PORTUGAL(EXCLUDING MADEIRA),BOURNEMOUTH,FARO,6177,6177,0,7346,7346,0,-15.913422
25/10/2018 09:34,201808,WESTERN EUROPE-EU,PORTUGAL(EXCLUDING MADEIRA),BRISTOL,FARO,35235,33748,1487,39919,38195,1724,-11.733761
25/10/2018 09:34,201808,WESTERN EUROPE-EU,PORTUGAL(EXCLUDING MADEIRA),BRISTOL,LISBON,7675,7675,0,7529,7529,0,1.939169
25/10/2018 09:34,201808,WESTERN EUROPE-EU,PORTUGAL(EXCLUDING MADEIRA),BRISTOL,OPORTO (PORTUGAL),3657,3657,0,4538,4538,0,-19.413839
25/10/2018 09:34,201808,WESTERN EUROPE-EU,PORTUGAL(EXCLUDING MADEIRA),CARDIFF WALES,FARO,9489,7759,1730,8032,6213,1819,18.13994
25/10/2018 09:34,201808,WESTERN EUROPE-EU,PORTUGAL(EXCLUDING MADEIRA),DONCASTER SHEFFIELD,FARO,5467,2223,3244,6233,2919,3314,-12.289427
25/10/2018 09:34,201808,WESTERN EUROPE-EU,PORTUGAL(EXCLUDING MADEIRA),EAST MIDLANDS INTERNATIONAL,FARO,33416,33416,0,37070,35285,1785,-9.857027
25/10/2018 09:34,201808,WESTERN EUROPE-EU,PORTUGAL(EXCLUDING MADEIRA),EDINBURGH,FARO,15525,15525,0,16705,16705,0,-7.063753
25/10/2018 09:34,201808,WESTERN EUROPE-EU,PORTUGAL(EXCLUDING MADEIRA),EDINBURGH,LISBON,4342,4342,0,4535,4535,0,-4.255788
25/10/2018 09:34,201808,WESTERN EUROPE-EU,PORTUGAL(EXCLUDING MADEIRA),EDINBURGH,OPORTO (PORTUGAL),2897,2897,0,3247,3247,0,-10.779181
25/10/2018 09:34,201808,WESTERN EUROPE-EU,PORTUGAL(EXCLUDING MADEIRA),EXETER,FARO,3612,1931,1681,3630,1861,1769,-0.495868
25/10/2018 09:34,201808,WESTERN EUROPE-EU,PORTUGAL(EXCLUDING MADEIRA),GLASGOW,FARO,18486,17776,710,18285,17563,722,1.099262
25/10/2018 09:34,201808,WESTERN EUROPE-EU,PORTUGAL(EXCLUDING MADEIRA),GLASGOW,LISBON,3308,3308,0,3326,3326,0,-0.541191
25/10/2018 09:34,201808,WESTERN EUROPE-EU,PORTUGAL(EXCLUDING MADEIRA),LEEDS BRADFORD,FARO,29965,29965,0,38371,36653,1718,-21.907169
25/10/2018 09:34,201808,WESTERN EUROPE-EU,PORTUGAL(EXCLUDING MADEIRA),LIVERPOOL (JOHN LENNON),FARO,25163,25163,0,24864,24864,0,1.202542
25/10/2018 09:34,201808,WESTERN EUROPE-EU,PORTUGAL(EXCLUDING MADEIRA),LIVERPOOL (JOHN LENNON),LISBON,5705,5705,0,5194,5194,0,9.838275
25/10/2018 09:34,201808,WESTERN EUROPE-EU,PORTUGAL(EXCLUDING MADEIRA),LIVERPOOL (JOHN LENNON),OPORTO (PORTUGAL),2817,2817,0,2845,2845,0,-0.984183
25/10/2018 09:34,201808,WESTERN EUROPE-EU,PORTUGAL(EXCLUDING MADEIRA),MANCHESTER,AZORES PONTA DELGADA,1509,1509,0,0,0,0,0
25/10/2018 09:34,201808,WESTERN EUROPE-EU,PORTUGAL(EXCLUDING MADEIRA),MANCHESTER,FARO,65959,60193,5766,75785,70602,5183,-12.965626
25/10/2018 09:34,201808,WESTERN EUROPE-EU,PORTUGAL(EXCLUDING MADEIRA),MANCHESTER,LISBON,24082,24082,0,26419,26419,0,-8.845906
25/10/2018 09:34,201808,WESTERN EUROPE-EU,PORTUGAL(EXCLUDING MADEIRA),MANCHESTER,OPORTO (PORTUGAL),9094,9094,0,9221,9221,0,-1.377291
25/10/2018 09:34,201808,WESTERN EUROPE-EU,PORTUGAL(EXCLUDING MADEIRA),NEWCASTLE,FARO,23051,23051,0,24958,24958,0,-7.640837
25/10/2018 09:34,201808,WESTERN EUROPE-EU,PORTUGAL(EXCLUDING MADEIRA),NEWCASTLE,OPORTO (PORTUGAL),45,0,45,0,0,0,0
25/10/2018 09:34,201808,WESTERN EUROPE-EU,PORTUGAL(EXCLUDING MADEIRA),NEWQUAY,FARO,2797,2797,0,3138,3138,0,-10.866794
25/10/2018 09:34,201808,WESTERN EUROPE-EU,PORTUGAL(EXCLUDING MADEIRA),PRESTWICK,FARO,7291,7291,0,7013,7013,0,3.964067
25/10/2018 09:34,201808,WESTERN EUROPE-EU,PORTUGAL(EXCLUDING MADEIRA),SOUTHAMPTON,FARO,2794,2794,0,2771,2771,0,0.830025
25/10/2018 09:34,201808,WESTERN EUROPE-EU,PORTUGAL(MADEIRA),GATWICK,FUNCHAL,24089,20510,3579,27172,23938,3234,-11.346239
25/10/2018 09:34,201808,WESTERN EUROPE-EU,PORTUGAL(MADEIRA),GATWICK,PORTO SANTO,1466,0,1466,1392,0,1392,5.316092
25/10/2018 09:34,201808,WESTERN EUROPE-EU,PORTUGAL(MADEIRA),LUTON,FUNCHAL,1499,0,1499,1498,0,1498,0.066756
25/10/2018 09:34,201808,WESTERN EUROPE-EU,PORTUGAL(MADEIRA),STANSTED,FUNCHAL,4809,4809,0,2973,2973,0,61.755802
25/10/2018 09:34,201808,WESTERN EUROPE-EU,PORTUGAL(MADEIRA),BELFAST INTERNATIONAL,FUNCHAL,1461,1461,0,0,0,0,0
25/10/2018 09:34,201808,WESTERN EUROPE-EU,PORTUGAL(MADEIRA),BIRMINGHAM,FUNCHAL,3229,1484,1745,4912,3175,1737,-34.263029
25/10/2018 09:34,201808,WESTERN EUROPE-EU,PORTUGAL(MADEIRA),BIRMINGHAM,PORTO SANTO,1724,0,1724,1701,0,1701,1.352146
25/10/2018 09:34,201808,WESTERN EUROPE-EU,PORTUGAL(MADEIRA),BRISTOL,FUNCHAL,3241,3241,0,3263,3263,0,-0.674226
25/10/2018 09:34,201808,WESTERN EUROPE-EU,PORTUGAL(MADEIRA),EAST MIDLANDS INTERNATIONAL,FUNCHAL,2912,1421,1491,2882,1408,1474,1.040944
25/10/2018 09:34,201808,WESTERN EUROPE-EU,PORTUGAL(MADEIRA),EDINBURGH,FUNCHAL,1475,1475,0,3294,3294,0,-55.221615
25/10/2018 09:34,201808,WESTERN EUROPE-EU,PORTUGAL(MADEIRA),GLASGOW,FUNCHAL,1458,1458,0,1461,1461,0,-0.205339
25/10/2018 09:34,201808,WESTERN EUROPE-EU,PORTUGAL(MADEIRA),JERSEY,FUNCHAL,427,0,427,2006,2006,0,-78.713858
25/10/2018 09:34,201808,WESTERN EUROPE-EU,PORTUGAL(MADEIRA),LEEDS BRADFORD,FUNCHAL,1495,1495,0,1471,1471,0,1.631543
25/10/2018 09:34,201808,WESTERN EUROPE-EU,PORTUGAL(MADEIRA),MANCHESTER,FUNCHAL,14188,10876,3312,12741,9586,3155,11.357036
25/10/2018 09:34,201808,WESTERN EUROPE-EU,PORTUGAL(MADEIRA),MANCHESTER,PORTO SANTO,1471,0,1471,1444,0,1444,1.869806
25/10/2018 09:34,201808,WESTERN EUROPE-EU,PORTUGAL(MADEIRA),NEWCASTLE,FUNCHAL,1479,1479,0,1465,1465,0,0.955631
25/10/2018 09:34,201808,WESTERN EUROPE-EU,SLOVENIA,GATWICK,LJUBLJANA,5681,5681,0,5116,5116,0,11.043784
25/10/2018 09:34,201808,WESTERN EUROPE-EU,SLOVENIA,LUTON,LJUBLJANA,6419,6419,0,6069,6069,0,5.767013
25/10/2018 09:34,201808,WESTERN EUROPE-EU,SLOVENIA,STANSTED,LJUBLJANA,12029,12029,0,11858,11858,0,1.442064
25/10/2018 09:34,201808,WESTERN EUROPE-EU,SLOVENIA,BELFAST INTERNATIONAL,LJUBLJANA,93,0,93,0,0,0,0
25/10/2018 09:34,201808,WESTERN EUROPE-EU,SLOVENIA,GLASGOW,MARIBOR,582,0,582,0,0,0,0
25/10/2018 09:34,201808,WESTERN EUROPE-EU,SLOVENIA,MANCHESTER,LJUBLJANA,568,568,0,1707,1707,0,-66.725249
25/10/2018 09:34,201808,WESTERN EUROPE-EU,SPAIN,GATWICK,ALICANTE,98480,90697,7783,111785,105491,6294,-11.902312
25/10/2018 09:34,201808,WESTERN EUROPE-EU,SPAIN,GATWICK,ALMERIA,15782,14106,1676,20841,18989,1852,-24.274267
25/10/2018 09:34,201808,WESTERN EUROPE-EU,SPAIN,GATWICK,ASTURIAS,4554,4554,0,4442,4442,0,2.521387
25/10/2018 09:34,201808,WESTERN EUROPE-EU,SPAIN,GATWICK,BARCELONA,166116,166116,0,150616,150616,0,10.291071
25/10/2018 09:34,201808,WESTERN EUROPE-EU,SPAIN,GATWICK,BILBAO,10130,10130,0,10008,10008,0,1.219025
25/10/2018 09:34,201808,WESTERN EUROPE-EU,SPAIN,GATWICK,GIRONA,2990,0,2990,3706,0,3706,-19.320022
25/10/2018 09:34,201808,WESTERN EUROPE-EU,SPAIN,GATWICK,GRANADA,4430,4430,0,4698,4698,0,-5.704555
25/10/2018 09:34,201808,WESTERN EUROPE-EU,SPAIN,GATWICK,IBIZA,66701,50386,16315,72962,58067,14895,-8.581179
25/10/2018 09:34,201808,WESTERN EUROPE-EU,SPAIN,GATWICK,JEREZ,1829,0,1829,1460,0,1460,25.273973
25/10/2018 09:34,201808,WESTERN EUROPE-EU,SPAIN,GATWICK,MADRID,89732,89732,0,87480,87382,98,2.574303
25/10/2018 09:34,201808,WESTERN EUROPE-EU,SPAIN,GATWICK,MAHON,52215,34923,17292,54792,37409,17383,-4.703241
25/10/2018 09:34,201808,WESTERN EUROPE-EU,SPAIN,GATWICK,MALAGA,130781,121265,9516,144870,135175,9695,-9.725271
25/10/2018 09:34,201808,WESTERN EUROPE-EU,SPAIN,GATWICK,MURCIA SAN JAVIER,20620,20620,0,19853,19853,0,3.863396
25/10/2018 09:34,201808,WESTERN EUROPE-EU,SPAIN,GATWICK,PALMA DE MALLORCA,126976,97525,29451,143284,111685,31599,-11.381592
25/10/2018 09:34,201808,WESTERN EUROPE-EU,SPAIN,GATWICK,REUS,8960,3865,5095,8382,3294,5088,6.895729
25/10/2018 09:34,201808,WESTERN EUROPE-EU,SPAIN,GATWICK,SANTIAGO DE COMPOSTELA (SPAIN),5409,5409,0,9031,9031,0,-40.106301
25/10/2018 09:34,201808,WESTERN EUROPE-EU,SPAIN,GATWICK,SEVILLE,17224,17224,0,15964,15964,0,7.892759
25/10/2018 09:34,201808,WESTERN EUROPE-EU,SPAIN,GATWICK,VALENCIA,37378,37378,0,37297,37297,0,0.217176
25/10/2018 09:34,201808,WESTERN EUROPE-EU,SPAIN,GATWICK,VIGO,47,0,47,0,0,0,0
25/10/2018 09:34,201808,WESTERN EUROPE-EU,SPAIN,HEATHROW,A CORUNA,10529,10529,0,9933,9933,0,6.000201
25/10/2018 09:34,201808,WESTERN EUROPE-EU,SPAIN,HEATHROW,ALMERIA,2374,2374,0,0,0,0,0
25/10/2018 09:34,201808,WESTERN EUROPE-EU,SPAIN,HEATHROW,ASTURIAS,3042,3042,0,3760,3760,0,-19.095745
25/10/2018 09:34,201808,WESTERN EUROPE-EU,SPAIN,HEATHROW,BARCELONA,70503,70503,0,66319,66319,0,6.308901
25/10/2018 09:34,201808,WESTERN EUROPE-EU,SPAIN,HEATHROW,BILBAO,18633,18633,0,17225,17225,0,8.174165
25/10/2018 09:34,201808,WESTERN EUROPE-EU,SPAIN,HEATHROW,IBIZA,10109,10109,0,6218,6218,0,62.576391
25/10/2018 09:34,201808,WESTERN EUROPE-EU,SPAIN,HEATHROW,MADRID,120238,120238,0,126212,126212,0,-4.733306
25/10/2018 09:34,201808,WESTERN EUROPE-EU,SPAIN,HEATHROW,MAHON,2298,2298,0,4656,4656,0,-50.64433
25/10/2018 09:34,201808,WESTERN EUROPE-EU,SPAIN,HEATHROW,MALAGA,11853,11853,0,3923,3923,0,202.141218
25/10/2018 09:34,201808,WESTERN EUROPE-EU,SPAIN,HEATHROW,MURCIA SAN JAVIER,2314,2314,0,2619,2619,0,-11.645666
25/10/2018 09:34,201808,WESTERN EUROPE-EU,SPAIN,HEATHROW,PALMA DE MALLORCA,17748,17748,0,11317,11317,0,56.826014
25/10/2018 09:34,201808,WESTERN EUROPE-EU,SPAIN,LONDON CITY,GRANADA,2198,2198,0,1928,1928,0,14.004149
25/10/2018 09:34,201808,WESTERN EUROPE-EU,SPAIN,LONDON CITY,IBIZA,14759,14759,0,15529,15529,0,-4.958465
25/10/2018 09:34,201808,WESTERN EUROPE-EU,SPAIN,LONDON CITY,MADRID,99,99,0,0,0,0,0
25/10/2018 09:34,201808,WESTERN EUROPE-EU,SPAIN,LONDON CITY,MAHON,1112,1112,0,942,942,0,18.046709
25/10/2018 09:34,201808,WESTERN EUROPE-EU,SPAIN,LONDON CITY,MALAGA,9089,9089,0,9433,9433,0,-3.646772
25/10/2018 09:34,201808,WESTERN EUROPE-EU,SPAIN,LONDON CITY,PALMA DE MALLORCA,9667,9667,0,10081,10081,0,-4.106735
25/10/2018 09:34,201808,WESTERN EUROPE-EU,SPAIN,LUTON,ALICANTE,21405,21405,0,31668,31668,0,-32.408109
25/10/2018 09:34,201808,WESTERN EUROPE-EU,SPAIN,LUTON,BARCELONA,31012,30857,155,50505,50505,0,-38.596179
25/10/2018 09:34,201808,WESTERN EUROPE-EU,SPAIN,LUTON,GIRONA,4978,4978,0,6174,6174,0,-19.371558
25/10/2018 09:34,201808,WESTERN EUROPE-EU,SPAIN,LUTON,IBIZA,16131,12866,3265,16018,11323,4695,0.705456
25/10/2018 09:34,201808,WESTERN EUROPE-EU,SPAIN,LUTON,MADRID,9865,9865,0,10880,10880,0,-9.329044
25/10/2018 09:34,201808,WESTERN EUROPE-EU,SPAIN,LUTON,MAHON,16886,13398,3488,22370,19075,3295,-24.514975
25/10/2018 09:34,201808,WESTERN EUROPE-EU,SPAIN,LUTON,MALAGA,35645,32112,3533,43844,40218,3626,-18.700392
25/10/2018 09:34,201808,WESTERN EUROPE-EU,SPAIN,LUTON,MURCIA SAN JAVIER,11094,11094,0,12771,12771,0,-13.131313
25/10/2018 09:34,201808,WESTERN EUROPE-EU,SPAIN,LUTON,PALMA DE MALLORCA,40932,32550,8382,54646,43925,10721,-25.096073
25/10/2018 09:34,201808,WESTERN EUROPE-EU,SPAIN,LUTON,REUS,3867,2375,1492,1869,0,1869,106.902087
25/10/2018 09:34,201808,WESTERN EUROPE-EU,SPAIN,LUTON,SAN SEBASTIAN,0,0,0,371,371,0,-100
25/10/2018 09:34,201808,WESTERN EUROPE-EU,SPAIN,LUTON,SEVILLE,5497,5497,0,0,0,0,0
25/10/2018 09:34,201808,WESTERN EUROPE-EU,SPAIN,LUTON,VALENCIA,4255,4255,0,4556,4556,0,-6.606673
25/10/2018 09:34,201808,WESTERN EUROPE-EU,SPAIN,LUTON,VIGO,1217,1217,0,1342,1342,0,-9.314456
25/10/2018 09:34,201808,WESTERN EUROPE-EU,SPAIN,SOUTHEND,ALICANTE,13490,13490,0,12152,12152,0,11.010533
25/10/2018 09:34,201808,WESTERN EUROPE-EU,SPAIN,SOUTHEND,BARCELONA,5502,5502,0,4981,4981,0,10.459747
25/10/2018 09:34,201808,WESTERN EUROPE-EU,SPAIN,SOUTHEND,IBIZA,3791,3791,0,3978,3978,0,-4.700855
25/10/2018 09:34,201808,WESTERN EUROPE-EU,SPAIN,SOUTHEND,MAHON,3058,3058,0,2375,2375,0,28.757895
25/10/2018 09:34,201808,WESTERN EUROPE-EU,SPAIN,SOUTHEND,MALAGA,9451,9451,0,9384,9384,0,0.713981
25/10/2018 09:34,201808,WESTERN EUROPE-EU,SPAIN,SOUTHEND,MURCIA SAN JAVIER,2691,2691,0,2686,2686,0,0.18615
25/10/2018 09:34,201808,WESTERN EUROPE-EU,SPAIN,SOUTHEND,PALMA DE MALLORCA,10371,10371,0,15099,15099,0,-31.313332
25/10/2018 09:34,201808,WESTERN EUROPE-EU,SPAIN,SOUTHEND,REUS,0,0,0,2700,2700,0,-100
25/10/2018 09:34,201808,WESTERN EUROPE-EU,SPAIN,STANSTED,ALICANTE,53960,53960,0,42935,42935,0,25.678351
25/10/2018 09:34,201808,WESTERN EUROPE-EU,SPAIN,STANSTED,ALMERIA,6517,6517,0,6520,6520,0,-0.046012
25/10/2018 09:34,201808,WESTERN EUROPE-EU,SPAIN,STANSTED,ASTURIAS,5351,5351,0,9122,9122,0,-41.339619
25/10/2018 09:34,201808,WESTERN EUROPE-EU,SPAIN,STANSTED,BARCELONA,44554,44473,81,33516,33516,0,32.933524
25/10/2018 09:34,201808,WESTERN EUROPE-EU,SPAIN,STANSTED,BILBAO,16345,16345,0,17457,17331,126,-6.369938
25/10/2018 09:34,201808,WESTERN EUROPE-EU,SPAIN,STANSTED,CASTELLON COSTA AZAHAR,2927,2927,0,3665,3665,0,-20.136426
25/10/2018 09:34,201808,WESTERN EUROPE-EU,SPAIN,STANSTED,CASTELLON DE LA PLANA AIRPORT,1827,1827,0,1425,1425,0,28.210526
25/10/2018 09:34,201808,WESTERN EUROPE-EU,SPAIN,STANSTED,GIRONA,14343,14343,0,12454,12454,0,15.167818
25/10/2018 09:34,201808,WESTERN EUROPE-EU,SPAIN,STANSTED,IBIZA,48167,44857,3310,55529,50717,4812,-13.257937
25/10/2018 09:34,201808,WESTERN EUROPE-EU,SPAIN,STANSTED,JEREZ,6453,6453,0,7925,7925,0,-18.574132
25/10/2018 09:34,201808,WESTERN EUROPE-EU,SPAIN,STANSTED,MADRID,44268,44268,0,44578,44578,0,-0.69541
25/10/2018 09:34,201808,WESTERN EUROPE-EU,SPAIN,STANSTED,MAHON,20983,17671,3312,16684,13728,2956,25.767202
25/10/2018 09:34,201808,WESTERN EUROPE-EU,SPAIN,STANSTED,MALAGA,62543,62543,0,61008,61008,0,2.516063
25/10/2018 09:34,201808,WESTERN EUROPE-EU,SPAIN,STANSTED,MURCIA SAN JAVIER,15882,15882,0,18924,18924,0,-16.074826
25/10/2018 09:34,201808,WESTERN EUROPE-EU,SPAIN,STANSTED,PALMA DE MALLORCA,75467,72462,3005,73565,68317,5248,2.585469
25/10/2018 09:34,201808,WESTERN EUROPE-EU,SPAIN,STANSTED,REUS,17111,17111,0,15940,15940,0,7.346299
25/10/2018 09:34,201808,WESTERN EUROPE-EU,SPAIN,STANSTED,SANTANDER,7630,7630,0,7956,7956,0,-4.097536
25/10/2018 09:34,201808,WESTERN EUROPE-EU,SPAIN,STANSTED,SANTIAGO DE COMPOSTELA (SPAIN),7950,7950,0,7968,7968,0,-0.225904
25/10/2018 09:34,201808,WESTERN EUROPE-EU,SPAIN,STANSTED,SEVILLE,11199,11199,0,12968,12968,0,-13.641271
25/10/2018 09:34,201808,WESTERN EUROPE-EU,SPAIN,STANSTED,VALENCIA,11242,11242,0,14684,14684,0,-23.440479
25/10/2018 09:34,201808,WESTERN EUROPE-EU,SPAIN,STANSTED,ZARAGOZA,7662,7662,0,6559,6559,0,16.816588
25/10/2018 09:34,201808,WESTERN EUROPE-EU,SPAIN,ABERDEEN,ALICANTE,3196,3196,0,3214,3214,0,-0.56005
25/10/2018 09:34,201808,WESTERN EUROPE-EU,SPAIN,ABERDEEN,IBIZA,1314,0,1314,1249,0,1249,5.204163
25/10/2018 09:34,201808,WESTERN EUROPE-EU,SPAIN,ABERDEEN,MALAGA,3207,3207,0,3199,3199,0,0.250078
25/10/2018 09:34,201808,WESTERN EUROPE-EU,SPAIN,ABERDEEN,PALMA DE MALLORCA,4047,0,4047,3572,0,3572,13.297872
25/10/2018 09:34,201808,WESTERN EUROPE-EU,SPAIN,ABERDEEN,REUS,1360,0,1360,0,0,0,0
25/10/2018 09:34,201808,WESTERN EUROPE-EU,SPAIN,BELFAST CITY (GEORGE BEST),ALICANTE,0,0,0,3602,3602,0,-100
25/10/2018 09:34,201808,WESTERN EUROPE-EU,SPAIN,BELFAST CITY (GEORGE BEST),MALAGA,7720,7720,0,8809,8809,0,-12.362357
25/10/2018 09:34,201808,WESTERN EUROPE-EU,SPAIN,BELFAST CITY (GEORGE BEST),PALMA DE MALLORCA,0,0,0,3988,3988,0,-100
25/10/2018 09:34,201808,WESTERN EUROPE-EU,SPAIN,BELFAST INTERNATIONAL,ALICANTE,29802,29802,0,27661,27661,0,7.74014
25/10/2018 09:34,201808,WESTERN EUROPE-EU,SPAIN,BELFAST INTERNATIONAL,ALMERIA,2229,2229,0,0,0,0,0
25/10/2018 09:34,201808,WESTERN EUROPE-EU,SPAIN,BELFAST INTERNATIONAL,BARCELONA,7263,7263,0,7967,7295,672,-8.83645
25/10/2018 09:34,201808,WESTERN EUROPE-EU,SPAIN,BELFAST INTERNATIONAL,GIRONA,5606,5606,0,5391,5391,0,3.988128
25/10/2018 09:34,201808,WESTERN EUROPE-EU,SPAIN,BELFAST INTERNATIONAL,IBIZA,8893,7467,1426,9550,6408,3142,-6.879581
25/10/2018 09:34,201808,WESTERN EUROPE-EU,SPAIN,BELFAST INTERNATIONAL,MAHON,4274,2538,1736,4128,2264,1864,3.536822
25/10/2018 09:34,201808,WESTERN EUROPE-EU,SPAIN,BELFAST INTERNATIONAL,MALAGA,26820,25362,1458,25834,24352,1482,3.816676
25/10/2018 09:34,201808,WESTERN EUROPE-EU,SPAIN,BELFAST INTERNATIONAL,PALMA DE MALLORCA,35819,26105,9714,33225,23183,10042,7.807374
25/10/2018 09:34,201808,WESTERN EUROPE-EU,SPAIN,BELFAST INTERNATIONAL,REUS,14264,5298,8966,14130,5314,8816,0.948337
25/10/2018 09:34,201808,WESTERN EUROPE-EU,SPAIN,BELFAST INTERNATIONAL,VALENCIA,2795,2795,0,0,0,0,0
25/10/2018 09:34,201808,WESTERN EUROPE-EU,SPAIN,BIRMINGHAM,A CORUNA,0,0,0,72,0,72,-100
25/10/2018 09:34,201808,WESTERN EUROPE-EU,SPAIN,BIRMINGHAM,ALICANTE,40486,37015,3471,55274,51381,3893,-26.753989
25/10/2018 09:34,201808,WESTERN EUROPE-EU,SPAIN,BIRMINGHAM,ALMERIA,7010,7010,0,3634,3634,0,92.900385
25/10/2018 09:34,201808,WESTERN EUROPE-EU,SPAIN,BIRMINGHAM,BARCELONA,22814,22814,0,36221,36221,0,-37.014439
25/10/2018 09:34,201808,WESTERN EUROPE-EU,SPAIN,BIRMINGHAM,GIRONA,13738,10771,2967,10839,7520,3319,26.74601
25/10/2018 09:34,201808,WESTERN EUROPE-EU,SPAIN,BIRMINGHAM,IBIZA,27254,17117,10137,33456,25457,7999,-18.537781
25/10/2018 09:34,201808,WESTERN EUROPE-EU,SPAIN,BIRMINGHAM,MADRID,11886,11886,0,14609,14609,0,-18.639195
25/10/2018 09:34,201808,WESTERN EUROPE-EU,SPAIN,BIRMINGHAM,MAHON,16984,9889,7095,16573,11311,5262,2.479937
25/10/2018 09:34,201808,WESTERN EUROPE-EU,SPAIN,BIRMINGHAM,MALAGA,46567,39143,7424,62679,55771,6908,-25.705579
25/10/2018 09:34,201808,WESTERN EUROPE-EU,SPAIN,BIRMINGHAM,MURCIA SAN JAVIER,6044,6044,0,6358,6358,0,-4.93866
25/10/2018 09:34,201808,WESTERN EUROPE-EU,SPAIN,BIRMINGHAM,PALMA DE MALLORCA,72079,55289,16790,77793,55811,21982,-7.345134
25/10/2018 09:34,201808,WESTERN EUROPE-EU,SPAIN,BIRMINGHAM,REUS,11310,7975,3335,12749,9449,3300,-11.28716
25/10/2018 09:34,201808,WESTERN EUROPE-EU,SPAIN,BIRMINGHAM,VALENCIA,45,0,45,3191,3191,0,-98.589784
25/10/2018 09:34,201808,WESTERN EUROPE-EU,SPAIN,BOURNEMOUTH,ALICANTE,6432,6432,0,6171,6171,0,4.22946
25/10/2018 09:34,201808,WESTERN EUROPE-EU,SPAIN,BOURNEMOUTH,GIRONA,6368,6368,0,6067,6067,0,4.961266
25/10/2018 09:34,201808,WESTERN EUROPE-EU,SPAIN,BOURNEMOUTH,IBIZA,1778,0,1778,1785,0,1785,-0.392157
25/10/2018 09:34,201808,WESTERN EUROPE-EU,SPAIN,BOURNEMOUTH,MAHON,1475,0,1475,1449,0,1449,1.794341
25/10/2018 09:34,201808,WESTERN EUROPE-EU,SPAIN,BOURNEMOUTH,MALAGA,9653,9653,0,11064,11064,0,-12.753073
25/10/2018 09:34,201808,WESTERN EUROPE-EU,SPAIN,BOURNEMOUTH,MURCIA SAN JAVIER,6039,6039,0,6469,6469,0,-6.647086
25/10/2018 09:34,201808,WESTERN EUROPE-EU,SPAIN,BOURNEMOUTH,PALMA DE MALLORCA,18250,12101,6149,18932,12365,6567,-3.602366
25/10/2018 09:34,201808,WESTERN EUROPE-EU,SPAIN,BOURNEMOUTH,SANTIAGO DE COMPOSTELA (SPAIN),43,0,43,0,0,0,0
25/10/2018 09:34,201808,WESTERN EUROPE-EU,SPAIN,BOURNEMOUTH,SEVILLE,0,0,0,52,0,52,-100
25/10/2018 09:34,201808,WESTERN EUROPE-EU,SPAIN,BRISTOL,ALICANTE,39117,37365,1752,37662,35872,1790,3.86331
25/10/2018 09:34,201808,WESTERN EUROPE-EU,SPAIN,BRISTOL,ALMERIA,1706,1706,0,1493,1493,0,14.266577
25/10/2018 09:34,201808,WESTERN EUROPE-EU,SPAIN,BRISTOL,BARCELONA,21016,21016,0,19767,19767,0,6.318612
25/10/2018 09:34,201808,WESTERN EUROPE-EU,SPAIN,BRISTOL,BILBAO,3859,3859,0,2667,2667,0,44.694413
25/10/2018 09:34,201808,WESTERN EUROPE-EU,SPAIN,BRISTOL,CASTELLON DE LA PLANA AIRPORT,0,0,0,3250,3250,0,-100
25/10/2018 09:34,201808,WESTERN EUROPE-EU,SPAIN,BRISTOL,GIRONA,11138,9648,1490,9888,8035,1853,12.641586
25/10/2018 09:34,201808,WESTERN EUROPE-EU,SPAIN,BRISTOL,IBIZA,18512,11754,6758,17983,10727,7256,2.941667
25/10/2018 09:34,201808,WESTERN EUROPE-EU,SPAIN,BRISTOL,MADRID,9391,9391,0,9503,9503,0,-1.178575
25/10/2018 09:34,201808,WESTERN EUROPE-EU,SPAIN,BRISTOL,MAHON,13161,9409,3752,13309,9831,3478,-1.112029
25/10/2018 09:34,201808,WESTERN EUROPE-EU,SPAIN,BRISTOL,MALAGA,41262,37698,3564,38315,34335,3980,7.691505
25/10/2018 09:34,201808,WESTERN EUROPE-EU,SPAIN,BRISTOL,MURCIA SAN JAVIER,10503,10503,0,9501,9501,0,10.546258
25/10/2018 09:34,201808,WESTERN EUROPE-EU,SPAIN,BRISTOL,PALMA DE MALLORCA,54798,46177,8621,52660,43616,9044,4.060008
25/10/2018 09:34,201808,WESTERN EUROPE-EU,SPAIN,BRISTOL,REUS,2896,1401,1495,4702,3221,1481,-38.409188
25/10/2018 09:34,201808,WESTERN EUROPE-EU,SPAIN,BRISTOL,SEVILLE,2793,2793,0,0,0,0,0
25/10/2018 09:34,201808,WESTERN EUROPE-EU,SPAIN,BRISTOL,VALENCIA,3208,3208,0,0,0,0,0
25/10/2018 09:34,201808,WESTERN EUROPE-EU,SPAIN,CARDIFF WALES,ALICANTE,10413,7424,2989,11261,7957,3304,-7.530415
25/10/2018 09:34,201808,WESTERN EUROPE-EU,SPAIN,CARDIFF WALES,BARCELONA,3921,3921,0,5787,5787,0,-32.244686
25/10/2018 09:34,201808,WESTERN EUROPE-EU,SPAIN,CARDIFF WALES,IBIZA,5963,0,5963,6236,0,6236,-4.377806
25/10/2018 09:34,201808,WESTERN EUROPE-EU,SPAIN,CARDIFF WALES,MADRID,2655,2655,0,2577,2577,0,3.026775
25/10/2018 09:34,201808,WESTERN EUROPE-EU,SPAIN,CARDIFF WALES,MAHON,3139,0,3139,4331,0,4331,-27.522512
25/10/2018 09:34,201808,WESTERN EUROPE-EU,SPAIN,CARDIFF WALES,MALAGA,10516,7218,3298,11160,7791,3369,-5.770609
25/10/2018 09:34,201808,WESTERN EUROPE-EU,SPAIN,CARDIFF WALES,PALMA DE MALLORCA,21308,5460,15848,22213,5947,16266,-4.074191
25/10/2018 09:34,201808,WESTERN EUROPE-EU,SPAIN,CARDIFF WALES,REUS,2784,0,2784,3111,0,3111,-10.51109
25/10/2018 09:34,201808,WESTERN EUROPE-EU,SPAIN,CARDIFF WALES,SEVILLE,47,0,47,0,0,0,0
25/10/2018 09:34,201808,WESTERN EUROPE-EU,SPAIN,CITY OF DERRY (EGLINTON),PALMA DE MALLORCA,609,0,609,690,0,690,-11.73913
25/10/2018 09:34,201808,WESTERN EUROPE-EU,SPAIN,DONCASTER SHEFFIELD,ALICANTE,5403,2320,3083,6355,2957,3398,-14.98033
25/10/2018 09:34,201808,WESTERN EUROPE-EU,SPAIN,DONCASTER SHEFFIELD,IBIZA,2529,0,2529,2618,0,2618,-3.399542
25/10/2018 09:34,201808,WESTERN EUROPE-EU,SPAIN,DONCASTER SHEFFIELD,MAHON,3163,0,3163,3293,0,3293,-3.947768
25/10/2018 09:34,201808,WESTERN EUROPE-EU,SPAIN,DONCASTER SHEFFIELD,MALAGA,5725,2292,3433,6392,2958,3434,-10.434919
25/10/2018 09:34,201808,WESTERN EUROPE-EU,SPAIN,DONCASTER SHEFFIELD,PALMA DE MALLORCA,9235,1405,7830,14299,3054,11245,-35.415064
25/10/2018 09:34,201808,WESTERN EUROPE-EU,SPAIN,DONCASTER SHEFFIELD,REUS,1884,0,1884,1478,0,1478,27.469553
25/10/2018 09:34,201808,WESTERN EUROPE-EU,SPAIN,EAST MIDLANDS INTERNATIONAL,ALICANTE,45929,42977,2952,47234,43911,3323,-2.76284
25/10/2018 09:34,201808,WESTERN EUROPE-EU,SPAIN,EAST MIDLANDS INTERNATIONAL,ALMERIA,2586,2586,0,1438,1438,0,79.833102
25/10/2018 09:34,201808,WESTERN EUROPE-EU,SPAIN,EAST MIDLANDS INTERNATIONAL,BARCELONA,10269,10269,0,11138,11138,0,-7.802119
25/10/2018 09:34,201808,WESTERN EUROPE-EU,SPAIN,EAST MIDLANDS INTERNATIONAL,GIRONA,5348,5348,0,5395,5395,0,-0.871177
25/10/2018 09:34,201808,WESTERN EUROPE-EU,SPAIN,EAST MIDLANDS INTERNATIONAL,IBIZA,20049,16759,3290,21646,16956,4690,-7.377807
25/10/2018 09:34,201808,WESTERN EUROPE-EU,SPAIN,EAST MIDLANDS INTERNATIONAL,MAHON,14977,11949,3028,15701,12169,3532,-4.611171
25/10/2018 09:34,201808,WESTERN EUROPE-EU,SPAIN,EAST MIDLANDS INTERNATIONAL,MALAGA,35022,31708,3314,38091,34863,3228,-8.057021
25/10/2018 09:34,201808,WESTERN EUROPE-EU,SPAIN,EAST MIDLANDS INTERNATIONAL,MURCIA SAN JAVIER,11208,11208,0,11260,11260,0,-0.461812
25/10/2018 09:34,201808,WESTERN EUROPE-EU,SPAIN,EAST MIDLANDS INTERNATIONAL,PALMA DE MALLORCA,55351,47596,7755,58414,47172,11242,-5.243606
25/10/2018 09:34,201808,WESTERN EUROPE-EU,SPAIN,EAST MIDLANDS INTERNATIONAL,REUS,7309,7309,0,6570,6570,0,11.248097
25/10/2018 09:34,201808,WESTERN EUROPE-EU,SPAIN,EAST MIDLANDS INTERNATIONAL,SEVILLE,3010,3010,0,0,0,0,0
25/10/2018 09:34,201808,WESTERN EUROPE-EU,SPAIN,EAST MIDLANDS INTERNATIONAL,VALENCIA,5908,5908,0,6447,6447,0,-8.360478
25/10/2018 09:34,201808,WESTERN EUROPE-EU,SPAIN,EDINBURGH,ALICANTE,21962,21962,0,28485,28485,0,-22.899772
25/10/2018 09:34,201808,WESTERN EUROPE-EU,SPAIN,EDINBURGH,ALMERIA,2518,2518,0,1450,1450,0,73.655172
25/10/2018 09:34,201808,WESTERN EUROPE-EU,SPAIN,EDINBURGH,BARCELONA,20355,20355,0,21099,21099,0,-3.526233
25/10/2018 09:34,201808,WESTERN EUROPE-EU,SPAIN,EDINBURGH,BILBAO,3112,3112,0,3055,3055,0,1.865794
25/10/2018 09:34,201808,WESTERN EUROPE-EU,SPAIN,EDINBURGH,GIRONA,5623,5623,0,5253,5253,0,7.043594
25/10/2018 09:34,201808,WESTERN EUROPE-EU,SPAIN,EDINBURGH,IBIZA,8184,8184,0,7556,7556,0,8.311276
25/10/2018 09:34,201808,WESTERN EUROPE-EU,SPAIN,EDINBURGH,MADRID,21647,21647,0,20744,20744,0,4.353066
25/10/2018 09:34,201808,WESTERN EUROPE-EU,SPAIN,EDINBURGH,MAHON,3182,2485,697,2874,2160,714,10.716771
25/10/2018 09:34,201808,WESTERN EUROPE-EU,SPAIN,EDINBURGH,MALAGA,19951,19364,587,22515,21945,570,-11.387964
25/10/2018 09:34,201808,WESTERN EUROPE-EU,SPAIN,EDINBURGH,MURCIA SAN JAVIER,2598,2598,0,2314,2314,0,12.27312
25/10/2018 09:34,201808,WESTERN EUROPE-EU,SPAIN,EDINBURGH,PALMA DE MALLORCA,30410,24539,5871,29847,24338,5509,1.886287
25/10/2018 09:34,201808,WESTERN EUROPE-EU,SPAIN,EDINBURGH,REUS,3629,3629,0,3751,3751,0,-3.252466
25/10/2018 09:34,201808,WESTERN EUROPE-EU,SPAIN,EDINBURGH,SANTANDER,3248,3248,0,4775,4775,0,-31.979058
25/10/2018 09:34,201808,WESTERN EUROPE-EU,SPAIN,EDINBURGH,SEVILLE,3054,3054,0,0,0,0,0
25/10/2018 09:34,201808,WESTERN EUROPE-EU,SPAIN,EDINBURGH,VALENCIA,4627,4627,0,0,0,0,0
25/10/2018 09:34,201808,WESTERN EUROPE-EU,SPAIN,EDINBURGH,VIGO,3198,3198,0,3271,3271,0,-2.231733
25/10/2018 09:34,201808,WESTERN EUROPE-EU,SPAIN,EXETER,ALICANTE,4042,4042,0,3818,3818,0,5.866946
25/10/2018 09:34,201808,WESTERN EUROPE-EU,SPAIN,EXETER,IBIZA,1365,0,1365,1700,0,1700,-19.705882
25/10/2018 09:34,201808,WESTERN EUROPE-EU,SPAIN,EXETER,MAHON,2967,0,2967,2945,0,2945,0.747029
25/10/2018 09:34,201808,WESTERN EUROPE-EU,SPAIN,EXETER,MALAGA,3865,3865,0,3618,3618,0,6.826976
25/10/2018 09:34,201808,WESTERN EUROPE-EU,SPAIN,EXETER,PALMA DE MALLORCA,9720,2845,6875,11000,2779,8221,-11.636364
25/10/2018 09:34,201808,WESTERN EUROPE-EU,SPAIN,GLASGOW,ALICANTE,27766,26992,774,34163,30393,3770,-18.724936
25/10/2018 09:34,201808,WESTERN EUROPE-EU,SPAIN,GLASGOW,ALMERIA,0,0,0,79,79,0,-100
25/10/2018 09:34,201808,WESTERN EUROPE-EU,SPAIN,GLASGOW,BARCELONA,5365,4688,677,5635,4856,779,-4.791482
25/10/2018 09:34,201808,WESTERN EUROPE-EU,SPAIN,GLASGOW,GIRONA,3194,3194,0,2790,2790,0,14.480287
25/10/2018 09:34,201808,WESTERN EUROPE-EU,SPAIN,GLASGOW,IBIZA,14353,11270,3083,15290,10548,4742,-6.128188
25/10/2018 09:34,201808,WESTERN EUROPE-EU,SPAIN,GLASGOW,MADRID,6018,6018,0,0,0,0,0
25/10/2018 09:34,201808,WESTERN EUROPE-EU,SPAIN,GLASGOW,MAHON,4634,3963,671,4429,3672,757,4.628584
25/10/2018 09:34,201808,WESTERN EUROPE-EU,SPAIN,GLASGOW,MALAGA,26060,24586,1474,27216,23784,3432,-4.247501
25/10/2018 09:34,201808,WESTERN EUROPE-EU,SPAIN,GLASGOW,PALMA DE MALLORCA,30077,23455,6622,40992,33104,7888,-26.627147
25/10/2018 09:34,201808,WESTERN EUROPE-EU,SPAIN,GLASGOW,REUS,8663,6720,1943,13479,7701,5778,-35.729654
25/10/2018 09:34,201808,WESTERN EUROPE-EU,SPAIN,GLASGOW,VALENCIA,3118,3118,0,2858,2858,0,9.097271
25/10/2018 09:34,201808,WESTERN EUROPE-EU,SPAIN,HUMBERSIDE,ALICANTE,0,0,0,499,0,499,-100
25/10/2018 09:34,201808,WESTERN EUROPE-EU,SPAIN,HUMBERSIDE,PALMA DE MALLORCA,1392,0,1392,2333,0,2333,-40.334333
25/10/2018 09:34,201808,WESTERN EUROPE-EU,SPAIN,ISLE OF MAN,PALMA DE MALLORCA,524,75,449,375,0,375,39.733333
25/10/2018 09:34,201808,WESTERN EUROPE-EU,SPAIN,JERSEY,PALMA DE MALLORCA,934,0,934,1285,0,1285,-27.315175
25/10/2018 09:34,201808,WESTERN EUROPE-EU,SPAIN,LEEDS BRADFORD,ALICANTE,38464,38464,0,39374,39258,116,-2.31117
25/10/2018 09:34,201808,WESTERN EUROPE-EU,SPAIN,LEEDS BRADFORD,ALMERIA,2564,2564,0,2600,2600,0,-1.384615
25/10/2018 09:34,201808,WESTERN EUROPE-EU,SPAIN,LEEDS BRADFORD,BARCELONA,5558,5558,0,8456,8456,0,-34.271523
25/10/2018 09:34,201808,WESTERN EUROPE-EU,SPAIN,LEEDS BRADFORD,GIRONA,6979,6979,0,5725,5725,0,21.90393
25/10/2018 09:34,201808,WESTERN EUROPE-EU,SPAIN,LEEDS BRADFORD,IBIZA,19948,18611,1337,21331,19892,1439,-6.483522
25/10/2018 09:34,201808,WESTERN EUROPE-EU,SPAIN,LEEDS BRADFORD,MAHON,8724,7139,1585,10691,9261,1430,-18.398653
25/10/2018 09:34,201808,WESTERN EUROPE-EU,SPAIN,LEEDS BRADFORD,MALAGA,36946,35455,1491,39140,39140,0,-5.605519
25/10/2018 09:34,201808,WESTERN EUROPE-EU,SPAIN,LEEDS BRADFORD,MURCIA SAN JAVIER,8299,8299,0,8338,8338,0,-0.467738
25/10/2018 09:34,201808,WESTERN EUROPE-EU,SPAIN,LEEDS BRADFORD,PALMA DE MALLORCA,49912,40533,9379,53896,45690,8206,-7.392014
25/10/2018 09:34,201808,WESTERN EUROPE-EU,SPAIN,LEEDS BRADFORD,REUS,4484,4484,0,4042,4042,0,10.935181
25/10/2018 09:34,201808,WESTERN EUROPE-EU,SPAIN,LIVERPOOL (JOHN LENNON),ALICANTE,30485,30485,0,28999,28999,0,5.124315
25/10/2018 09:34,201808,WESTERN EUROPE-EU,SPAIN,LIVERPOOL (JOHN LENNON),BARCELONA,26399,26399,0,24036,24036,0,9.831087
25/10/2018 09:34,201808,WESTERN EUROPE-EU,SPAIN,LIVERPOOL (JOHN LENNON),GIRONA,3215,3215,0,3169,3169,0,1.451562
25/10/2018 09:34,201808,WESTERN EUROPE-EU,SPAIN,LIVERPOOL (JOHN LENNON),IBIZA,5688,4334,1354,5772,4299,1473,-1.455301
25/10/2018 09:34,201808,WESTERN EUROPE-EU,SPAIN,LIVERPOOL (JOHN LENNON),MADRID,5933,5933,0,7942,7942,0,-25.295895
25/10/2018 09:34,201808,WESTERN EUROPE-EU,SPAIN,LIVERPOOL (JOHN LENNON),MAHON,0,0,0,3498,3498,0,-100
25/10/2018 09:34,201808,WESTERN EUROPE-EU,SPAIN,LIVERPOOL (JOHN LENNON),MALAGA,32205,32205,0,30061,30061,0,7.132165
25/10/2018 09:34,201808,WESTERN EUROPE-EU,SPAIN,LIVERPOOL (JOHN LENNON),PALMA DE MALLORCA,34148,32713,1435,32497,29264,3233,5.080469
25/10/2018 09:34,201808,WESTERN EUROPE-EU,SPAIN,LIVERPOOL (JOHN LENNON),REUS,3206,3206,0,3236,3236,0,-0.92707
25/10/2018 09:34,201808,WESTERN EUROPE-EU,SPAIN,LIVERPOOL (JOHN LENNON),SEVILLE,0,0,0,58,0,58,-100
25/10/2018 09:34,201808,WESTERN EUROPE-EU,SPAIN,LIVERPOOL (JOHN LENNON),VALENCIA,48,0,48,0,0,0,0
25/10/2018 09:34,201808,WESTERN EUROPE-EU,SPAIN,MANCHESTER,ALICANTE,90757,82958,7799,110911,102815,8096,-18.171327
25/10/2018 09:34,201808,WESTERN EUROPE-EU,SPAIN,MANCHESTER,ALMERIA,15235,13440,1795,16951,13634,3317,-10.123297
25/10/2018 09:34,201808,WESTERN EUROPE-EU,SPAIN,MANCHESTER,BARCELONA,42407,42407,0,54532,54532,0,-22.234651
25/10/2018 09:34,201808,WESTERN EUROPE-EU,SPAIN,MANCHESTER,BILBAO,9303,9303,0,7288,7288,0,27.648189
25/10/2018 09:34,201808,WESTERN EUROPE-EU,SPAIN,MANCHESTER,GIRONA,16036,12857,3179,16714,11235,5479,-4.05648
25/10/2018 09:34,201808,WESTERN EUROPE-EU,SPAIN,MANCHESTER,GRANADA,3143,3143,0,2949,2949,0,6.578501
25/10/2018 09:34,201808,WESTERN EUROPE-EU,SPAIN,MANCHESTER,IBIZA,61415,46469,14946,61575,46727,14848,-0.259846
25/10/2018 09:34,201808,WESTERN EUROPE-EU,SPAIN,MANCHESTER,MADRID,15042,15042,0,15240,15240,0,-1.299213
25/10/2018 09:34,201808,WESTERN EUROPE-EU,SPAIN,MANCHESTER,MAHON,29859,13775,16084,36439,20264,16175,-18.057576
25/10/2018 09:34,201808,WESTERN EUROPE-EU,SPAIN,MANCHESTER,MALAGA,65140,56356,8784,85602,77191,8411,-23.903647
25/10/2018 09:34,201808,WESTERN EUROPE-EU,SPAIN,MANCHESTER,MURCIA SAN JAVIER,18699,18699,0,18666,18666,0,0.176792
25/10/2018 09:34,201808,WESTERN EUROPE-EU,SPAIN,MANCHESTER,PALMA DE MALLORCA,125383,104087,21296,134269,106185,28084,-6.618058
25/10/2018 09:34,201808,WESTERN EUROPE-EU,SPAIN,MANCHESTER,REUS,20944,14770,6174,18956,12444,6512,10.487445
25/10/2018 09:34,201808,WESTERN EUROPE-EU,SPAIN,MANCHESTER,SEVILLE,5099,5099,0,0,0,0,0
25/10/2018 09:34,201808,WESTERN EUROPE-EU,SPAIN,MANCHESTER,VALENCIA,5040,5040,0,4751,4751,0,6.08293
25/10/2018 09:34,201808,WESTERN EUROPE-EU,SPAIN,NEWCASTLE,ALICANTE,40079,40079,0,43789,43789,0,-8.472447
25/10/2018 09:34,201808,WESTERN EUROPE-EU,SPAIN,NEWCASTLE,ALMERIA,2486,2486,0,2652,2652,0,-6.259427
25/10/2018 09:34,201808,WESTERN EUROPE-EU,SPAIN,NEWCASTLE,BARCELONA,6840,6840,0,6514,6514,0,5.004605
25/10/2018 09:34,201808,WESTERN EUROPE-EU,SPAIN,NEWCASTLE,GIRONA,5363,5363,0,6877,6877,0,-22.015414
25/10/2018 09:34,201808,WESTERN EUROPE-EU,SPAIN,NEWCASTLE,IBIZA,17100,17100,0,15556,15556,0,9.925431
25/10/2018 09:34,201808,WESTERN EUROPE-EU,SPAIN,NEWCASTLE,MADRID,3194,3194,0,2865,2865,0,11.483421
25/10/2018 09:34,201808,WESTERN EUROPE-EU,SPAIN,NEWCASTLE,MAHON,8253,8253,0,9934,9934,0,-16.921683
25/10/2018 09:34,201808,WESTERN EUROPE-EU,SPAIN,NEWCASTLE,MALAGA,30899,30899,0,30315,30315,0,1.926439
25/10/2018 09:34,201808,WESTERN EUROPE-EU,SPAIN,NEWCASTLE,MURCIA SAN JAVIER,2577,2577,0,2598,2598,0,-0.808314
25/10/2018 09:34,201808,WESTERN EUROPE-EU,SPAIN,NEWCASTLE,PALMA DE MALLORCA,50556,50556,0,56623,56623,0,-10.714727
25/10/2018 09:34,201808,WESTERN EUROPE-EU,SPAIN,NEWCASTLE,REUS,10756,10756,0,11724,11724,0,-8.256568
25/10/2018 09:34,201808,WESTERN EUROPE-EU,SPAIN,NEWQUAY,ALICANTE,3223,3223,0,3264,3264,0,-1.256127
25/10/2018 09:34,201808,WESTERN EUROPE-EU,SPAIN,NORWICH,ALICANTE,1998,1998,0,1962,1962,0,1.834862
25/10/2018 09:34,201808,WESTERN EUROPE-EU,SPAIN,NORWICH,IBIZA,1555,0,1555,1315,0,1315,18.250951
25/10/2018 09:34,201808,WESTERN EUROPE-EU,SPAIN,NORWICH,MAHON,1263,0,1263,1436,0,1436,-12.047354
25/10/2018 09:34,201808,WESTERN EUROPE-EU,SPAIN,NORWICH,MALAGA,1973,1973,0,1886,1886,0,4.612937
25/10/2018 09:34,201808,WESTERN EUROPE-EU,SPAIN,NORWICH,PALMA DE MALLORCA,4340,0,4340,4780,0,4780,-9.205021
25/10/2018 09:34,201808,WESTERN EUROPE-EU,SPAIN,PRESTWICK,ALICANTE,7926,7926,0,12283,12283,0,-35.47179
25/10/2018 09:34,201808,WESTERN EUROPE-EU,SPAIN,PRESTWICK,BARCELONA,10742,10742,0,10769,10769,0,-0.25072
25/10/2018 09:34,201808,WESTERN EUROPE-EU,SPAIN,PRESTWICK,GIRONA,2877,2877,0,2736,2736,0,5.153509
25/10/2018 09:34,201808,WESTERN EUROPE-EU,SPAIN,PRESTWICK,IBIZA,2687,2687,0,2641,2641,0,1.741764
25/10/2018 09:34,201808,WESTERN EUROPE-EU,SPAIN,PRESTWICK,MALAGA,9301,9301,0,10795,10795,0,-13.839741
25/10/2018 09:34,201808,WESTERN EUROPE-EU,SPAIN,PRESTWICK,MURCIA SAN JAVIER,3208,3208,0,2872,2872,0,11.699164
25/10/2018 09:34,201808,WESTERN EUROPE-EU,SPAIN,PRESTWICK,PALMA DE MALLORCA,8960,8960,0,9027,9027,0,-0.742218
25/10/2018 09:34,201808,WESTERN EUROPE-EU,SPAIN,PRESTWICK,REUS,0,0,0,3014,3014,0,-100
25/10/2018 09:34,201808,WESTERN EUROPE-EU,SPAIN,SOUTHAMPTON,ALICANTE,5274,5274,0,4976,4976,0,5.988746
25/10/2018 09:34,201808,WESTERN EUROPE-EU,SPAIN,SOUTHAMPTON,IBIZA,1248,0,1248,1138,1138,0,9.666081
25/10/2018 09:34,201808,WESTERN EUROPE-EU,SPAIN,SOUTHAMPTON,MAHON,573,74,499,0,0,0,0
25/10/2018 09:34,201808,WESTERN EUROPE-EU,SPAIN,SOUTHAMPTON,MALAGA,3916,3916,0,3878,3878,0,0.979887
25/10/2018 09:34,201808,WESTERN EUROPE-EU,SPAIN,SOUTHAMPTON,PALMA DE MALLORCA,3927,1986,1941,6984,6984,0,-43.771478
25/10/2018 09:34,201808,WESTERN EUROPE-EU,SPAIN(CANARY ISLANDS),GATWICK,ARRECIFE,31761,25337,6424,47137,39379,7758,-32.61981
25/10/2018 09:34,201808,WESTERN EUROPE-EU,SPAIN(CANARY ISLANDS),GATWICK,FUERTEVENTURA,17847,12807,5040,18732,13275,5457,-4.724536
25/10/2018 09:34,201808,WESTERN EUROPE-EU,SPAIN(CANARY ISLANDS),GATWICK,LAS PALMAS,27526,18735,8791,33418,24552,8866,-17.631217
25/10/2018 09:34,201808,WESTERN EUROPE-EU,SPAIN(CANARY ISLANDS),GATWICK,SANTA CRUZ DE LA PALMA,1815,0,1815,1841,0,1841,-1.412276
25/10/2018 09:34,201808,WESTERN EUROPE-EU,SPAIN(CANARY ISLANDS),GATWICK,TENERIFE (SURREINA SOFIA),65601,51960,13641,77728,60455,17273,-15.601842
25/10/2018 09:34,201808,WESTERN EUROPE-EU,SPAIN(CANARY ISLANDS),HEATHROW,LAS PALMAS,1211,1211,0,5143,5143,0,-76.453432
25/10/2018 09:34,201808,WESTERN EUROPE-EU,SPAIN(CANARY ISLANDS),HEATHROW,TENERIFE (SURREINA SOFIA),1206,1206,0,0,0,0,0
25/10/2018 09:34,201808,WESTERN EUROPE-EU,SPAIN(CANARY ISLANDS),LUTON,ARRECIFE,10231,6613,3618,12781,9349,3432,-19.95149
25/10/2018 09:34,201808,WESTERN EUROPE-EU,SPAIN(CANARY ISLANDS),LUTON,FUERTEVENTURA,4341,2856,1485,4704,3203,1501,-7.716837
25/10/2018 09:34,201808,WESTERN EUROPE-EU,SPAIN(CANARY ISLANDS),LUTON,LAS PALMAS,5029,3262,1767,6481,4733,1748,-22.40395
25/10/2018 09:34,201808,WESTERN EUROPE-EU,SPAIN(CANARY ISLANDS),LUTON,TENERIFE (SURREINA SOFIA),11596,7888,3708,18736,15103,3633,-38.108454
25/10/2018 09:34,201808,WESTERN EUROPE-EU,SPAIN(CANARY ISLANDS),STANSTED,ARRECIFE,26164,26164,0,24525,24525,0,6.682977
25/10/2018 09:34,201808,WESTERN EUROPE-EU,SPAIN(CANARY ISLANDS),STANSTED,FUERTEVENTURA,16426,14557,1869,16597,14730,1867,-1.030307
25/10/2018 09:34,201808,WESTERN EUROPE-EU,SPAIN(CANARY ISLANDS),STANSTED,LAS PALMAS,20081,18573,1508,18247,16745,1502,10.050967
25/10/2018 09:34,201808,WESTERN EUROPE-EU,SPAIN(CANARY ISLANDS),STANSTED,TENERIFE (SURREINA SOFIA),34083,32223,1860,29707,28199,1508,14.730535
25/10/2018 09:34,201808,WESTERN EUROPE-EU,SPAIN(CANARY ISLANDS),ABERDEEN,LAS PALMAS,1289,0,1289,1042,0,1042,23.704415
25/10/2018 09:34,201808,WESTERN EUROPE-EU,SPAIN(CANARY ISLANDS),ABERDEEN,TENERIFE (SURREINA SOFIA),1458,0,1458,1161,0,1161,25.581395
25/10/2018 09:34,201808,WESTERN EUROPE-EU,SPAIN(CANARY ISLANDS),BELFAST INTERNATIONAL,ARRECIFE,11950,6313,5637,11166,5422,5744,7.021315
25/10/2018 09:34,201808,WESTERN EUROPE-EU,SPAIN(CANARY ISLANDS),BELFAST INTERNATIONAL,FUERTEVENTURA,3267,3267,0,1468,1468,0,122.547684
25/10/2018 09:34,201808,WESTERN EUROPE-EU,SPAIN(CANARY ISLANDS),BELFAST INTERNATIONAL,LAS PALMAS,4753,3274,1479,5881,2491,3390,-19.180411
25/10/2018 09:34,201808,WESTERN EUROPE-EU,SPAIN(CANARY ISLANDS),BELFAST INTERNATIONAL,TENERIFE (SURREINA SOFIA),11279,5988,5291,11154,5814,5340,1.120674
25/10/2018 09:34,201808,WESTERN EUROPE-EU,SPAIN(CANARY ISLANDS),BIRMINGHAM,ARRECIFE,22111,16758,5353,27554,22207,5347,-19.753938
25/10/2018 09:34,201808,WESTERN EUROPE-EU,SPAIN(CANARY ISLANDS),BIRMINGHAM,FUERTEVENTURA,13626,10107,3519,17591,14305,3286,-22.539935
25/10/2018 09:34,201808,WESTERN EUROPE-EU,SPAIN(CANARY ISLANDS),BIRMINGHAM,LAS PALMAS,18717,13689,5028,21994,18626,3368,-14.899518
25/10/2018 09:34,201808,WESTERN EUROPE-EU,SPAIN(CANARY ISLANDS),BIRMINGHAM,TENERIFE (SURREINA SOFIA),28809,21553,7256,42805,37459,5346,-32.697115
25/10/2018 09:34,201808,WESTERN EUROPE-EU,SPAIN(CANARY ISLANDS),BOURNEMOUTH,ARRECIFE,3300,0,3300,3267,0,3267,1.010101
25/10/2018 09:34,201808,WESTERN EUROPE-EU,SPAIN(CANARY ISLANDS),BOURNEMOUTH,LAS PALMAS,2900,1435,1465,4689,3204,1485,-38.153124
25/10/2018 09:34,201808,WESTERN EUROPE-EU,SPAIN(CANARY ISLANDS),BOURNEMOUTH,TENERIFE (SURREINA SOFIA),2923,1454,1469,3632,1797,1835,-19.520925
25/10/2018 09:34,201808,WESTERN EUROPE-EU,SPAIN(CANARY ISLANDS),BRISTOL,ARRECIFE,13244,9597,3647,13507,9977,3530,-1.947139
25/10/2018 09:34,201808,WESTERN EUROPE-EU,SPAIN(CANARY ISLANDS),BRISTOL,FUERTEVENTURA,5068,3249,1819,5127,3252,1875,-1.15077
25/10/2018 09:34,201808,WESTERN EUROPE-EU,SPAIN(CANARY ISLANDS),BRISTOL,LAS PALMAS,8555,4964,3591,10066,6715,3351,-15.010928
25/10/2018 09:34,201808,WESTERN EUROPE-EU,SPAIN(CANARY ISLANDS),BRISTOL,TENERIFE (SURREINA SOFIA),16349,13007,3342,14572,13069,1503,12.19462
25/10/2018 09:34,201808,WESTERN EUROPE-EU,SPAIN(CANARY ISLANDS),CARDIFF WALES,ARRECIFE,5026,0,5026,4769,0,4769,5.38897
25/10/2018 09:34,201808,WESTERN EUROPE-EU,SPAIN(CANARY ISLANDS),CARDIFF WALES,LAS PALMAS,1467,0,1467,1471,0,1471,-0.271924
25/10/2018 09:34,201808,WESTERN EUROPE-EU,SPAIN(CANARY ISLANDS),CARDIFF WALES,TENERIFE (SURREINA SOFIA),7952,1724,6228,8249,1786,6463,-3.600436
25/10/2018 09:34,201808,WESTERN EUROPE-EU,SPAIN(CANARY ISLANDS),DONCASTER SHEFFIELD,ARRECIFE,3425,0,3425,3368,0,3368,1.692399
25/10/2018 09:34,201808,WESTERN EUROPE-EU,SPAIN(CANARY ISLANDS),DONCASTER SHEFFIELD,LAS PALMAS,1544,0,1544,1497,0,1497,3.139613
25/10/2018 09:34,201808,WESTERN EUROPE-EU,SPAIN(CANARY ISLANDS),DONCASTER SHEFFIELD,TENERIFE (SURREINA SOFIA),3411,0,3411,3402,0,3402,0.26455
25/10/2018 09:34,201808,WESTERN EUROPE-EU,SPAIN(CANARY ISLANDS),EAST MIDLANDS INTERNATIONAL,ARRECIFE,16346,14513,1833,17539,15910,1629,-6.801984
25/10/2018 09:34,201808,WESTERN EUROPE-EU,SPAIN(CANARY ISLANDS),EAST MIDLANDS INTERNATIONAL,FUERTEVENTURA,9567,7739,1828,11488,8220,3268,-16.721797
25/10/2018 09:34,201808,WESTERN EUROPE-EU,SPAIN(CANARY ISLANDS),EAST MIDLANDS INTERNATIONAL,LAS PALMAS,8140,8140,0,8340,8340,0,-2.398082
25/10/2018 09:34,201808,WESTERN EUROPE-EU,SPAIN(CANARY ISLANDS),EAST MIDLANDS INTERNATIONAL,TENERIFE (SURREINA SOFIA),29239,24278,4961,30762,25935,4827,-4.950913
25/10/2018 09:34,201808,WESTERN EUROPE-EU,SPAIN(CANARY ISLANDS),EDINBURGH,ARRECIFE,8318,6476,1842,7605,5808,1797,9.375411
25/10/2018 09:34,201808,WESTERN EUROPE-EU,SPAIN(CANARY ISLANDS),EDINBURGH,FUERTEVENTURA,6609,6609,0,6333,6333,0,4.358124
25/10/2018 09:34,201808,WESTERN EUROPE-EU,SPAIN(CANARY ISLANDS),EDINBURGH,LAS PALMAS,7452,5948,1504,7498,6110,1388,-0.613497
25/10/2018 09:34,201808,WESTERN EUROPE-EU,SPAIN(CANARY ISLANDS),EDINBURGH,TENERIFE (SURREINA SOFIA),22341,18977,3364,21912,18608,3304,1.957831
25/10/2018 09:34,201808,WESTERN EUROPE-EU,SPAIN(CANARY ISLANDS),EXETER,ARRECIFE,3251,0,3251,3254,0,3254,-0.092194
25/10/2018 09:34,201808,WESTERN EUROPE-EU,SPAIN(CANARY ISLANDS),EXETER,LAS PALMAS,1512,0,1512,1505,0,1505,0.465116
25/10/2018 09:34,201808,WESTERN EUROPE-EU,SPAIN(CANARY ISLANDS),EXETER,TENERIFE (SURREINA SOFIA),1493,0,1493,1873,0,1873,-20.288308
25/10/2018 09:34,201808,WESTERN EUROPE-EU,SPAIN(CANARY ISLANDS),GLASGOW,ARRECIFE,13481,11331,2150,14016,12206,1810,-3.817066
25/10/2018 09:34,201808,WESTERN EUROPE-EU,SPAIN(CANARY ISLANDS),GLASGOW,FUERTEVENTURA,4946,4946,0,4997,3321,1676,-1.020612
25/10/2018 09:34,201808,WESTERN EUROPE-EU,SPAIN(CANARY ISLANDS),GLASGOW,LAS PALMAS,6523,6523,0,8232,6600,1632,-20.760447
25/10/2018 09:34,201808,WESTERN EUROPE-EU,SPAIN(CANARY ISLANDS),GLASGOW,TENERIFE (SURREINA SOFIA),14155,12196,1959,20708,15158,5550,-31.644775
25/10/2018 09:34,201808,WESTERN EUROPE-EU,SPAIN(CANARY ISLANDS),LEEDS BRADFORD,ARRECIFE,13182,13182,0,14420,14420,0,-8.585298
25/10/2018 09:34,201808,WESTERN EUROPE-EU,SPAIN(CANARY ISLANDS),LEEDS BRADFORD,FUERTEVENTURA,6391,6391,0,6834,6834,0,-6.482294
25/10/2018 09:34,201808,WESTERN EUROPE-EU,SPAIN(CANARY ISLANDS),LEEDS BRADFORD,LAS PALMAS,9342,9342,0,10196,10196,0,-8.375834
25/10/2018 09:34,201808,WESTERN EUROPE-EU,SPAIN(CANARY ISLANDS),LEEDS BRADFORD,TENERIFE (SURREINA SOFIA),17774,16295,1479,19747,18434,1313,-9.991391
25/10/2018 09:34,201808,WESTERN EUROPE-EU,SPAIN(CANARY ISLANDS),LIVERPOOL (JOHN LENNON),ARRECIFE,6264,6264,0,7582,7582,0,-17.383276
25/10/2018 09:34,201808,WESTERN EUROPE-EU,SPAIN(CANARY ISLANDS),LIVERPOOL (JOHN LENNON),FUERTEVENTURA,4919,4919,0,4773,4773,0,3.058873
25/10/2018 09:34,201808,WESTERN EUROPE-EU,SPAIN(CANARY ISLANDS),LIVERPOOL (JOHN LENNON),LAS PALMAS,3200,3200,0,3303,3303,0,-3.118377
25/10/2018 09:34,201808,WESTERN EUROPE-EU,SPAIN(CANARY ISLANDS),LIVERPOOL (JOHN LENNON),TENERIFE (SURREINA SOFIA),5042,5042,0,4750,4750,0,6.147368
25/10/2018 09:34,201808,WESTERN EUROPE-EU,SPAIN(CANARY ISLANDS),MANCHESTER,ARRECIFE,39842,30935,8907,50165,39815,10350,-20.578092
25/10/2018 09:34,201808,WESTERN EUROPE-EU,SPAIN(CANARY ISLANDS),MANCHESTER,FUERTEVENTURA,22069,16958,5111,24045,18380,5665,-8.217925
25/10/2018 09:34,201808,WESTERN EUROPE-EU,SPAIN(CANARY ISLANDS),MANCHESTER,LAS PALMAS,29121,19946,9175,33757,22317,11440,-13.733448
25/10/2018 09:34,201808,WESTERN EUROPE-EU,SPAIN(CANARY ISLANDS),MANCHESTER,SANTA CRUZ DE LA PALMA,1831,0,1831,1660,0,1660,10.301205
25/10/2018 09:34,201808,WESTERN EUROPE-EU,SPAIN(CANARY ISLANDS),MANCHESTER,TENERIFE (SURREINA SOFIA),71211,56538,14673,82094,68005,14089,-13.256754
25/10/2018 09:34,201808,WESTERN EUROPE-EU,SPAIN(CANARY ISLANDS),NEWCASTLE,ARRECIFE,13300,13300,0,15718,15718,0,-15.383637
25/10/2018 09:34,201808,WESTERN EUROPE-EU,SPAIN(CANARY ISLANDS),NEWCASTLE,FUERTEVENTURA,6653,6653,0,6275,6275,0,6.023904
25/10/2018 09:34,201808,WESTERN EUROPE-EU,SPAIN(CANARY ISLANDS),NEWCASTLE,LAS PALMAS,5943,5943,0,6412,6412,0,-7.31441
25/10/2018 09:34,201808,WESTERN EUROPE-EU,SPAIN(CANARY ISLANDS),NEWCASTLE,TENERIFE (SURREINA SOFIA),19387,19387,0,20746,20746,0,-6.55066
25/10/2018 09:34,201808,WESTERN EUROPE-EU,SPAIN(CANARY ISLANDS),NORWICH,LAS PALMAS,1391,0,1391,1401,0,1401,-0.713776
25/10/2018 09:34,201808,WESTERN EUROPE-EU,SPAIN(CANARY ISLANDS),NORWICH,TENERIFE (NORTE LOS RODEOS),0,0,0,1370,0,1370,-100
25/10/2018 09:34,201808,WESTERN EUROPE-EU,SPAIN(CANARY ISLANDS),NORWICH,TENERIFE (SURREINA SOFIA),1356,0,1356,0,0,0,0
25/10/2018 09:34,201808,WESTERN EUROPE-EU,SPAIN(CANARY ISLANDS),PRESTWICK,ARRECIFE,2713,2713,0,3054,3054,0,-11.165684
25/10/2018 09:34,201808,WESTERN EUROPE-EU,SPAIN(CANARY ISLANDS),PRESTWICK,FUERTEVENTURA,1347,1347,0,1709,1709,0,-21.181978
25/10/2018 09:34,201808,WESTERN EUROPE-EU,SPAIN(CANARY ISLANDS),PRESTWICK,LAS PALMAS,2919,2919,0,3174,3174,0,-8.034026
25/10/2018 09:34,201808,WESTERN EUROPE-EU,SPAIN(CANARY ISLANDS),PRESTWICK,TENERIFE (SURREINA SOFIA),9301,9301,0,9732,9732,0,-4.428689
25/10/2018 09:34,201808,WESTERN EUROPE-EU,SWEDEN,GATWICK,GOTEBORG (LANDVETTER),16536,16536,0,18162,18162,0,-8.952759
25/10/2018 09:34,201808,WESTERN EUROPE-EU,SWEDEN,GATWICK,STOCKHOLM (ARLANDA),46932,46932,0,46805,46805,0,0.271339
25/10/2018 09:34,201808,WESTERN EUROPE-EU,SWEDEN,HEATHROW,GOTEBORG (LANDVETTER),22986,22986,0,21607,21607,0,6.382191
25/10/2018 09:34,201808,WESTERN EUROPE-EU,SWEDEN,HEATHROW,STOCKHOLM (ARLANDA),86269,86269,0,88835,88835,0,-2.888501
25/10/2018 09:34,201808,WESTERN EUROPE-EU,SWEDEN,LUTON,STOCKHOLM (ARLANDA),5121,5121,0,7639,7639,0,-32.96243
25/10/2018 09:34,201808,WESTERN EUROPE-EU,SWEDEN,STANSTED,GOTEBORG (LANDVETTER),13225,13225,0,13257,13257,0,-0.241382
25/10/2018 09:34,201808,WESTERN EUROPE-EU,SWEDEN,STANSTED,STOCKHOLM (SKAVSTA),23227,23227,0,14833,14833,0,56.590036
25/10/2018 09:34,201808,WESTERN EUROPE-EU,SWEDEN,STANSTED,VASTERAS,6254,6254,0,6086,6086,0,2.760434
25/10/2018 09:34,201808,WESTERN EUROPE-EU,SWEDEN,BIRMINGHAM,GOTEBORG (LANDVETTER),0,0,0,1626,1626,0,-100
25/10/2018 09:34,201808,WESTERN EUROPE-EU,SWEDEN,BIRMINGHAM,STOCKHOLM (ARLANDA),0,0,0,4150,4150,0,-100
25/10/2018 09:34,201808,WESTERN EUROPE-EU,SWEDEN,BRISTOL,GOTEBORG (LANDVETTER),158,158,0,0,0,0,0
25/10/2018 09:34,201808,WESTERN EUROPE-EU,SWEDEN,BRISTOL,STOCKHOLM (ARLANDA),2659,2659,0,0,0,0,0
25/10/2018 09:34,201808,WESTERN EUROPE-EU,SWEDEN,CARDIFF WALES,VAXJO,80,0,80,0,0,0,0
25/10/2018 09:34,201808,WESTERN EUROPE-EU,SWEDEN,EDINBURGH,GOTEBORG (LANDVETTER),2883,2883,0,2915,2915,0,-1.09777
25/10/2018 09:34,201808,WESTERN EUROPE-EU,SWEDEN,EDINBURGH,STOCKHOLM (ARLANDA),16618,16618,0,13773,13773,0,20.656357
25/10/2018 09:34,201808,WESTERN EUROPE-EU,SWEDEN,MANCHESTER,GOTEBORG (LANDVETTER),100,100,0,0,0,0,0
25/10/2018 09:34,201808,WESTERN EUROPE-EU,SWEDEN,MANCHESTER,STOCKHOLM (ARLANDA),14884,14884,0,17467,17467,0,-14.787886
25/10/2018 09:34,201808,WESTERN EUROPE-OTHER,BOSNIA-HERZEGOVINA,LUTON,TUZLA,0,0,0,2811,2811,0,-100
25/10/2018 09:34,201808,WESTERN EUROPE-OTHER,FAROE ISLANDS,EDINBURGH,VAGAR,1635,1635,0,1522,1522,0,7.424442
25/10/2018 09:34,201808,WESTERN EUROPE-OTHER,ICELAND,GATWICK,KEFLAVIK,37403,37403,0,37957,37957,0,-1.459546
25/10/2018 09:34,201808,WESTERN EUROPE-OTHER,ICELAND,HEATHROW,KEFLAVIK,34065,34065,0,29106,29106,0,17.037724
25/10/2018 09:34,201808,WESTERN EUROPE-OTHER,ICELAND,LUTON,KEFLAVIK,14094,14039,55,8299,8299,0,69.82769
25/10/2018 09:34,201808,WESTERN EUROPE-OTHER,ICELAND,STANSTED,KEFLAVIK,11807,11807,0,0,0,0,0
25/10/2018 09:34,201808,WESTERN EUROPE-OTHER,ICELAND,ABERDEEN,KEFLAVIK,0,0,0,1301,1301,0,-100
25/10/2018 09:34,201808,WESTERN EUROPE-OTHER,ICELAND,BELFAST CITY (GEORGE BEST),KEFLAVIK,0,0,0,1232,1232,0,-100
25/10/2018 09:34,201808,WESTERN EUROPE-OTHER,ICELAND,BIRMINGHAM,KEFLAVIK,0,0,0,2622,2622,0,-100
25/10/2018 09:34,201808,WESTERN EUROPE-OTHER,ICELAND,BRISTOL,KEFLAVIK,0,0,0,3929,3929,0,-100
25/10/2018 09:34,201808,WESTERN EUROPE-OTHER,ICELAND,EDINBURGH,KEFLAVIK,7403,7351,52,8591,8591,0,-13.828425
25/10/2018 09:34,201808,WESTERN EUROPE-OTHER,ICELAND,GLASGOW,KEFLAVIK,10769,10769,0,10211,10211,0,5.464695
25/10/2018 09:34,201808,WESTERN EUROPE-OTHER,ICELAND,MANCHESTER,KEFLAVIK,10286,10286,0,9823,9660,163,4.713428
25/10/2018 09:34,201808,WESTERN EUROPE-OTHER,KOSOVO,GATWICK,PRISTINA,0,0,0,3202,3202,0,-100
25/10/2018 09:34,201808,WESTERN EUROPE-OTHER,KOSOVO,LUTON,PRISTINA,5050,5050,0,3181,3181,0,58.755108
25/10/2018 09:34,201808,WESTERN EUROPE-OTHER,MACEDONIA,LUTON,OHRID,3072,3072,0,3014,3014,0,1.924353
25/10/2018 09:34,201808,WESTERN EUROPE-OTHER,MACEDONIA,LUTON,SKOPJE,7214,7214,0,7506,7506,0,-3.890221
25/10/2018 09:34,201808,WESTERN EUROPE-OTHER,MACEDONIA,LIVERPOOL (JOHN LENNON),SKOPJE,0,0,0,370,0,370,-100
25/10/2018 09:34,201808,WESTERN EUROPE-OTHER,MACEDONIA,MANCHESTER,SKOPJE,0,0,0,511,0,511,-100
25/10/2018 09:34,201808,WESTERN EUROPE-OTHER,NORWAY,GATWICK,BERGEN,19355,19355,0,18888,18888,0,2.472469
25/10/2018 09:34,201808,WESTERN EUROPE-OTHER,NORWAY,GATWICK,OSLO (GARDERMOEN),41853,41853,0,36306,36306,0,15.278466
25/10/2018 09:34,201808,WESTERN EUROPE-OTHER,NORWAY,GATWICK,STAVANGER,10483,10483,0,9763,9763,0,7.374782
25/10/2018 09:34,201808,WESTERN EUROPE-OTHER,NORWAY,GATWICK,TRONDHEIM (VAERNES),5189,5189,0,6103,6103,0,-14.976241
25/10/2018 09:34,201808,WESTERN EUROPE-OTHER,NORWAY,HEATHROW,BERGEN,0,0,0,8070,8070,0,-100
25/10/2018 09:34,201808,WESTERN EUROPE-OTHER,NORWAY,HEATHROW,OSLO (GARDERMOEN),58689,58689,0,59578,59578,0,-1.492162
25/10/2018 09:34,201808,WESTERN EUROPE-OTHER,NORWAY,HEATHROW,STAVANGER,9117,9117,0,13895,13895,0,-34.38647
25/10/2018 09:34,201808,WESTERN EUROPE-OTHER,NORWAY,STANSTED,KRISTIANSAND (KJEVIK),1120,1120,0,0,0,0,0
25/10/2018 09:34,201808,WESTERN EUROPE-OTHER,NORWAY,STANSTED,OSLO (GARDERMOEN),26770,26770,0,19583,19583,0,36.700199
25/10/2018 09:34,201808,WESTERN EUROPE-OTHER,NORWAY,STANSTED,SANDEFJORD(TORP),5989,5989,0,5821,5821,0,2.886102
25/10/2018 09:34,201808,WESTERN EUROPE-OTHER,NORWAY,ABERDEEN,BERGEN,4599,4599,0,4292,4292,0,7.152842
25/10/2018 09:34,201808,WESTERN EUROPE-OTHER,NORWAY,ABERDEEN,OSLO (GARDERMOEN),1840,1840,0,2394,2394,0,-23.141186
25/10/2018 09:34,201808,WESTERN EUROPE-OTHER,NORWAY,ABERDEEN,STAVANGER,9268,9268,0,8593,8593,0,7.855231
25/10/2018 09:34,201808,WESTERN EUROPE-OTHER,NORWAY,BIRMINGHAM,ALESUND,0,0,0,30,0,30,-100
25/10/2018 09:34,201808,WESTERN EUROPE-OTHER,NORWAY,BIRMINGHAM,MOLDE,0,0,0,31,0,31,-100
25/10/2018 09:34,201808,WESTERN EUROPE-OTHER,NORWAY,EDINBURGH,BERGEN,241,241,0,896,502,394,-73.102679
25/10/2018 09:34,201808,WESTERN EUROPE-OTHER,NORWAY,EDINBURGH,MOLDE,506,0,506,0,0,0,0
25/10/2018 09:34,201808,WESTERN EUROPE-OTHER,NORWAY,EDINBURGH,OSLO (GARDERMOEN),12261,12189,72,12500,12500,0,-1.912
25/10/2018 09:34,201808,WESTERN EUROPE-OTHER,NORWAY,GLASGOW,BERGEN,433,433,0,178,178,0,143.258427
25/10/2018 09:34,201808,WESTERN EUROPE-OTHER,NORWAY,GLASGOW,TRONDHEIM (VAERNES),90,0,90,400,0,400,-77.5
25/10/2018 09:34,201808,WESTERN EUROPE-OTHER,NORWAY,INVERNESS,BERGEN,615,615,0,0,0,0,0
25/10/2018 09:34,201808,WESTERN EUROPE-OTHER,NORWAY,KIRKWALL,BERGEN,107,107,0,106,106,0,0.943396
25/10/2018 09:34,201808,WESTERN EUROPE-OTHER,NORWAY,LIVERPOOL (JOHN LENNON),BERGEN,409,409,0,0,0,0,0
25/10/2018 09:34,201808,WESTERN EUROPE-OTHER,NORWAY,MANCHESTER,BERGEN,1748,1748,0,966,817,149,80.952381
25/10/2018 09:34,201808,WESTERN EUROPE-OTHER,NORWAY,MANCHESTER,OSLO (GARDERMOEN),12534,12534,0,10814,10814,0,15.905308
25/10/2018 09:34,201808,WESTERN EUROPE-OTHER,NORWAY,MANCHESTER,SANDEFJORD(TORP),5987,5987,0,2780,2780,0,115.359712
25/10/2018 09:34,201808,WESTERN EUROPE-OTHER,NORWAY,MANCHESTER,STAVANGER,2123,2123,0,1728,1728,0,22.858796
25/10/2018 09:34,201808,WESTERN EUROPE-OTHER,NORWAY,NEWCASTLE,STAVANGER,1276,1276,0,1118,1118,0,14.132379
25/10/2018 09:34,201808,WESTERN EUROPE-OTHER,NORWAY,SUMBURGH,BERGEN,335,335,0,414,414,0,-19.082126
25/10/2018 09:34,201808,WESTERN EUROPE-OTHER,REPUBLIC OF MONTENEGRO,GATWICK,PODGORICA,3300,0,3300,0,0,0,0
25/10/2018 09:34,201808,WESTERN EUROPE-OTHER,REPUBLIC OF MONTENEGRO,GATWICK,TIVAT,6121,6121,0,5921,5921,0,3.377808
25/10/2018 09:34,201808,WESTERN EUROPE-OTHER,REPUBLIC OF MONTENEGRO,STANSTED,PODGORICA,3245,3245,0,3193,3193,0,1.628562
25/10/2018 09:34,201808,WESTERN EUROPE-OTHER,REPUBLIC OF MONTENEGRO,STANSTED,TIVAT,643,643,0,0,0,0,0
25/10/2018 09:34,201808,WESTERN EUROPE-OTHER,REPUBLIC OF MONTENEGRO,BIRMINGHAM,PODGORICA,1771,0,1771,0,0,0,0
25/10/2018 09:34,201808,WESTERN EUROPE-OTHER,REPUBLIC OF MONTENEGRO,MANCHESTER,PODGORICA,1406,0,1406,0,0,0,0
25/10/2018 09:34,201808,WESTERN EUROPE-OTHER,REPUBLIC OF MONTENEGRO,MANCHESTER,TIVAT,3200,3200,0,3111,3111,0,2.860816
25/10/2018 09:34,201808,WESTERN EUROPE-OTHER,REPUBLIC OF SERBIA,HEATHROW,BELGRADE,9533,9533,0,9244,9244,0,3.126352
25/10/2018 09:34,201808,WESTERN EUROPE-OTHER,REPUBLIC OF SERBIA,LUTON,BELGRADE,4632,4502,130,4793,4793,0,-3.359065
25/10/2018 09:34,201808,WESTERN EUROPE-OTHER,SWITZERLAND,GATWICK,BALE MULHOUSE,26729,26729,0,25913,25913,0,3.148999
25/10/2018 09:34,201808,WESTERN EUROPE-OTHER,SWITZERLAND,GATWICK,GENEVA,55624,55624,0,55484,55484,0,0.252325
25/10/2018 09:34,201808,WESTERN EUROPE-OTHER,SWITZERLAND,GATWICK,ZURICH,11915,11915,0,13016,13016,0,-8.45882
25/10/2018 09:34,201808,WESTERN EUROPE-OTHER,SWITZERLAND,HEATHROW,BALE MULHOUSE,24520,24520,0,21832,21832,0,12.312202
25/10/2018 09:34,201808,WESTERN EUROPE-OTHER,SWITZERLAND,HEATHROW,GENEVA,94270,94270,0,95266,95266,0,-1.045494
25/10/2018 09:34,201808,WESTERN EUROPE-OTHER,SWITZERLAND,HEATHROW,ZURICH,103152,103152,0,105374,105374,0,-2.10868
25/10/2018 09:34,201808,WESTERN EUROPE-OTHER,SWITZERLAND,LONDON CITY,BALE MULHOUSE,0,0,0,983,983,0,-100
25/10/2018 09:34,201808,WESTERN EUROPE-OTHER,SWITZERLAND,LONDON CITY,BERNE,1076,1076,0,774,774,0,39.018088
25/10/2018 09:34,201808,WESTERN EUROPE-OTHER,SWITZERLAND,LONDON CITY,GENEVA,14096,14096,0,8375,8375,0,68.310448
25/10/2018 09:34,201808,WESTERN EUROPE-OTHER,SWITZERLAND,LONDON CITY,ZURICH,37892,37892,0,33982,33982,0,11.506091
25/10/2018 09:34,201808,WESTERN EUROPE-OTHER,SWITZERLAND,LUTON,BALE MULHOUSE,9158,9158,0,9218,9218,0,-0.6509
25/10/2018 09:34,201808,WESTERN EUROPE-OTHER,SWITZERLAND,LUTON,GENEVA,19627,19627,0,16799,16797,2,16.834335
25/10/2018 09:34,201808,WESTERN EUROPE-OTHER,SWITZERLAND,LUTON,ZURICH,18567,18567,0,16242,16242,0,14.31474
25/10/2018 09:34,201808,WESTERN EUROPE-OTHER,SWITZERLAND,STANSTED,BALE MULHOUSE,10567,10567,0,10560,10424,136,0.066288
25/10/2018 09:34,201808,WESTERN EUROPE-OTHER,SWITZERLAND,STANSTED,ZURICH,121,0,121,0,0,0,0
25/10/2018 09:34,201808,WESTERN EUROPE-OTHER,SWITZERLAND,BIRMINGHAM,GENEVA,4344,4344,0,0,0,0,0
25/10/2018 09:34,201808,WESTERN EUROPE-OTHER,SWITZERLAND,BIRMINGHAM,ZURICH,9489,9489,0,8852,8852,0,7.196114
25/10/2018 09:34,201808,WESTERN EUROPE-OTHER,SWITZERLAND,BRISTOL,BALE MULHOUSE,5576,5576,0,5245,5245,0,6.310772
25/10/2018 09:34,201808,WESTERN EUROPE-OTHER,SWITZERLAND,BRISTOL,GENEVA,13823,13823,0,17978,17978,0,-23.111581
25/10/2018 09:34,201808,WESTERN EUROPE-OTHER,SWITZERLAND,EDINBURGH,BALE MULHOUSE,11465,11465,0,11436,11436,0,0.253585
25/10/2018 09:34,201808,WESTERN EUROPE-OTHER,SWITZERLAND,EDINBURGH,GENEVA,15457,15457,0,16058,15941,117,-3.742683
25/10/2018 09:34,201808,WESTERN EUROPE-OTHER,SWITZERLAND,EDINBURGH,ZURICH,5871,5222,649,4420,3971,449,32.828054
25/10/2018 09:34,201808,WESTERN EUROPE-OTHER,SWITZERLAND,GUERNSEY,ZURICH,100,100,0,103,0,103,-2.912621
25/10/2018 09:34,201808,WESTERN EUROPE-OTHER,SWITZERLAND,JERSEY,BALE MULHOUSE,0,0,0,182,182,0,-100
25/10/2018 09:34,201808,WESTERN EUROPE-OTHER,SWITZERLAND,JERSEY,BERNE,331,331,0,128,128,0,158.59375
25/10/2018 09:34,201808,WESTERN EUROPE-OTHER,SWITZERLAND,JERSEY,ZURICH,132,132,0,114,114,0,15.789474
25/10/2018 09:34,201808,WESTERN EUROPE-OTHER,SWITZERLAND,LIVERPOOL (JOHN LENNON),GENEVA,9387,9387,0,7597,7597,0,23.561932
25/10/2018 09:34,201808,WESTERN EUROPE-OTHER,SWITZERLAND,MANCHESTER,BALE MULHOUSE,7990,7990,0,9084,9084,0,-12.043153
25/10/2018 09:34,201808,WESTERN EUROPE-OTHER,SWITZERLAND,MANCHESTER,GENEVA,19981,19981,0,21052,21052,0,-5.087403
25/10/2018 09:34,201808,WESTERN EUROPE-OTHER,SWITZERLAND,MANCHESTER,ZURICH,13116,13116,0,10929,10929,0,20.01098
25/10/2018 09:34,201808,WESTERN EUROPE-OTHER,SWITZERLAND,NEWCASTLE,GENEVA,3174,3174,0,2405,2405,0,31.975052
25/10/2018 09:34,201808,WESTERN EUROPE-OTHER,TURKEY,GATWICK,ANTALYA,47582,34950,12632,33294,26543,6751,42.914639
25/10/2018 09:34,201808,WESTERN EUROPE-OTHER,TURKEY,GATWICK,BODRUM (MILAS),18172,14827,3345,16480,13069,3411,10.26699
25/10/2018 09:34,201808,WESTERN EUROPE-OTHER,TURKEY,GATWICK,DALAMAN,58428,46533,11895,55368,47390,7978,5.526658
25/10/2018 09:34,201808,WESTERN EUROPE-OTHER,TURKEY,GATWICK,ISTANBUL,20732,20732,0,21980,21980,0,-5.677889
25/10/2018 09:34,201808,WESTERN EUROPE-OTHER,TURKEY,GATWICK,ISTANBUL (SABIHA GOKCEN),8875,8875,0,8639,8639,0,2.731798
25/10/2018 09:34,201808,WESTERN EUROPE-OTHER,TURKEY,GATWICK,IZMIR (ADNAN MENDERES),10563,8575,1988,9929,8419,1510,6.385336
25/10/2018 09:34,201808,WESTERN EUROPE-OTHER,TURKEY,HEATHROW,ISTANBUL,102858,102858,0,107752,107752,0,-4.541911
25/10/2018 09:34,201808,WESTERN EUROPE-OTHER,TURKEY,LUTON,ANKARA (ESENBOGA),2731,2731,0,0,0,0,0
25/10/2018 09:34,201808,WESTERN EUROPE-OTHER,TURKEY,LUTON,ANTALYA,11817,10031,1786,5021,3278,1743,135.351524
25/10/2018 09:34,201808,WESTERN EUROPE-OTHER,TURKEY,LUTON,BODRUM (MILAS),6147,6147,0,3224,3224,0,90.663772
25/10/2018 09:34,201808,WESTERN EUROPE-OTHER,TURKEY,LUTON,DALAMAN,8388,6917,1471,4725,4725,0,77.52381
25/10/2018 09:34,201808,WESTERN EUROPE-OTHER,TURKEY,LUTON,GAZIANTEP,982,982,0,0,0,0,0
25/10/2018 09:34,201808,WESTERN EUROPE-OTHER,TURKEY,LUTON,IZMIR (ADNAN MENDERES),3400,3400,0,4139,4139,0,-17.854554
25/10/2018 09:34,201808,WESTERN EUROPE-OTHER,TURKEY,STANSTED,ANTALYA,25114,23245,1869,19898,18038,1860,26.21369
25/10/2018 09:34,201808,WESTERN EUROPE-OTHER,TURKEY,STANSTED,BODRUM (MILAS),7853,7853,0,4108,4108,0,91.163583
25/10/2018 09:34,201808,WESTERN EUROPE-OTHER,TURKEY,STANSTED,DALAMAN,33655,30331,3324,26356,23186,3170,27.693884
25/10/2018 09:34,201808,WESTERN EUROPE-OTHER,TURKEY,STANSTED,ISTANBUL,7869,7869,0,10594,10594,0,-25.722107
25/10/2018 09:34,201808,WESTERN EUROPE-OTHER,TURKEY,STANSTED,ISTANBUL (SABIHA GOKCEN),35788,35788,0,34166,34166,0,4.74741
25/10/2018 09:34,201808,WESTERN EUROPE-OTHER,TURKEY,STANSTED,IZMIR (ADNAN MENDERES),6189,6189,0,6504,6504,0,-4.843173
25/10/2018 09:34,201808,WESTERN EUROPE-OTHER,TURKEY,ABERDEEN,DALAMAN,1750,0,1750,1262,0,1262,38.66878
25/10/2018 09:34,201808,WESTERN EUROPE-OTHER,TURKEY,BELFAST INTERNATIONAL,ANTALYA,3424,1778,1646,0,0,0,0
25/10/2018 09:34,201808,WESTERN EUROPE-OTHER,TURKEY,BELFAST INTERNATIONAL,DALAMAN,5381,1616,3765,1977,0,1977,172.180071
25/10/2018 09:34,201808,WESTERN EUROPE-OTHER,TURKEY,BIRMINGHAM,ANTALYA,21845,17205,4640,12383,9176,3207,76.411209
25/10/2018 09:34,201808,WESTERN EUROPE-OTHER,TURKEY,BIRMINGHAM,BODRUM (MILAS),4966,3552,1414,1639,0,1639,202.989628
25/10/2018 09:34,201808,WESTERN EUROPE-OTHER,TURKEY,BIRMINGHAM,DALAMAN,23492,17487,6005,24774,19908,4866,-5.17478
25/10/2018 09:34,201808,WESTERN EUROPE-OTHER,TURKEY,BIRMINGHAM,ISTANBUL,14525,14525,0,13802,13802,0,5.238371
25/10/2018 09:34,201808,WESTERN EUROPE-OTHER,TURKEY,BIRMINGHAM,IZMIR (ADNAN MENDERES),1263,1263,0,1381,1381,0,-8.544533
25/10/2018 09:34,201808,WESTERN EUROPE-OTHER,TURKEY,BOURNEMOUTH,DALAMAN,1597,0,1597,1728,0,1728,-7.581019
25/10/2018 09:34,201808,WESTERN EUROPE-OTHER,TURKEY,BRISTOL,ANTALYA,9533,7663,1870,5595,3828,1767,70.384272
25/10/2018 09:34,201808,WESTERN EUROPE-OTHER,TURKEY,BRISTOL,BODRUM (MILAS),6333,4842,1491,6444,4686,1758,-1.722533
25/10/2018 09:34,201808,WESTERN EUROPE-OTHER,TURKEY,BRISTOL,DALAMAN,16257,13006,3251,11829,10387,1442,37.433426
25/10/2018 09:34,201808,WESTERN EUROPE-OTHER,TURKEY,CARDIFF WALES,ANTALYA,3448,0,3448,0,0,0,0
25/10/2018 09:34,201808,WESTERN EUROPE-OTHER,TURKEY,CARDIFF WALES,DALAMAN,7974,0,7974,4832,0,4832,65.024834
25/10/2018 09:34,201808,WESTERN EUROPE-OTHER,TURKEY,DONCASTER SHEFFIELD,ANTALYA,1447,0,1447,0,0,0,0
25/10/2018 09:34,201808,WESTERN EUROPE-OTHER,TURKEY,DONCASTER SHEFFIELD,DALAMAN,3260,0,3260,1483,0,1483,119.82468
25/10/2018 09:34,201808,WESTERN EUROPE-OTHER,TURKEY,EAST MIDLANDS INTERNATIONAL,ANTALYA,6949,5198,1751,3649,3649,0,90.435736
25/10/2018 09:34,201808,WESTERN EUROPE-OTHER,TURKEY,EAST MIDLANDS INTERNATIONAL,BODRUM (MILAS),1308,1308,0,0,0,0,0
25/10/2018 09:34,201808,WESTERN EUROPE-OTHER,TURKEY,EAST MIDLANDS INTERNATIONAL,DALAMAN,9815,8353,1462,6853,5218,1635,43.221947
25/10/2018 09:34,201808,WESTERN EUROPE-OTHER,TURKEY,EDINBURGH,ANTALYA,3368,3368,0,0,0,0,0
25/10/2018 09:34,201808,WESTERN EUROPE-OTHER,TURKEY,EDINBURGH,BODRUM (MILAS),3239,3239,0,3229,3229,0,0.309693
25/10/2018 09:34,201808,WESTERN EUROPE-OTHER,TURKEY,EDINBURGH,DALAMAN,6321,4516,1805,4925,3253,1672,28.345178
25/10/2018 09:34,201808,WESTERN EUROPE-OTHER,TURKEY,EDINBURGH,ISTANBUL,9004,9004,0,8620,8620,0,4.454756
25/10/2018 09:34,201808,WESTERN EUROPE-OTHER,TURKEY,EXETER,DALAMAN,3051,0,3051,1435,0,1435,112.61324
25/10/2018 09:34,201808,WESTERN EUROPE-OTHER,TURKEY,GLASGOW,ANTALYA,7221,7221,0,3915,3915,0,84.444444
25/10/2018 09:34,201808,WESTERN EUROPE-OTHER,TURKEY,GLASGOW,BODRUM (MILAS),1749,1749,0,0,0,0,0
25/10/2018 09:34,201808,WESTERN EUROPE-OTHER,TURKEY,GLASGOW,DALAMAN,12364,8820,3544,7219,5492,1727,71.270259
25/10/2018 09:34,201808,WESTERN EUROPE-OTHER,TURKEY,LEEDS BRADFORD,ANTALYA,11402,11402,0,4222,4222,0,170.061582
25/10/2018 09:34,201808,WESTERN EUROPE-OTHER,TURKEY,LEEDS BRADFORD,BODRUM (MILAS),2246,2246,0,2039,2039,0,10.152035
25/10/2018 09:34,201808,WESTERN EUROPE-OTHER,TURKEY,LEEDS BRADFORD,DALAMAN,13570,11955,1615,7999,7999,0,69.646206
25/10/2018 09:34,201808,WESTERN EUROPE-OTHER,TURKEY,LIVERPOOL (JOHN LENNON),BODRUM (MILAS),3142,3142,0,1731,1731,0,81.513576
25/10/2018 09:34,201808,WESTERN EUROPE-OTHER,TURKEY,LIVERPOOL (JOHN LENNON),DALAMAN,3101,3101,0,0,0,0,0
25/10/2018 09:34,201808,WESTERN EUROPE-OTHER,TURKEY,MANCHESTER,ANTALYA,47175,37537,9638,30874,25873,5001,52.798471
25/10/2018 09:34,201808,WESTERN EUROPE-OTHER,TURKEY,MANCHESTER,BODRUM (MILAS),13984,10785,3199,12217,9001,3216,14.463453
25/10/2018 09:34,201808,WESTERN EUROPE-OTHER,TURKEY,MANCHESTER,DALAMAN,58259,49625,8634,50097,41413,8684,16.292393
25/10/2018 09:34,201808,WESTERN EUROPE-OTHER,TURKEY,MANCHESTER,ISTANBUL,25103,24837,266,20432,20432,0,22.861198
25/10/2018 09:34,201808,WESTERN EUROPE-OTHER,TURKEY,MANCHESTER,IZMIR (ADNAN MENDERES),8474,5526,2948,6925,5438,1487,22.368231
25/10/2018 09:34,201808,WESTERN EUROPE-OTHER,TURKEY,NEWCASTLE,ANTALYA,13427,13427,0,6697,6697,0,100.492758
25/10/2018 09:34,201808,WESTERN EUROPE-OTHER,TURKEY,NEWCASTLE,BODRUM (MILAS),3475,3475,0,0,0,0,0
25/10/2018 09:34,201808,WESTERN EUROPE-OTHER,TURKEY,NEWCASTLE,DALAMAN,19798,19798,0,13053,13053,0,51.673945
25/10/2018 09:34,201808,WESTERN EUROPE-OTHER,TURKEY,NORWICH,DALAMAN,3009,0,3009,0,0,0,0
25/10/2018 09:34,201808,EASTERN EUROPE-EU,BULGARIA,GATWICK,BURGAS,14988,3841,11147,17140,6421,10719,-12.555426
25/10/2018 09:34,201808,EASTERN EUROPE-EU,BULGARIA,GATWICK,SOFIA,8402,8402,0,9539,9539,0,-11.919488
25/10/2018 09:34,201808,EASTERN EUROPE-EU,BULGARIA,GATWICK,VARNA,5923,2747,3176,5918,4566,1352,0.084488
25/10/2018 09:34,201808,EASTERN EUROPE-EU,BULGARIA,HEATHROW,SOFIA,15566,15566,0,14795,14795,0,5.21122
25/10/2018 09:34,201808,EASTERN EUROPE-EU,BULGARIA,LUTON,BURGAS,18213,18213,0,16995,15489,1506,7.166814
25/10/2018 09:34,201808,EASTERN EUROPE-EU,BULGARIA,LUTON,SOFIA,29634,29634,0,27481,27481,0,7.834504
25/10/2018 09:34,201808,EASTERN EUROPE-EU,BULGARIA,LUTON,VARNA,11224,11224,0,15509,15509,0,-27.629119
25/10/2018 09:34,201808,EASTERN EUROPE-EU,BULGARIA,STANSTED,BURGAS,3137,0,3137,1334,0,1334,135.157421
25/10/2018 09:34,201808,EASTERN EUROPE-EU,BULGARIA,STANSTED,PLOVDIV,4739,4739,0,6097,6097,0,-22.273249
25/10/2018 09:34,201808,EASTERN EUROPE-EU,BULGARIA,STANSTED,SOFIA,21764,21764,0,21484,21484,0,1.303295
25/10/2018 09:34,201808,EASTERN EUROPE-EU,BULGARIA,ABERDEEN,BURGAS,1556,0,1556,1369,0,1369,13.659606
25/10/2018 09:34,201808,EASTERN EUROPE-EU,BULGARIA,BELFAST INTERNATIONAL,BURGAS,5817,0,5817,4306,0,4306,35.090571
25/10/2018 09:34,201808,EASTERN EUROPE-EU,BULGARIA,BIRMINGHAM,BURGAS,12112,3763,8349,8708,2767,5941,39.090492
25/10/2018 09:34,201808,EASTERN EUROPE-EU,BULGARIA,BIRMINGHAM,SOFIA,4686,4686,0,10505,10505,0,-55.39267
25/10/2018 09:34,201808,EASTERN EUROPE-EU,BULGARIA,BIRMINGHAM,VARNA,1305,1305,0,0,0,0,0
25/10/2018 09:34,201808,EASTERN EUROPE-EU,BULGARIA,BRISTOL,BURGAS,6680,1702,4978,2934,0,2934,127.675528
25/10/2018 09:34,201808,EASTERN EUROPE-EU,BULGARIA,BRISTOL,SOFIA,0,0,0,4723,4723,0,-100
25/10/2018 09:34,201808,EASTERN EUROPE-EU,BULGARIA,CARDIFF WALES,BURGAS,5527,0,5527,4261,0,4261,29.711335
25/10/2018 09:34,201808,EASTERN EUROPE-EU,BULGARIA,DONCASTER SHEFFIELD,BURGAS,5225,0,5225,3280,0,3280,59.29878
25/10/2018 09:34,201808,EASTERN EUROPE-EU,BULGARIA,DONCASTER SHEFFIELD,SOFIA,0,0,0,2815,2815,0,-100
25/10/2018 09:34,201808,EASTERN EUROPE-EU,BULGARIA,EAST MIDLANDS INTERNATIONAL,BURGAS,6352,1640,4712,6474,2067,4407,-1.884461
25/10/2018 09:34,201808,EASTERN EUROPE-EU,BULGARIA,EDINBURGH,BURGAS,2926,0,2926,2781,0,2781,5.213952
25/10/2018 09:34,201808,EASTERN EUROPE-EU,BULGARIA,GLASGOW,BURGAS,5158,2106,3052,3366,0,3366,53.238265
25/10/2018 09:34,201808,EASTERN EUROPE-EU,BULGARIA,GLASGOW,SOFIA,3311,3311,0,3297,3297,0,0.424628
25/10/2018 09:34,201808,EASTERN EUROPE-EU,BULGARIA,HUMBERSIDE,BURGAS,1418,0,1418,1371,0,1371,3.428155
25/10/2018 09:34,201808,EASTERN EUROPE-EU,BULGARIA,LEEDS BRADFORD,BURGAS,3201,0,3201,1366,0,1366,134.333821
25/10/2018 09:34,201808,EASTERN EUROPE-EU,BULGARIA,LIVERPOOL (JOHN LENNON),SOFIA,2873,2873,0,2823,2823,0,1.771165
25/10/2018 09:34,201808,EASTERN EUROPE-EU,BULGARIA,MANCHESTER,BURGAS,23313,7727,15586,22493,8597,13896,3.645579
25/10/2018 09:34,201808,EASTERN EUROPE-EU,BULGARIA,MANCHESTER,SOFIA,4350,4350,0,6012,6012,0,-27.644711
25/10/2018 09:34,201808,EASTERN EUROPE-EU,BULGARIA,MANCHESTER,VARNA,5097,1632,3465,1402,0,1402,263.552068
25/10/2018 09:34,201808,EASTERN EUROPE-EU,BULGARIA,NEWCASTLE,BURGAS,9071,9071,0,8677,8677,0,4.54074
25/10/2018 09:34,201808,EASTERN EUROPE-EU,BULGARIA,NORWICH,BURGAS,1123,0,1123,1316,0,1316,-14.665653
25/10/2018 09:34,201808,EASTERN EUROPE-EU,CZECH REPUBLIC,GATWICK,PRAGUE,23920,23920,0,26826,26826,0,-10.832774
25/10/2018 09:34,201808,EASTERN EUROPE-EU,CZECH REPUBLIC,HEATHROW,PRAGUE,39639,39639,0,40734,40734,0,-2.688172
25/10/2018 09:34,201808,EASTERN EUROPE-EU,CZECH REPUBLIC,LONDON CITY,PRAGUE,3877,3877,0,0,0,0,0
25/10/2018 09:34,201808,EASTERN EUROPE-EU,CZECH REPUBLIC,LUTON,BRNO (TURANY),0,0,0,4445,4445,0,-100
25/10/2018 09:34,201808,EASTERN EUROPE-EU,CZECH REPUBLIC,LUTON,PRAGUE,12436,12436,0,10583,10583,0,17.509213
25/10/2018 09:34,201808,EASTERN EUROPE-EU,CZECH REPUBLIC,SOUTHEND,PRAGUE,10635,10635,0,4213,4213,0,152.432946
25/10/2018 09:34,201808,EASTERN EUROPE-EU,CZECH REPUBLIC,STANSTED,BRNO (TURANY),11208,11208,0,8077,8077,0,38.764393
25/10/2018 09:34,201808,EASTERN EUROPE-EU,CZECH REPUBLIC,STANSTED,OSTRAVA,4671,4671,0,5126,5126,0,-8.876317
25/10/2018 09:34,201808,EASTERN EUROPE-EU,CZECH REPUBLIC,STANSTED,PARDUBICE,4675,4675,0,0,0,0,0
25/10/2018 09:34,201808,EASTERN EUROPE-EU,CZECH REPUBLIC,STANSTED,PRAGUE,33440,33440,0,21936,21936,0,52.443472
25/10/2018 09:34,201808,EASTERN EUROPE-EU,CZECH REPUBLIC,BIRMINGHAM,PRAGUE,7865,7865,0,7791,7791,0,0.949814
25/10/2018 09:34,201808,EASTERN EUROPE-EU,CZECH REPUBLIC,BRISTOL,PRAGUE,9002,9002,0,5182,5182,0,73.716712
25/10/2018 09:34,201808,EASTERN EUROPE-EU,CZECH REPUBLIC,CARDIFF WALES,PRAGUE,0,0,0,42,0,42,-100
25/10/2018 09:34,201808,EASTERN EUROPE-EU,CZECH REPUBLIC,EAST MIDLANDS INTERNATIONAL,PRAGUE,2527,2527,0,2192,2192,0,15.282847
25/10/2018 09:34,201808,EASTERN EUROPE-EU,CZECH REPUBLIC,EDINBURGH,PRAGUE,15021,15021,0,7331,7331,0,104.897013
25/10/2018 09:34,201808,EASTERN EUROPE-EU,CZECH REPUBLIC,GLASGOW,PRAGUE,3306,3306,0,2840,2840,0,16.408451
25/10/2018 09:34,201808,EASTERN EUROPE-EU,CZECH REPUBLIC,LEEDS BRADFORD,PRAGUE,2560,2560,0,2503,2503,0,2.277267
25/10/2018 09:34,201808,EASTERN EUROPE-EU,CZECH REPUBLIC,LIVERPOOL (JOHN LENNON),PRAGUE,6436,6436,0,6138,6138,0,4.855002
25/10/2018 09:34,201808,EASTERN EUROPE-EU,CZECH REPUBLIC,MANCHESTER,PRAGUE,15442,15442,0,13942,13942,0,10.758858
25/10/2018 09:34,201808,EASTERN EUROPE-EU,CZECH REPUBLIC,NEWCASTLE,PRAGUE,2564,2564,0,2262,2262,0,13.351017
25/10/2018 09:34,201808,EASTERN EUROPE-EU,ESTONIA,GATWICK,TALLIN,5813,5813,0,2441,2441,0,138.140107
25/10/2018 09:34,201808,EASTERN EUROPE-EU,ESTONIA,HEATHROW,TALLIN,2893,2893,0,3032,3032,0,-4.584433
25/10/2018 09:34,201808,EASTERN EUROPE-EU,ESTONIA,STANSTED,TALLIN,6184,6184,0,6220,6220,0,-0.578778
25/10/2018 09:34,201808,EASTERN EUROPE-EU,HUNGARY,GATWICK,BUDAPEST,13635,13635,0,19248,19248,0,-29.161471
25/10/2018 09:34,201808,EASTERN EUROPE-EU,HUNGARY,HEATHROW,BUDAPEST,35045,35045,0,34564,34564,0,1.391621
25/10/2018 09:34,201808,EASTERN EUROPE-EU,HUNGARY,LUTON,BUDAPEST,55930,55930,0,57529,57529,0,-2.779468
25/10/2018 09:34,201808,EASTERN EUROPE-EU,HUNGARY,LUTON,DEBRECEN,15540,15540,0,15449,15449,0,0.589035
25/10/2018 09:34,201808,EASTERN EUROPE-EU,HUNGARY,SOUTHEND,BUDAPEST,2658,2658,0,2479,2479,0,7.220653
25/10/2018 09:34,201808,EASTERN EUROPE-EU,HUNGARY,STANSTED,BUDAPEST,34573,34573,0,22376,22376,0,54.509296
25/10/2018 09:34,201808,EASTERN EUROPE-EU,HUNGARY,BIRMINGHAM,BUDAPEST,4484,4484,0,6022,6022,0,-25.539688
25/10/2018 09:34,201808,EASTERN EUROPE-EU,HUNGARY,BRISTOL,BUDAPEST,4693,4693,0,5124,5124,0,-8.411397
25/10/2018 09:34,201808,EASTERN EUROPE-EU,HUNGARY,EAST MIDLANDS INTERNATIONAL,BUDAPEST,7631,7631,0,6920,6920,0,10.274566
25/10/2018 09:34,201808,EASTERN EUROPE-EU,HUNGARY,EDINBURGH,BUDAPEST,9891,9891,0,4918,4918,0,101.118341
25/10/2018 09:34,201808,EASTERN EUROPE-EU,HUNGARY,GLASGOW,BUDAPEST,2777,2777,0,4837,4837,0,-42.588381
25/10/2018 09:34,201808,EASTERN EUROPE-EU,HUNGARY,LEEDS BRADFORD,BUDAPEST,2334,2334,0,2286,2286,0,2.099738
25/10/2018 09:34,201808,EASTERN EUROPE-EU,HUNGARY,LIVERPOOL (JOHN LENNON),BUDAPEST,4438,4438,0,6030,6030,0,-26.401327
25/10/2018 09:34,201808,EASTERN EUROPE-EU,HUNGARY,MANCHESTER,BUDAPEST,12120,12120,0,12776,12776,0,-5.134627
25/10/2018 09:34,201808,EASTERN EUROPE-EU,LATVIA,GATWICK,RIGA,15079,15079,0,13654,13654,0,10.436502
25/10/2018 09:34,201808,EASTERN EUROPE-EU,LATVIA,LUTON,RIGA,21729,21729,0,21977,21977,0,-1.128452
25/10/2018 09:34,201808,EASTERN EUROPE-EU,LATVIA,STANSTED,RIGA,22527,22527,0,22895,22895,0,-1.607338
25/10/2018 09:34,201808,EASTERN EUROPE-EU,LATVIA,ABERDEEN,RIGA,1583,1583,0,2724,2724,0,-41.886931
25/10/2018 09:34,201808,EASTERN EUROPE-EU,LATVIA,DONCASTER SHEFFIELD,RIGA,4761,4761,0,5119,5119,0,-6.993553
25/10/2018 09:34,201808,EASTERN EUROPE-EU,LATVIA,EAST MIDLANDS INTERNATIONAL,RIGA,5004,5004,0,4719,4719,0,6.039415
25/10/2018 09:34,201808,EASTERN EUROPE-EU,LATVIA,GLASGOW,RIGA,3301,3301,0,4685,4685,0,-29.541089
25/10/2018 09:34,201808,EASTERN EUROPE-EU,LATVIA,LEEDS BRADFORD,RIGA,3230,3230,0,3192,3192,0,1.190476
25/10/2018 09:34,201808,EASTERN EUROPE-EU,LATVIA,LIVERPOOL (JOHN LENNON),RIGA,0,0,0,3056,3056,0,-100
25/10/2018 09:34,201808,EASTERN EUROPE-EU,LATVIA,MANCHESTER,RIGA,5007,5007,0,5042,5042,0,-0.694169
25/10/2018 09:34,201808,EASTERN EUROPE-EU,LITHUANIA,LUTON,KAUNAS,22691,22691,0,28795,28770,25,-21.198125
25/10/2018 09:34,201808,EASTERN EUROPE-EU,LITHUANIA,LUTON,PALANGA,7265,7265,0,6004,6004,0,21.002665
25/10/2018 09:34,201808,EASTERN EUROPE-EU,LITHUANIA,LUTON,VILNIUS,34918,34918,0,4747,4747,0,635.580367
25/10/2018 09:34,201808,EASTERN EUROPE-EU,LITHUANIA,STANSTED,KAUNAS,7984,7984,0,6147,6147,0,29.884497
25/10/2018 09:34,201808,EASTERN EUROPE-EU,LITHUANIA,STANSTED,PALANGA,2920,2920,0,3301,3301,0,-11.541957
25/10/2018 09:34,201808,EASTERN EUROPE-EU,LITHUANIA,STANSTED,VILNIUS,10797,10797,0,0,0,0,0
25/10/2018 09:34,201808,EASTERN EUROPE-EU,LITHUANIA,BELFAST INTERNATIONAL,KAUNAS,0,0,0,1461,1461,0,-100
25/10/2018 09:34,201808,EASTERN EUROPE-EU,LITHUANIA,BELFAST INTERNATIONAL,VILNIUS,3243,3243,0,1579,1579,0,105.383154
25/10/2018 09:34,201808,EASTERN EUROPE-EU,LITHUANIA,BIRMINGHAM,VILNIUS,2878,2878,0,0,0,0,0
25/10/2018 09:34,201808,EASTERN EUROPE-EU,LITHUANIA,BRISTOL,KAUNAS,4456,4456,0,4884,4884,0,-8.763309
25/10/2018 09:34,201808,EASTERN EUROPE-EU,LITHUANIA,DONCASTER SHEFFIELD,KAUNAS,0,0,0,2491,2491,0,-100
25/10/2018 09:34,201808,EASTERN EUROPE-EU,LITHUANIA,DONCASTER SHEFFIELD,VILNIUS,3815,3815,0,2215,2215,0,72.234763
25/10/2018 09:34,201808,EASTERN EUROPE-EU,LITHUANIA,EDINBURGH,KAUNAS,2908,2908,0,3293,3293,0,-11.691467
25/10/2018 09:34,201808,EASTERN EUROPE-EU,LITHUANIA,GLASGOW,KAUNAS,122,0,122,0,0,0,0
25/10/2018 09:34,201808,EASTERN EUROPE-EU,LITHUANIA,GLASGOW,PALANGA,3150,3150,0,3176,3176,0,-0.81864
25/10/2018 09:34,201808,EASTERN EUROPE-EU,LITHUANIA,GLASGOW,VILNIUS,0,0,0,83,0,83,-100
25/10/2018 09:34,201808,EASTERN EUROPE-EU,LITHUANIA,LEEDS BRADFORD,VILNIUS,3216,3216,0,0,0,0,0
25/10/2018 09:34,201808,EASTERN EUROPE-EU,LITHUANIA,LIVERPOOL (JOHN LENNON),VILNIUS,3256,3256,0,0,0,0,0
25/10/2018 09:34,201808,EASTERN EUROPE-EU,POLAND,GATWICK,KRAKOW,12388,12388,0,12233,12233,0,1.267064
25/10/2018 09:34,201808,EASTERN EUROPE-EU,POLAND,HEATHROW,KRAKOW,9049,9049,0,8923,8923,0,1.412081
25/10/2018 09:34,201808,EASTERN EUROPE-EU,POLAND,HEATHROW,WARSAW (CHOPIN),52297,52297,0,45156,45156,0,15.814067
25/10/2018 09:34,201808,EASTERN EUROPE-EU,POLAND,LUTON,BYDGOSZCZ,6316,6316,0,0,0,0,0
25/10/2018 09:34,201808,EASTERN EUROPE-EU,POLAND,LUTON,GDANSK,34423,34423,0,34525,34525,0,-0.295438
25/10/2018 09:34,201808,EASTERN EUROPE-EU,POLAND,LUTON,KATOWICE,34617,34617,0,31063,31063,0,11.441265
25/10/2018 09:34,201808,EASTERN EUROPE-EU,POLAND,LUTON,LUBLIN (PORT LOTNICZY),12570,12570,0,11226,11226,0,11.972207
25/10/2018 09:34,201808,EASTERN EUROPE-EU,POLAND,LUTON,POZNAN,18266,18266,0,17565,17565,0,3.990891
25/10/2018 09:34,201808,EASTERN EUROPE-EU,POLAND,LUTON,RZESZOW,4783,4783,0,5218,5218,0,-8.336527
25/10/2018 09:34,201808,EASTERN EUROPE-EU,POLAND,LUTON,SZCZECIN (GOLENOW),0,0,0,3993,3993,0,-100
25/10/2018 09:34,201808,EASTERN EUROPE-EU,POLAND,LUTON,SZYMANY (MAZURY),4836,4836,0,3952,3952,0,22.368421
25/10/2018 09:34,201808,EASTERN EUROPE-EU,POLAND,LUTON,WARSAW (CHOPIN),45573,45573,0,41948,41948,0,8.641652
25/10/2018 09:34,201808,EASTERN EUROPE-EU,POLAND,LUTON,WROCLAW,15174,15174,0,10851,10851,0,39.839646
25/10/2018 09:34,201808,EASTERN EUROPE-EU,POLAND,STANSTED,BYDGOSZCZ,11054,11054,0,11304,11304,0,-2.211607
25/10/2018 09:34,201808,EASTERN EUROPE-EU,POLAND,STANSTED,GDANSK,18344,18344,0,19469,19469,0,-5.778417
25/10/2018 09:34,201808,EASTERN EUROPE-EU,POLAND,STANSTED,KATOWICE,11011,11011,0,11251,11251,0,-2.133144
25/10/2018 09:34,201808,EASTERN EUROPE-EU,POLAND,STANSTED,KRAKOW,30114,30114,0,27224,27224,0,10.615633
25/10/2018 09:34,201808,EASTERN EUROPE-EU,POLAND,STANSTED,LODZ LUBLINEK,9305,9305,0,9438,9438,0,-1.409197
25/10/2018 09:34,201808,EASTERN EUROPE-EU,POLAND,STANSTED,LUBLIN (PORT LOTNICZY),6157,6157,0,6664,6664,0,-7.608043
25/10/2018 09:34,201808,EASTERN EUROPE-EU,POLAND,STANSTED,POZNAN,14137,14137,0,11286,11286,0,25.261386
25/10/2018 09:34,201808,EASTERN EUROPE-EU,POLAND,STANSTED,RZESZOW,14298,14298,0,14441,14441,0,-0.990236
25/10/2018 09:34,201808,EASTERN EUROPE-EU,POLAND,STANSTED,SZCZECIN (GOLENOW),11009,11009,0,11185,11185,0,-1.573536
25/10/2018 09:34,201808,EASTERN EUROPE-EU,POLAND,STANSTED,SZYMANY (MAZURY),4356,4356,0,5026,5026,0,-13.33068
25/10/2018 09:34,201808,EASTERN EUROPE-EU,POLAND,STANSTED,WARSAW (MODLIN MASOVIA),40273,40273,0,28779,28779,0,39.938844
25/10/2018 09:34,201808,EASTERN EUROPE-EU,POLAND,STANSTED,WROCLAW,19089,19089,0,19092,19092,0,-0.015713
25/10/2018 09:34,201808,EASTERN EUROPE-EU,POLAND,ABERDEEN,GDANSK,2783,2783,0,4725,4725,0,-41.100529
25/10/2018 09:34,201808,EASTERN EUROPE-EU,POLAND,ABERDEEN,WARSAW (CHOPIN),0,0,0,2746,2746,0,-100
25/10/2018 09:34,201808,EASTERN EUROPE-EU,POLAND,BELFAST INTERNATIONAL,GDANSK,3259,3259,0,3203,3203,0,1.748361
25/10/2018 09:34,201808,EASTERN EUROPE-EU,POLAND,BELFAST INTERNATIONAL,KATOWICE,0,0,0,2966,2966,0,-100
25/10/2018 09:34,201808,EASTERN EUROPE-EU,POLAND,BELFAST INTERNATIONAL,KRAKOW,8663,8663,0,9027,9027,0,-4.032347
25/10/2018 09:34,201808,EASTERN EUROPE-EU,POLAND,BELFAST INTERNATIONAL,WARSAW (MODLIN MASOVIA),2850,2850,0,3150,3150,0,-9.52381
25/10/2018 09:34,201808,EASTERN EUROPE-EU,POLAND,BELFAST INTERNATIONAL,WROCLAW,3110,3110,0,2726,2726,0,14.086574
25/10/2018 09:34,201808,EASTERN EUROPE-EU,POLAND,BIRMINGHAM,BYDGOSZCZ,4711,4711,0,5032,5032,0,-6.379173
25/10/2018 09:34,201808,EASTERN EUROPE-EU,POLAND,BIRMINGHAM,GDANSK,3215,3215,0,3218,3218,0,-0.093226
25/10/2018 09:34,201808,EASTERN EUROPE-EU,POLAND,BIRMINGHAM,KATOWICE,3243,3243,0,2882,2882,0,12.526024
25/10/2018 09:34,201808,EASTERN EUROPE-EU,POLAND,BIRMINGHAM,KRAKOW,6468,6468,0,3307,3279,28,95.585122
25/10/2018 09:34,201808,EASTERN EUROPE-EU,POLAND,BIRMINGHAM,POZNAN,2705,2705,0,3039,3039,0,-10.990457
25/10/2018 09:34,201808,EASTERN EUROPE-EU,POLAND,BIRMINGHAM,WARSAW (CHOPIN),5628,5628,0,5789,5789,0,-2.781137
25/10/2018 09:34,201808,EASTERN EUROPE-EU,POLAND,BIRMINGHAM,WARSAW (MODLIN MASOVIA),4633,4633,0,4961,4961,0,-6.61157
25/10/2018 09:34,201808,EASTERN EUROPE-EU,POLAND,BIRMINGHAM,WROCLAW,3052,3052,0,2660,2660,0,14.736842
25/10/2018 09:34,201808,EASTERN EUROPE-EU,POLAND,BOURNEMOUTH,KRAKOW,3234,3234,0,2890,2890,0,11.903114
25/10/2018 09:34,201808,EASTERN EUROPE-EU,POLAND,BRISTOL,GDANSK,5099,5099,0,2973,2973,0,71.510259
25/10/2018 09:34,201808,EASTERN EUROPE-EU,POLAND,BRISTOL,KATOWICE,4566,4566,0,4864,4864,0,-6.126645
25/10/2018 09:34,201808,EASTERN EUROPE-EU,POLAND,BRISTOL,KRAKOW,10489,10489,0,10046,10046,0,4.409715
25/10/2018 09:34,201808,EASTERN EUROPE-EU,POLAND,BRISTOL,POZNAN,3307,3307,0,3319,3319,0,-0.361555
25/10/2018 09:34,201808,EASTERN EUROPE-EU,POLAND,BRISTOL,RZESZOW,3316,3316,0,3036,3036,0,9.222661
25/10/2018 09:34,201808,EASTERN EUROPE-EU,POLAND,BRISTOL,WARSAW (CHOPIN),0,0,0,2687,2687,0,-100
25/10/2018 09:34,201808,EASTERN EUROPE-EU,POLAND,BRISTOL,WARSAW (MODLIN MASOVIA),4771,4771,0,6715,6715,0,-28.950112
25/10/2018 09:34,201808,EASTERN EUROPE-EU,POLAND,BRISTOL,WROCLAW,3303,3303,0,3315,3315,0,-0.361991
25/10/2018 09:34,201808,EASTERN EUROPE-EU,POLAND,DONCASTER SHEFFIELD,GDANSK,8160,8160,0,9786,9786,0,-16.615573
25/10/2018 09:34,201808,EASTERN EUROPE-EU,POLAND,DONCASTER SHEFFIELD,KATOWICE,8350,8350,0,7978,7978,0,4.662823
25/10/2018 09:34,201808,EASTERN EUROPE-EU,POLAND,DONCASTER SHEFFIELD,LUBLIN (PORT LOTNICZY),0,0,0,4992,4992,0,-100
25/10/2018 09:34,201808,EASTERN EUROPE-EU,POLAND,DONCASTER SHEFFIELD,POZNAN,5055,5055,0,7978,7978,0,-36.638255
25/10/2018 09:34,201808,EASTERN EUROPE-EU,POLAND,DONCASTER SHEFFIELD,WARSAW (CHOPIN),8223,8223,0,7550,7550,0,8.913907
25/10/2018 09:34,201808,EASTERN EUROPE-EU,POLAND,DONCASTER SHEFFIELD,WROCLAW,3170,3170,0,5034,5034,0,-37.028208
25/10/2018 09:34,201808,EASTERN EUROPE-EU,POLAND,EAST MIDLANDS INTERNATIONAL,KRAKOW,5069,5069,0,4769,4769,0,6.290627
25/10/2018 09:34,201808,EASTERN EUROPE-EU,POLAND,EAST MIDLANDS INTERNATIONAL,LODZ LUBLINEK,3058,3058,0,3274,3274,0,-6.597434
25/10/2018 09:34,201808,EASTERN EUROPE-EU,POLAND,EAST MIDLANDS INTERNATIONAL,RZESZOW,4760,4760,0,5144,5144,0,-7.465008
25/10/2018 09:34,201808,EASTERN EUROPE-EU,POLAND,EAST MIDLANDS INTERNATIONAL,WARSAW (MODLIN MASOVIA),4829,4829,0,5028,5028,0,-3.957836
25/10/2018 09:34,201808,EASTERN EUROPE-EU,POLAND,EAST MIDLANDS INTERNATIONAL,WROCLAW,7843,7843,0,7955,7955,0,-1.40792
25/10/2018 09:34,201808,EASTERN EUROPE-EU,POLAND,EDINBURGH,GDANSK,4805,4805,0,5183,5183,0,-7.293074
25/10/2018 09:34,201808,EASTERN EUROPE-EU,POLAND,EDINBURGH,KATOWICE,3284,3284,0,0,0,0,0
25/10/2018 09:34,201808,EASTERN EUROPE-EU,POLAND,EDINBURGH,KRAKOW,10729,10729,0,12897,12897,0,-16.810111
25/10/2018 09:34,201808,EASTERN EUROPE-EU,POLAND,EDINBURGH,POZNAN,3342,3342,0,2971,2971,0,12.487378
25/10/2018 09:34,201808,EASTERN EUROPE-EU,POLAND,EDINBURGH,SZCZECIN (GOLENOW),2806,2806,0,0,0,0,0
25/10/2018 09:34,201808,EASTERN EUROPE-EU,POLAND,EDINBURGH,WARSAW (MODLIN MASOVIA),2936,2936,0,5187,5187,0,-43.396954
25/10/2018 09:34,201808,EASTERN EUROPE-EU,POLAND,EDINBURGH,WROCLAW,3307,3307,0,0,0,0,0
25/10/2018 09:34,201808,EASTERN EUROPE-EU,POLAND,GLASGOW,BYDGOSZCZ,3348,3348,0,2964,2964,0,12.955466
25/10/2018 09:34,201808,EASTERN EUROPE-EU,POLAND,GLASGOW,GDANSK,0,0,0,3838,3838,0,-100
25/10/2018 09:34,201808,EASTERN EUROPE-EU,POLAND,GLASGOW,KATOWICE,4955,4955,0,4882,4882,0,1.495289
25/10/2018 09:34,201808,EASTERN EUROPE-EU,POLAND,GLASGOW,KRAKOW,3288,3288,0,0,0,0,0
25/10/2018 09:34,201808,EASTERN EUROPE-EU,POLAND,GLASGOW,WARSAW (CHOPIN),0,0,0,3115,3115,0,-100
25/10/2018 09:34,201808,EASTERN EUROPE-EU,POLAND,GLASGOW,WARSAW (MODLIN MASOVIA),5173,5173,0,4787,4787,0,8.063505
25/10/2018 09:34,201808,EASTERN EUROPE-EU,POLAND,GLASGOW,WROCLAW,3257,3257,0,2999,2999,0,8.602868
25/10/2018 09:34,201808,EASTERN EUROPE-EU,POLAND,LEEDS BRADFORD,GDANSK,6268,6268,0,6551,6551,0,-4.319951
25/10/2018 09:34,201808,EASTERN EUROPE-EU,POLAND,LEEDS BRADFORD,KRAKOW,6167,6167,0,6546,6546,0,-5.789795
25/10/2018 09:34,201808,EASTERN EUROPE-EU,POLAND,LEEDS BRADFORD,WARSAW (MODLIN MASOVIA),3192,3192,0,3208,3208,0,-0.498753
25/10/2018 09:34,201808,EASTERN EUROPE-EU,POLAND,LEEDS BRADFORD,WROCLAW,3166,3166,0,0,0,0,0
25/10/2018 09:34,201808,EASTERN EUROPE-EU,POLAND,LIVERPOOL (JOHN LENNON),GDANSK,6062,6062,0,5737,5737,0,5.664982
25/10/2018 09:34,201808,EASTERN EUROPE-EU,POLAND,LIVERPOOL (JOHN LENNON),KATOWICE,4395,4395,0,4712,4712,0,-6.727504
25/10/2018 09:34,201808,EASTERN EUROPE-EU,POLAND,LIVERPOOL (JOHN LENNON),KRAKOW,9352,9352,0,8580,8580,0,8.997669
25/10/2018 09:34,201808,EASTERN EUROPE-EU,POLAND,LIVERPOOL (JOHN LENNON),LUBLIN (PORT LOTNICZY),0,0,0,2961,2961,0,-100
25/10/2018 09:34,201808,EASTERN EUROPE-EU,POLAND,LIVERPOOL (JOHN LENNON),POZNAN,2832,2832,0,3212,3212,0,-11.830635
25/10/2018 09:34,201808,EASTERN EUROPE-EU,POLAND,LIVERPOOL (JOHN LENNON),SZCZECIN (GOLENOW),3192,3192,0,3253,3253,0,-1.875192
25/10/2018 09:34,201808,EASTERN EUROPE-EU,POLAND,LIVERPOOL (JOHN LENNON),WARSAW (CHOPIN),4743,4743,0,4569,4569,0,3.808273
25/10/2018 09:34,201808,EASTERN EUROPE-EU,POLAND,LIVERPOOL (JOHN LENNON),WARSAW (MODLIN MASOVIA),6010,6010,0,6362,6362,0,-5.532851
25/10/2018 09:34,201808,EASTERN EUROPE-EU,POLAND,LIVERPOOL (JOHN LENNON),WROCLAW,4603,4603,0,4940,4940,0,-6.821862
25/10/2018 09:34,201808,EASTERN EUROPE-EU,POLAND,MANCHESTER,GDANSK,4983,4983,0,4636,4636,0,7.484901
25/10/2018 09:34,201808,EASTERN EUROPE-EU,POLAND,MANCHESTER,KRAKOW,13838,13838,0,13802,13802,0,0.260832
25/10/2018 09:34,201808,EASTERN EUROPE-EU,POLAND,MANCHESTER,RZESZOW,3221,3221,0,3252,3252,0,-0.95326
25/10/2018 09:34,201808,EASTERN EUROPE-EU,POLAND,MANCHESTER,WARSAW (MODLIN MASOVIA),4805,4805,0,4618,4618,0,4.049372
25/10/2018 09:34,201808,EASTERN EUROPE-EU,POLAND,MANCHESTER,WROCLAW,5001,5001,0,4645,4645,0,7.664155
25/10/2018 09:34,201808,EASTERN EUROPE-EU,POLAND,NEWCASTLE,GDANSK,3131,3131,0,2757,2757,0,13.56547
25/10/2018 09:34,201808,EASTERN EUROPE-EU,POLAND,NEWCASTLE,KRAKOW,2580,2580,0,2277,2277,0,13.306983
25/10/2018 09:34,201808,EASTERN EUROPE-EU,POLAND,NEWCASTLE,WARSAW (MODLIN MASOVIA),3174,3174,0,3187,3187,0,-0.407907
25/10/2018 09:34,201808,EASTERN EUROPE-EU,POLAND,NEWCASTLE,WROCLAW,3128,3128,0,3128,3128,0,0
25/10/2018 09:34,201808,EASTERN EUROPE-EU,POLAND,PRESTWICK,RZESZOW,2966,2966,0,0,0,0,0
25/10/2018 09:34,201808,EASTERN EUROPE-EU,ROMANIA,GATWICK,BUCHAREST (OTOPENI),13840,13840,0,13964,13964,0,-0.887998
25/10/2018 09:34,201808,EASTERN EUROPE-EU,ROMANIA,HEATHROW,BUCHAREST (OTOPENI),25428,25428,0,25393,25393,0,0.137833
25/10/2018 09:34,201808,EASTERN EUROPE-EU,ROMANIA,LUTON,BACAU,10718,10718,0,8355,8355,0,28.282466
25/10/2018 09:34,201808,EASTERN EUROPE-EU,ROMANIA,LUTON,BUCHAREST (OTOPENI),67581,67581,0,55439,55439,0,21.901549
25/10/2018 09:34,201808,EASTERN EUROPE-EU,ROMANIA,LUTON,CLUJ NAPOCA,29930,29930,0,34407,34380,27,-13.011887
25/10/2018 09:34,201808,EASTERN EUROPE-EU,ROMANIA,LUTON,CONSTANTA,6439,6439,0,5965,5965,0,7.946354
25/10/2018 09:34,201808,EASTERN EUROPE-EU,ROMANIA,LUTON,CRAIOVA,11106,11106,0,10991,10991,0,1.046311
25/10/2018 09:34,201808,EASTERN EUROPE-EU,ROMANIA,LUTON,IASI,21654,21654,0,20941,20941,0,3.404804
25/10/2018 09:34,201808,EASTERN EUROPE-EU,ROMANIA,LUTON,SATU MARE,3271,3271,0,2850,2850,0,14.77193
25/10/2018 09:34,201808,EASTERN EUROPE-EU,ROMANIA,LUTON,SIBIU,11058,11058,0,7245,7245,0,52.6294
25/10/2018 09:34,201808,EASTERN EUROPE-EU,ROMANIA,LUTON,SUCEAVA,11583,11583,0,8005,8005,0,44.697064
25/10/2018 09:34,201808,EASTERN EUROPE-EU,ROMANIA,LUTON,TIMISOARA,10985,10985,0,10671,10671,0,2.942555
25/10/2018 09:34,201808,EASTERN EUROPE-EU,ROMANIA,STANSTED,BUCHAREST (OTOPENI),22379,22379,0,22575,22575,0,-0.868217
25/10/2018 09:34,201808,EASTERN EUROPE-EU,ROMANIA,STANSTED,TIMISOARA,0,0,0,11130,11130,0,-100
25/10/2018 09:34,201808,EASTERN EUROPE-EU,ROMANIA,BIRMINGHAM,BUCHAREST (OTOPENI),9722,9722,0,4858,4858,0,100.123508
25/10/2018 09:34,201808,EASTERN EUROPE-EU,ROMANIA,BRISTOL,BUCHAREST (OTOPENI),2915,2915,0,3272,3272,0,-10.910758
25/10/2018 09:34,201808,EASTERN EUROPE-EU,ROMANIA,DONCASTER SHEFFIELD,BUCHAREST (OTOPENI),6140,6140,0,6480,6480,0,-5.246914
25/10/2018 09:34,201808,EASTERN EUROPE-EU,ROMANIA,DONCASTER SHEFFIELD,CLUJ NAPOCA,3281,3281,0,3237,3237,0,1.359283
25/10/2018 09:34,201808,EASTERN EUROPE-EU,ROMANIA,GLASGOW,BUCHAREST (OTOPENI),4508,4508,0,6707,6707,0,-32.786641
25/10/2018 09:34,201808,EASTERN EUROPE-EU,ROMANIA,GLASGOW,IASI,0,0,0,2172,2172,0,-100
25/10/2018 09:34,201808,EASTERN EUROPE-EU,ROMANIA,LIVERPOOL (JOHN LENNON),BACAU,2553,2553,0,2556,2556,0,-0.117371
25/10/2018 09:34,201808,EASTERN EUROPE-EU,ROMANIA,LIVERPOOL (JOHN LENNON),BUCHAREST (OTOPENI),5962,5962,0,5360,5360,0,11.231343
25/10/2018 09:34,201808,EASTERN EUROPE-EU,ROMANIA,LIVERPOOL (JOHN LENNON),CLUJ NAPOCA,2330,2330,0,2265,2265,0,2.869757
25/10/2018 09:34,201808,EASTERN EUROPE-EU,ROMANIA,LIVERPOOL (JOHN LENNON),CRAIOVA,0,0,0,4387,4387,0,-100
25/10/2018 09:34,201808,EASTERN EUROPE-EU,SLOVAK REPUBLIC,LUTON,BRATISLAVA,11292,11292,0,0,0,0,0
25/10/2018 09:34,201808,EASTERN EUROPE-EU,SLOVAK REPUBLIC,LUTON,KOSICE,13928,13928,0,11002,11002,0,26.595165
25/10/2018 09:34,201808,EASTERN EUROPE-EU,SLOVAK REPUBLIC,LUTON,TATRY-POPRAD,5872,5872,0,5065,5065,0,15.932873
25/10/2018 09:34,201808,EASTERN EUROPE-EU,SLOVAK REPUBLIC,STANSTED,BRATISLAVA,19082,19082,0,14802,14802,0,28.915011
25/10/2018 09:34,201808,EASTERN EUROPE-EU,SLOVAK REPUBLIC,BIRMINGHAM,BRATISLAVA,4672,4672,0,5114,5114,0,-8.642941
25/10/2018 09:34,201808,EASTERN EUROPE-EU,SLOVAK REPUBLIC,DONCASTER SHEFFIELD,KOSICE,0,0,0,4770,4770,0,-100
25/10/2018 09:34,201808,EASTERN EUROPE-EU,SLOVAK REPUBLIC,EDINBURGH,BRATISLAVA,3262,3262,0,3315,3315,0,-1.598793
25/10/2018 09:34,201808,EASTERN EUROPE-EU,SLOVAK REPUBLIC,LEEDS BRADFORD,BRATISLAVA,3203,3203,0,2876,2876,0,11.369958
25/10/2018 09:34,201808,EASTERN EUROPE-EU,SLOVAK REPUBLIC,LIVERPOOL (JOHN LENNON),TATRY-POPRAD,0,0,0,131,0,131,-100
25/10/2018 09:34,201808,EASTERN EUROPE-EU,SLOVAK REPUBLIC,MANCHESTER,BRATISLAVA,5022,5022,0,4705,4705,0,6.737513
25/10/2018 09:34,201808,EASTERN EUROPE -OTHER,ALBANIA,GATWICK,TIRANA,13173,10761,2412,13015,8875,4140,1.213984
25/10/2018 09:34,201808,EASTERN EUROPE -OTHER,ALBANIA,LUTON,TIRANA,4813,4813,0,0,0,0,0
25/10/2018 09:34,201808,EASTERN EUROPE -OTHER,ALBANIA,STANSTED,TIRANA,192,0,192,359,0,359,-46.518106
25/10/2018 09:34,201808,EASTERN EUROPE -OTHER,AZERBAIJAN,HEATHROW,BAKU (HEYDER ALIYEV INT'L),4952,4952,0,5383,5383,0,-8.006688
25/10/2018 09:34,201808,EASTERN EUROPE -OTHER,BELARUS,GATWICK,MINSK INT'L ,4187,4187,0,3914,3914,0,6.974962
25/10/2018 09:34,201808,EASTERN EUROPE -OTHER,BELARUS,MANCHESTER,MINSK INT'L ,949,949,0,938,938,0,1.172708
25/10/2018 09:34,201808,EASTERN EUROPE -OTHER,GEORGIA,GATWICK,TBILISI,2151,2151,0,1623,1623,0,32.532348
25/10/2018 09:34,201808,EASTERN EUROPE -OTHER,GEORGIA,LUTON,KUTAISI,2789,2789,0,2641,2641,0,5.603938
25/10/2018 09:34,201808,EASTERN EUROPE -OTHER,KAZAKHSTAN,HEATHROW,ASTANA,6499,6499,0,5094,5094,0,27.581468
25/10/2018 09:34,201808,EASTERN EUROPE -OTHER,KAZAKHSTAN,GLASGOW,ASTANA,0,0,0,237,0,237,-100
25/10/2018 09:34,201808,EASTERN EUROPE -OTHER,REPUBLIC OF MOLDOVA,LUTON,CHISINAU (KISHINEV),11220,11220,0,7776,7776,0,44.290123
25/10/2018 09:34,201808,EASTERN EUROPE -OTHER,REPUBLIC OF MOLDOVA,STANSTED,CHISINAU (KISHINEV),7975,7975,0,7143,7143,0,11.647767
25/10/2018 09:34,201808,EASTERN EUROPE -OTHER,RUSSIA,GATWICK,MOSCOW (SHEREMETYEVO),0,0,0,7460,7460,0,-100
25/10/2018 09:34,201808,EASTERN EUROPE -OTHER,RUSSIA,GATWICK,ST PETERSBURG,6764,6764,0,0,0,0,0
25/10/2018 09:34,201808,EASTERN EUROPE -OTHER,RUSSIA,HEATHROW,MOSCOW (DOMODEDOVO),29965,29965,0,27210,27210,0,10.124954
25/10/2018 09:34,201808,EASTERN EUROPE -OTHER,RUSSIA,HEATHROW,MOSCOW (SHEREMETYEVO),50566,50566,0,45433,45433,0,11.297955
25/10/2018 09:34,201808,EASTERN EUROPE -OTHER,RUSSIA,HEATHROW,ST PETERSBURG,7502,7502,0,8718,8718,0,-13.948153
25/10/2018 09:34,201808,EASTERN EUROPE -OTHER,RUSSIA,GLASGOW,MOSCOW (VNUKOVO),39,0,39,0,0,0,0
25/10/2018 09:34,201808,EASTERN EUROPE -OTHER,RUSSIA,GLASGOW,UFA,122,0,122,0,0,0,0
25/10/2018 09:34,201808,EASTERN EUROPE -OTHER,TURKMENISTAN,HEATHROW,ASHKHABAD,1020,1020,0,934,934,0,9.207709
25/10/2018 09:34,201808,EASTERN EUROPE -OTHER,TURKMENISTAN,BIRMINGHAM,ASHKHABAD,5145,5145,0,4794,4794,0,7.321652
25/10/2018 09:34,201808,EASTERN EUROPE -OTHER,UKRAINE,GATWICK,KIEV (BORISPOL),20037,20037,0,17738,17738,0,12.960875
25/10/2018 09:34,201808,EASTERN EUROPE -OTHER,UKRAINE,HEATHROW,KIEV (BORISPOL),8702,8702,0,8051,8051,0,8.085952
25/10/2018 09:34,201808,EASTERN EUROPE -OTHER,UKRAINE,LUTON,KIEV (ZHULYANY),6252,6252,0,3814,3814,0,63.922391
25/10/2018 09:34,201808,EASTERN EUROPE -OTHER,UKRAINE,LUTON,LVOV,4728,4728,0,0,0,0,0
25/10/2018 09:34,201808,EASTERN EUROPE -OTHER,UZBEKISTAN,HEATHROW,TASHKENT,3434,3434,0,2838,2838,0,21.000705
25/10/2018 09:34,201808,NEAR EAST,ISRAEL,HEATHROW,TEL AVIV,64625,64625,0,56869,56869,0,13.638362
25/10/2018 09:34,201808,NEAR EAST,ISRAEL,LUTON,TEL AVIV,53955,53955,0,54485,54485,0,-0.972745
25/10/2018 09:34,201808,NEAR EAST,ISRAEL,STANSTED,TEL AVIV,4564,4564,0,4599,4599,0,-0.761035
25/10/2018 09:34,201808,NEAR EAST,ISRAEL,EDINBURGH,TEL AVIV,1388,0,1388,0,0,0,0
25/10/2018 09:34,201808,NEAR EAST,ISRAEL,MANCHESTER,TEL AVIV,3270,3270,0,8018,8018,0,-59.216762
25/10/2018 09:34,201808,NEAR EAST,JORDAN,HEATHROW,AMMAN,23101,23101,0,22336,22336,0,3.424964
25/10/2018 09:34,201808,NEAR EAST,JORDAN,BELFAST INTERNATIONAL,AMMAN,0,0,0,63,0,63,-100
25/10/2018 09:34,201808,NEAR EAST,JORDAN,GLASGOW,AMMAN,23,0,23,0,0,0,0
25/10/2018 09:34,201808,NEAR EAST,LEBANON,HEATHROW,BEIRUT,31180,31180,0,31861,31861,0,-2.137409
25/10/2018 09:34,201808,NEAR EAST,LEBANON,BELFAST INTERNATIONAL,BEIRUT,140,0,140,0,0,0,0
25/10/2018 09:34,201808,NORTH AFRICA,ALGERIA,GATWICK,ALGIERS,7005,7005,0,7115,7115,0,-1.54603
25/10/2018 09:34,201808,NORTH AFRICA,ALGERIA,HEATHROW,ALGIERS,9450,9450,0,10341,10341,0,-8.616188
25/10/2018 09:34,201808,NORTH AFRICA,EGYPT,GATWICK,HURGHADA,16654,16654,0,15082,15082,0,10.423021
25/10/2018 09:34,201808,NORTH AFRICA,EGYPT,GATWICK,MARSA ALAM,1835,1835,0,1856,1856,0,-1.131466
25/10/2018 09:34,201808,NORTH AFRICA,EGYPT,HEATHROW,CAIRO,40765,40765,0,40427,40427,0,0.836075
25/10/2018 09:34,201808,NORTH AFRICA,EGYPT,BIRMINGHAM,HURGHADA,9035,8847,188,1712,1712,0,427.745327
25/10/2018 09:34,201808,NORTH AFRICA,EGYPT,BIRMINGHAM,MARSA ALAM,1684,1684,0,0,0,0,0
25/10/2018 09:34,201808,NORTH AFRICA,EGYPT,BRISTOL,HURGHADA,3208,3208,0,0,0,0,0
25/10/2018 09:34,201808,NORTH AFRICA,EGYPT,MANCHESTER,HURGHADA,12699,12699,0,8764,8764,0,44.899589
25/10/2018 09:34,201808,NORTH AFRICA,EGYPT,NEWCASTLE,HURGHADA,1568,1568,0,1756,1756,0,-10.70615
25/10/2018 09:34,201808,NORTH AFRICA,MOROCCO,GATWICK,AGADIR (AL MASSIRA),7841,7841,0,8196,8196,0,-4.331381
25/10/2018 09:34,201808,NORTH AFRICA,MOROCCO,GATWICK,CASABLANCA MOHAMED V,7643,7643,0,8253,8253,0,-7.391252
25/10/2018 09:34,201808,NORTH AFRICA,MOROCCO,GATWICK,FEZ,2170,2170,0,817,817,0,165.605875
25/10/2018 09:34,201808,NORTH AFRICA,MOROCCO,GATWICK,MARRAKESH,22743,22743,0,21170,21170,0,7.430326
25/10/2018 09:34,201808,NORTH AFRICA,MOROCCO,GATWICK,RABAT,0,0,0,861,861,0,-100
25/10/2018 09:34,201808,NORTH AFRICA,MOROCCO,GATWICK,TANGIERS (IBN BATUTA),2562,2562,0,2642,2642,0,-3.028009
25/10/2018 09:34,201808,NORTH AFRICA,MOROCCO,HEATHROW,CASABLANCA MOHAMED V,8630,8630,0,8522,8522,0,1.267308
25/10/2018 09:34,201808,NORTH AFRICA,MOROCCO,HEATHROW,RABAT,1476,1476,0,1590,1590,0,-7.169811
25/10/2018 09:34,201808,NORTH AFRICA,MOROCCO,LUTON,ESSAOUIRA,0,0,0,3151,3151,0,-100
25/10/2018 09:34,201808,NORTH AFRICA,MOROCCO,LUTON,MARRAKESH,6113,6113,0,6605,6605,0,-7.448902
25/10/2018 09:34,201808,NORTH AFRICA,MOROCCO,STANSTED,AGADIR (AL MASSIRA),2930,2930,0,3323,3323,0,-11.826663
25/10/2018 09:34,201808,NORTH AFRICA,MOROCCO,STANSTED,FEZ,3154,3154,0,3239,3239,0,-2.624267
25/10/2018 09:34,201808,NORTH AFRICA,MOROCCO,STANSTED,MARRAKESH,11159,11159,0,11333,11333,0,-1.535339
25/10/2018 09:34,201808,NORTH AFRICA,MOROCCO,STANSTED,RABAT,4629,4629,0,5140,5140,0,-9.941634
25/10/2018 09:34,201808,NORTH AFRICA,MOROCCO,BIRMINGHAM,MARRAKESH,1940,1940,0,1489,1489,0,30.288784
25/10/2018 09:34,201808,NORTH AFRICA,MOROCCO,BRISTOL,MARRAKESH,0,0,0,1489,1489,0,-100
25/10/2018 09:34,201808,NORTH AFRICA,MOROCCO,LEEDS BRADFORD,TANGIERS (IBN BATUTA),0,0,0,17,0,17,-100
25/10/2018 09:34,201808,NORTH AFRICA,MOROCCO,LIVERPOOL (JOHN LENNON),MARRAKESH,3170,3170,0,2865,2865,0,10.645724
25/10/2018 09:34,201808,NORTH AFRICA,MOROCCO,MANCHESTER,AGADIR (AL MASSIRA),8034,8034,0,3344,3344,0,140.251196
25/10/2018 09:34,201808,NORTH AFRICA,MOROCCO,MANCHESTER,CASABLANCA MOHAMED V,3201,3201,0,3145,3145,0,1.780604
25/10/2018 09:34,201808,NORTH AFRICA,MOROCCO,MANCHESTER,MARRAKESH,6325,6325,0,6369,6369,0,-0.690846
25/10/2018 09:34,201808,NORTH AFRICA,TUNISIA,GATWICK,ENFIDHA - HAMMAMET INTL,9950,8092,1858,0,0,0,0
25/10/2018 09:34,201808,NORTH AFRICA,TUNISIA,GATWICK,TUNIS,3765,3765,0,4027,4027,0,-6.506084
25/10/2018 09:34,201808,NORTH AFRICA,TUNISIA,HEATHROW,TUNIS,4702,4702,0,4863,4863,0,-3.310714
25/10/2018 09:34,201808,NORTH AFRICA,TUNISIA,STANSTED,ENFIDHA - HAMMAMET INTL,1694,1694,0,0,0,0,0
25/10/2018 09:34,201808,NORTH AFRICA,TUNISIA,BIRMINGHAM,ENFIDHA - HAMMAMET INTL,3571,1728,1843,0,0,0,0
25/10/2018 09:34,201808,NORTH AFRICA,TUNISIA,BRISTOL,ENFIDHA - HAMMAMET INTL,1760,0,1760,0,0,0,0
25/10/2018 09:34,201808,NORTH AFRICA,TUNISIA,GLASGOW,ENFIDHA - HAMMAMET INTL,1678,1678,0,0,0,0,0
25/10/2018 09:34,201808,NORTH AFRICA,TUNISIA,MANCHESTER,ENFIDHA - HAMMAMET INTL,6986,5708,1278,0,0,0,0
25/10/2018 09:34,201808,NORTH AFRICA,TUNISIA,NEWCASTLE,ENFIDHA - HAMMAMET INTL,1624,1624,0,0,0,0,0
25/10/2018 09:34,201808,EAST AFRICA,ETHIOPIA,HEATHROW,ADDIS ABABA,25635,25635,0,18419,18419,0,39.176937
25/10/2018 09:34,201808,EAST AFRICA,KENYA,HEATHROW,NAIROBI,33645,33645,0,31754,31754,0,5.955155
25/10/2018 09:34,201808,EAST AFRICA,RWANDA,GATWICK,KIGALI,1737,1737,0,3457,3457,0,-49.754122
25/10/2018 09:34,201808,WEST AFRICA,GAMBIA,GATWICK,BANJUL,1311,0,1311,1508,0,1508,-13.06366
25/10/2018 09:34,201808,WEST AFRICA,GHANA,GATWICK,ACCRA,121,0,121,0,0,0,0
25/10/2018 09:34,201808,WEST AFRICA,GHANA,HEATHROW,ACCRA,19124,19124,0,19418,19418,0,-1.514059
25/10/2018 09:34,201808,WEST AFRICA,NIGERIA,GATWICK,LAGOS,0,0,0,7559,7451,108,-100
25/10/2018 09:34,201808,WEST AFRICA,NIGERIA,HEATHROW,ABUJA,11851,11851,0,11973,11973,0,-1.018959
25/10/2018 09:34,201808,WEST AFRICA,NIGERIA,HEATHROW,LAGOS,31553,31553,0,28176,28176,0,11.985378
25/10/2018 09:34,201808,CENTRAL AFRICA,ANGOLA,HEATHROW,LUANDA,0,0,0,1531,1531,0,-100
25/10/2018 09:34,201808,SOUTHERN AFRICA,REPUBLIC OF SOUTH AFRICA,HEATHROW,CAPE TOWN,20100,20100,0,19647,19647,0,2.305696
25/10/2018 09:34,201808,SOUTHERN AFRICA,REPUBLIC OF SOUTH AFRICA,HEATHROW,JOHANNESBURG,74721,74721,0,83343,83343,0,-10.3452
25/10/2018 09:34,201808,MIDDLE EAST,BAHRAIN,HEATHROW,BAHRAIN,44931,44931,0,36617,36617,0,22.705301
25/10/2018 09:34,201808,MIDDLE EAST,IRAN,HEATHROW,TEHRAN IMAM KHOMEINI,15766,15766,0,18914,18914,0,-16.643756
25/10/2018 09:34,201808,MIDDLE EAST,IRAQ,GATWICK,BAGHDAD (GECA),987,987,0,987,987,0,0
25/10/2018 09:34,201808,MIDDLE EAST,IRAQ,GATWICK,SULAYMANIYAH INT,1202,1202,0,1205,1205,0,-0.248963
25/10/2018 09:34,201808,MIDDLE EAST,IRAQ,MANCHESTER,BAGHDAD (GECA),959,959,0,922,922,0,4.013015
25/10/2018 09:34,201808,MIDDLE EAST,KUWAIT,HEATHROW,KUWAIT,40390,40390,0,43207,43207,0,-6.519777
25/10/2018 09:34,201808,MIDDLE EAST,OMAN,HEATHROW,MUSCAT,41183,41183,0,31741,31741,0,29.747015
25/10/2018 09:34,201808,MIDDLE EAST,OMAN,MANCHESTER,MUSCAT,14859,14859,0,10562,10562,0,40.683583
25/10/2018 09:34,201808,MIDDLE EAST,QATAR,GATWICK,DOHA HAMAD,32162,32162,0,0,0,0,0
25/10/2018 09:34,201808,MIDDLE EAST,QATAR,HEATHROW,DOHA HAMAD,131687,131687,0,135100,135072,28,-2.526277
25/10/2018 09:34,201808,MIDDLE EAST,QATAR,BIRMINGHAM,DOHA HAMAD,12471,12471,0,11228,11228,0,11.070538
25/10/2018 09:34,201808,MIDDLE EAST,QATAR,CARDIFF WALES,DOHA HAMAD,11568,11568,0,0,0,0,0
25/10/2018 09:34,201808,MIDDLE EAST,QATAR,EDINBURGH,DOHA HAMAD,14549,14549,0,12992,12992,0,11.984298
25/10/2018 09:34,201808,MIDDLE EAST,QATAR,MANCHESTER,DOHA HAMAD,30440,30440,0,32728,32728,0,-6.990956
25/10/2018 09:34,201808,MIDDLE EAST,SAUDI ARABIA,HEATHROW,JEDDAH,30485,30485,0,29790,29790,0,2.332998
25/10/2018 09:34,201808,MIDDLE EAST,SAUDI ARABIA,HEATHROW,MEDINA,1181,1181,0,0,0,0,0
25/10/2018 09:34,201808,MIDDLE EAST,SAUDI ARABIA,HEATHROW,RIYADH,28789,28789,0,28779,28779,0,0.034748
25/10/2018 09:34,201808,MIDDLE EAST,SAUDI ARABIA,MANCHESTER,JEDDAH,9792,9792,0,9101,9101,0,7.592572
25/10/2018 09:34,201808,MIDDLE EAST,SAUDI ARABIA,MANCHESTER,RIYADH,0,0,0,3572,3572,0,-100
25/10/2018 09:34,201808,MIDDLE EAST,UNITED ARAB EMIRATES,GATWICK,DUBAI,98101,98101,0,90178,90178,0,8.785957
25/10/2018 09:34,201808,MIDDLE EAST,UNITED ARAB EMIRATES,HEATHROW,ABU DHABI INTERNATIONAL,99000,99000,0,97631,97631,0,1.402219
25/10/2018 09:34,201808,MIDDLE EAST,UNITED ARAB EMIRATES,HEATHROW,DUBAI,249043,249043,0,276556,276556,0,-9.948437
25/10/2018 09:34,201808,MIDDLE EAST,UNITED ARAB EMIRATES,STANSTED,DUBAI,20457,20457,0,0,0,0,0
25/10/2018 09:34,201808,MIDDLE EAST,UNITED ARAB EMIRATES,BIRMINGHAM,DUBAI,67452,67452,0,75429,75429,0,-10.575508
25/10/2018 09:34,201808,MIDDLE EAST,UNITED ARAB EMIRATES,EDINBURGH,ABU DHABI INTERNATIONAL,9883,9883,0,14546,14546,0,-32.056923
25/10/2018 09:34,201808,MIDDLE EAST,UNITED ARAB EMIRATES,GLASGOW,DUBAI,44322,44322,0,43894,43894,0,0.975076
25/10/2018 09:34,201808,MIDDLE EAST,UNITED ARAB EMIRATES,MANCHESTER,ABU DHABI INTERNATIONAL,42181,42181,0,42573,42573,0,-0.920771
25/10/2018 09:34,201808,MIDDLE EAST,UNITED ARAB EMIRATES,MANCHESTER,DUBAI,95316,95316,0,89852,89852,0,6.081111
25/10/2018 09:34,201808,MIDDLE EAST,UNITED ARAB EMIRATES,NEWCASTLE,DUBAI,22422,22422,0,21925,21925,0,2.266819
25/10/2018 09:34,201808,INDIAN SUB-CONTINENT,BANGLADESH,HEATHROW,DHAKHA,7308,7308,0,5613,5613,0,30.197755
25/10/2018 09:34,201808,INDIAN SUB-CONTINENT,BANGLADESH,HEATHROW,SYLHET,4567,4567,0,4056,4056,0,12.598619
25/10/2018 09:34,201808,INDIAN SUB-CONTINENT,INDIA,HEATHROW,AHMEDABAD,5355,5355,0,5681,5681,0,-5.738426
25/10/2018 09:34,201808,INDIAN SUB-CONTINENT,INDIA,HEATHROW,AMRITSAR,362,362,0,189,189,0,91.534392
25/10/2018 09:34,201808,INDIAN SUB-CONTINENT,INDIA,HEATHROW,BANGALORE (BENGALURU),15127,15127,0,15158,15158,0,-0.204512
25/10/2018 09:34,201808,INDIAN SUB-CONTINENT,INDIA,HEATHROW,CHENNAI,11934,11934,0,11557,11557,0,3.262092
25/10/2018 09:34,201808,INDIAN SUB-CONTINENT,INDIA,HEATHROW,DELHI,86205,86205,0,85154,85154,0,1.234234
25/10/2018 09:34,201808,INDIAN SUB-CONTINENT,INDIA,HEATHROW,HYDERABAD ( RAJIV GHANDI ),12143,12143,0,12081,12081,0,0.513203
25/10/2018 09:34,201808,INDIAN SUB-CONTINENT,INDIA,HEATHROW,MUMBAI,98750,98750,0,80956,80956,0,21.979841
25/10/2018 09:34,201808,INDIAN SUB-CONTINENT,INDIA,BIRMINGHAM,AMRITSAR,6126,6126,0,6679,6679,0,-8.279683
25/10/2018 09:34,201808,INDIAN SUB-CONTINENT,INDIA,BIRMINGHAM,DELHI,6036,6036,0,6020,6020,0,0.265781
25/10/2018 09:34,201808,INDIAN SUB-CONTINENT,PAKISTAN,GATWICK,ISLAMABAD,83,0,83,140,0,140,-40.714286
25/10/2018 09:34,201808,INDIAN SUB-CONTINENT,PAKISTAN,HEATHROW,ISLAMABAD,13839,13839,0,11929,11929,0,16.011401
25/10/2018 09:34,201808,INDIAN SUB-CONTINENT,PAKISTAN,HEATHROW,KARACHI,5190,5190,0,5405,5405,0,-3.977798
25/10/2018 09:34,201808,INDIAN SUB-CONTINENT,PAKISTAN,HEATHROW,LAHORE,8198,8198,0,11063,11063,0,-25.897135
25/10/2018 09:34,201808,INDIAN SUB-CONTINENT,PAKISTAN,BIRMINGHAM,ISLAMABAD,7828,7828,0,7635,7635,0,2.527832
25/10/2018 09:34,201808,INDIAN SUB-CONTINENT,PAKISTAN,MANCHESTER,ISLAMABAD,16178,16178,0,15409,15409,0,4.99059
25/10/2018 09:34,201808,INDIAN SUB-CONTINENT,PAKISTAN,MANCHESTER,KARACHI,0,0,0,97,97,0,-100
25/10/2018 09:34,201808,INDIAN SUB-CONTINENT,PAKISTAN,MANCHESTER,LAHORE,4056,4056,0,5047,5047,0,-19.635427
25/10/2018 09:34,201808,INDIAN SUB-CONTINENT,SRI LANKA,HEATHROW,COLOMBO,17980,17980,0,18061,18061,0,-0.44848
25/10/2018 09:34,201808,FAR EAST,BRUNEI,HEATHROW,BANDAR SERI BEGAWAN,8380,8380,0,9296,9296,0,-9.853701
25/10/2018 09:34,201808,FAR EAST,CHINA,GATWICK,CHENGDU,6095,6095,0,0,0,0,0
25/10/2018 09:34,201808,FAR EAST,CHINA,GATWICK,CHONGQING JIANGBEI INTERNATIONAL,1344,1344,0,2884,2884,0,-53.398058
25/10/2018 09:34,201808,FAR EAST,CHINA,GATWICK,TIANJIN,1713,1713,0,1023,1023,0,67.44868
25/10/2018 09:34,201808,FAR EAST,CHINA,HEATHROW,BEIJING,56332,56332,0,45802,45802,0,22.990262
25/10/2018 09:34,201808,FAR EAST,CHINA,HEATHROW,CHANGSHA HUANGHUA INTERNATIONAL AIRPORT,4995,4995,0,0,0,0,0
25/10/2018 09:34,201808,FAR EAST,CHINA,HEATHROW,CHONGQING JIANGBEI INTERNATIONAL,798,798,0,0,0,0,0
25/10/2018 09:34,201808,FAR EAST,CHINA,HEATHROW,GUANGZHOU BAIYUN INTERNATIONAL,13462,13462,0,24732,24732,0,-45.568494
25/10/2018 09:34,201808,FAR EAST,CHINA,HEATHROW,QINGDAO,3313,3313,0,0,0,0,0
25/10/2018 09:34,201808,FAR EAST,CHINA,HEATHROW,SANYA PHOENIX INTERNATIONAL,2232,2232,0,0,0,0,0
25/10/2018 09:34,201808,FAR EAST,CHINA,HEATHROW,SHANGHAI (PU DONG),46167,46167,0,41574,41574,0,11.04777
25/10/2018 09:34,201808,FAR EAST,CHINA,HEATHROW,TIANJIN,485,485,0,0,0,0,0
25/10/2018 09:34,201808,FAR EAST,CHINA,HEATHROW,WUHAN TIANHE INTERNATIONAL,5019,5019,0,0,0,0,0
25/10/2018 09:34,201808,FAR EAST,CHINA,HEATHROW,XIAN XIANYANG,3380,3380,0,0,0,0,0
25/10/2018 09:34,201808,FAR EAST,CHINA,EDINBURGH,BEIJING,3633,3633,0,0,0,0,0
25/10/2018 09:34,201808,FAR EAST,CHINA,MANCHESTER,BEIJING,6876,6876,0,12117,12117,0,-43.253281
25/10/2018 09:34,201808,FAR EAST,HONG KONG,GATWICK,HONG KONG (CHEK LAP KOK),16484,16484,0,15565,15565,0,5.904272
25/10/2018 09:34,201808,FAR EAST,HONG KONG,HEATHROW,HONG KONG (CHEK LAP KOK),146900,146900,0,139550,139550,0,5.266929
25/10/2018 09:34,201808,FAR EAST,HONG KONG,MANCHESTER,HONG KONG (CHEK LAP KOK),16058,16058,0,11112,11112,0,44.510439
25/10/2018 09:34,201808,FAR EAST,INDONESIA,HEATHROW,JAKARTA (SOEKARNO-HATTA INTNL),6375,6375,0,3369,3369,0,89.225289
25/10/2018 09:34,201808,FAR EAST,JAPAN,HEATHROW,TOKYO (HANEDA),52848,52848,0,42510,42510,0,24.318984
25/10/2018 09:34,201808,FAR EAST,JAPAN,HEATHROW,TOKYO (NARITA),12236,12236,0,11631,11631,0,5.201616
25/10/2018 09:34,201808,FAR EAST,MALAYSIA,HEATHROW,KUALA LUMPUR (SEPANG),54502,54502,0,64868,64868,0,-15.980144
25/10/2018 09:34,201808,FAR EAST,PHILIPPINES,HEATHROW,MANILA,17470,17470,0,12773,12773,0,36.77288
25/10/2018 09:34,201808,FAR EAST,REPUBLIC OF KOREA,HEATHROW,SEOUL (INCHEON),52876,52876,0,48734,48734,0,8.4992
25/10/2018 09:34,201808,FAR EAST,REPUBLIC OF KOREA,GLASGOW,SEOUL (INCHEON),0,0,0,802,0,802,-100
25/10/2018 09:34,201808,FAR EAST,SINGAPORE,GATWICK,SINGAPORE,10563,10563,0,0,0,0,0
25/10/2018 09:34,201808,FAR EAST,SINGAPORE,HEATHROW,SINGAPORE,142644,142644,0,110535,110535,0,29.048718
25/10/2018 09:34,201808,FAR EAST,SINGAPORE,MANCHESTER,SINGAPORE,7817,7817,0,7715,7715,0,1.3221
25/10/2018 09:34,201808,FAR EAST,TAIWAN,GATWICK,TAIPEI,11981,11981,0,0,0,0,0
25/10/2018 09:34,201808,FAR EAST,TAIWAN,HEATHROW,TAIPEI,3481,3481,0,3948,3948,0,-11.828774
25/10/2018 09:34,201808,FAR EAST,THAILAND,HEATHROW,BANGKOK SUVARNABHUMI ,69371,69371,0,74690,74690,0,-7.121435
25/10/2018 09:34,201808,FAR EAST,VIETNAM,HEATHROW,HANOI,8305,8305,0,8746,8746,0,-5.042305
25/10/2018 09:34,201808,FAR EAST,VIETNAM,HEATHROW,HO CHI MINH CITY,6122,6122,0,6278,6278,0,-2.484868
25/10/2018 09:34,201808,AUSTRALASIA,AUSTRALIA,HEATHROW,MELBOURNE,1738,1738,0,12050,12050,0,-85.576763
25/10/2018 09:34,201808,AUSTRALASIA,AUSTRALIA,HEATHROW,PERTH (AUSTRALIA),12344,12344,0,0,0,0,0
25/10/2018 09:34,201808,AUSTRALASIA,AUSTRALIA,HEATHROW,SYDNEY,15709,15709,0,17529,17529,0,-10.382794
25/10/2018 09:34,201808,AUSTRALASIA,NEW ZEALAND,HEATHROW,AUCKLAND INTERNATIONAL,1097,1097,0,1067,1067,0,2.811621
25/10/2018 09:34,201808,CANADA,CANADA,GATWICK,CALGARY,19928,19928,0,19318,19318,0,3.157677
25/10/2018 09:34,201808,CANADA,CANADA,GATWICK,EDMONTON,4074,4074,0,4297,4297,0,-5.189667
25/10/2018 09:34,201808,CANADA,CANADA,GATWICK,HALIFAX INT,10073,10073,0,0,0,0,0
25/10/2018 09:34,201808,CANADA,CANADA,GATWICK,MONTREAL (DORVAL),6157,6157,0,6530,6530,0,-5.712098
25/10/2018 09:34,201808,CANADA,CANADA,GATWICK,OTTAWA INTERNATIONAL,0,0,0,7264,7264,0,-100
25/10/2018 09:34,201808,CANADA,CANADA,GATWICK,TORONTO,50355,50355,0,52288,52288,0,-3.696833
25/10/2018 09:34,201808,CANADA,CANADA,GATWICK,VANCOUVER,33581,33581,0,40254,40254,0,-16.577235
25/10/2018 09:34,201808,CANADA,CANADA,GATWICK,WINNIPEG,2042,2042,0,2040,2040,0,0.098039
25/10/2018 09:34,201808,CANADA,CANADA,HEATHROW,CALGARY,29129,29129,0,33660,33660,0,-13.461081
25/10/2018 09:34,201808,CANADA,CANADA,HEATHROW,HALIFAX INT,8879,8879,0,11518,11518,0,-22.911964
25/10/2018 09:34,201808,CANADA,CANADA,HEATHROW,MONTREAL (DORVAL),34662,34662,0,36795,36795,0,-5.796983
25/10/2018 09:34,201808,CANADA,CANADA,HEATHROW,OTTAWA INTERNATIONAL,12174,12174,0,11776,11776,0,3.379755
25/10/2018 09:34,201808,CANADA,CANADA,HEATHROW,ST JOHNS,6504,6504,0,4405,4405,0,47.650397
25/10/2018 09:34,201808,CANADA,CANADA,HEATHROW,TORONTO,114134,114134,0,113536,113536,0,0.526705
25/10/2018 09:34,201808,CANADA,CANADA,HEATHROW,VANCOUVER,63279,63279,0,55126,55126,0,14.789754
25/10/2018 09:34,201808,CANADA,CANADA,STANSTED,TORONTO,5953,5953,0,0,0,0,0
25/10/2018 09:34,201808,CANADA,CANADA,BIRMINGHAM,TORONTO,0,0,0,3261,3261,0,-100
25/10/2018 09:34,201808,CANADA,CANADA,EDINBURGH,TORONTO,9072,9072,0,7939,7939,0,14.271319
25/10/2018 09:34,201808,CANADA,CANADA,GLASGOW,HALIFAX INT,230,230,0,0,0,0,0
25/10/2018 09:34,201808,CANADA,CANADA,GLASGOW,TORONTO,26865,26865,0,25132,25132,0,6.895591
25/10/2018 09:34,201808,CANADA,CANADA,GLASGOW,VANCOUVER,2482,2482,0,3077,3077,0,-19.337017
25/10/2018 09:34,201808,CANADA,CANADA,MANCHESTER,TORONTO,27078,27078,0,24063,24063,0,12.52961
25/10/2018 09:34,201808,CANADA,CANADA,MANCHESTER,VANCOUVER,8906,8906,0,7997,7997,0,11.366763
25/10/2018 09:34,201808,UNITED STATES OF AMERICA,USA,GATWICK,AUSTIN (BERGSTROM),7567,7567,0,0,0,0,0
25/10/2018 09:34,201808,UNITED STATES OF AMERICA,USA,GATWICK,BOSTON,19498,19498,0,11196,11196,0,74.151483
25/10/2018 09:34,201808,UNITED STATES OF AMERICA,USA,GATWICK,CHICAGO (O'HARE),18183,18183,0,0,0,0,0
25/10/2018 09:34,201808,UNITED STATES OF AMERICA,USA,GATWICK,DENVER INTERNATIONAL,8044,8044,0,0,0,0,0
25/10/2018 09:34,201808,UNITED STATES OF AMERICA,USA,GATWICK,FORT LAUDERDALE,14587,14587,0,13496,13496,0,8.083877
25/10/2018 09:34,201808,UNITED STATES OF AMERICA,USA,GATWICK,LAS VEGAS,24948,24948,0,21118,21118,0,18.136187
25/10/2018 09:34,201808,UNITED STATES OF AMERICA,USA,GATWICK,LOS ANGELES INTERNATIONAL,28100,28100,0,20535,20535,0,36.839542
25/10/2018 09:34,201808,UNITED STATES OF AMERICA,USA,GATWICK,NEW YORK (JF KENNEDY),53981,53981,0,40322,40322,0,33.874808
25/10/2018 09:34,201808,UNITED STATES OF AMERICA,USA,GATWICK,OAKLAND,22089,22089,0,21432,21432,0,3.06551
25/10/2018 09:34,201808,UNITED STATES OF AMERICA,USA,GATWICK,ORLANDO,105085,105085,0,103450,103450,0,1.580474
25/10/2018 09:34,201808,UNITED STATES OF AMERICA,USA,GATWICK,SANFORD,6034,0,6034,6220,0,6220,-2.990354
25/10/2018 09:34,201808,UNITED STATES OF AMERICA,USA,GATWICK,SEATTLE (TACOMA),11151,11151,0,0,0,0,0
25/10/2018 09:34,201808,UNITED STATES OF AMERICA,USA,GATWICK,TAMPA,15204,15204,0,14105,14105,0,7.791563
25/10/2018 09:34,201808,UNITED STATES OF AMERICA,USA,HEATHROW,ATLANTA,56335,56335,0,63917,63917,0,-11.862259
25/10/2018 09:34,201808,UNITED STATES OF AMERICA,USA,HEATHROW,AUSTIN (BERGSTROM),15429,15429,0,10408,10408,0,48.241737
25/10/2018 09:34,201808,UNITED STATES OF AMERICA,USA,HEATHROW,BALTIMORE,11748,11748,0,11484,11484,0,2.298851
25/10/2018 09:34,201808,UNITED STATES OF AMERICA,USA,HEATHROW,BOSTON,87288,87288,0,79032,79032,0,10.446401
25/10/2018 09:34,201808,UNITED STATES OF AMERICA,USA,HEATHROW,CHARLOTTE,29887,29887,0,30083,30083,0,-0.651531
25/10/2018 09:34,201808,UNITED STATES OF AMERICA,USA,HEATHROW,CHICAGO (O'HARE),120461,120461,0,104226,104226,0,15.576727
25/10/2018 09:34,201808,UNITED STATES OF AMERICA,USA,HEATHROW,DALLAS/FORT WORTH,65272,65272,0,63227,63227,0,3.234378
25/10/2018 09:34,201808,UNITED STATES OF AMERICA,USA,HEATHROW,DENVER INTERNATIONAL,30792,30792,0,18834,18834,0,63.491558
25/10/2018 09:34,201808,UNITED STATES OF AMERICA,USA,HEATHROW,DETROIT,19119,19119,0,16932,16932,0,12.916371
25/10/2018 09:34,201808,UNITED STATES OF AMERICA,USA,HEATHROW,HOUSTON,48910,48910,0,40883,40883,0,19.634078
25/10/2018 09:34,201808,UNITED STATES OF AMERICA,USA,HEATHROW,LAS VEGAS,25859,25859,0,28637,28637,0,-9.700737
25/10/2018 09:34,201808,UNITED STATES OF AMERICA,USA,HEATHROW,LOS ANGELES INTERNATIONAL,158694,158694,0,159727,159727,0,-0.646728
25/10/2018 09:34,201808,UNITED STATES OF AMERICA,USA,HEATHROW,MIAMI INTERNATIONAL,84030,84030,0,83221,83221,0,0.97211
25/10/2018 09:34,201808,UNITED STATES OF AMERICA,USA,HEATHROW,MINNEAPOLIS-ST PAUL,12361,12361,0,12573,12573,0,-1.686153
25/10/2018 09:34,201808,UNITED STATES OF AMERICA,USA,HEATHROW,NASHVILLE METROPOLITAN,7299,7299,0,0,0,0,0
25/10/2018 09:34,201808,UNITED STATES OF AMERICA,USA,HEATHROW,NEW ORLEANS,6183,6183,0,5232,5232,0,18.176606
25/10/2018 09:34,201808,UNITED STATES OF AMERICA,USA,HEATHROW,NEW YORK (JF KENNEDY),299703,299703,0,284368,284368,0,5.39266
25/10/2018 09:34,201808,UNITED STATES OF AMERICA,USA,HEATHROW,NEW YORK (NEWARK),106956,106956,0,104254,104254,0,2.591747
25/10/2018 09:34,201808,UNITED STATES OF AMERICA,USA,HEATHROW,PHILADELPHIA INTERNATIONAL,45304,45304,0,50095,50095,0,-9.563829
25/10/2018 09:34,201808,UNITED STATES OF AMERICA,USA,HEATHROW,PHOENIX,23170,23170,0,18435,18435,0,25.684839
25/10/2018 09:34,201808,UNITED STATES OF AMERICA,USA,HEATHROW,PORTLAND (OREGON),6542,6542,0,6275,6275,0,4.25498
25/10/2018 09:34,201808,UNITED STATES OF AMERICA,USA,HEATHROW,RALEIGH,12635,12635,0,12151,12151,0,3.983211
25/10/2018 09:34,201808,UNITED STATES OF AMERICA,USA,HEATHROW,SALT LAKE CITY,11926,11926,0,11083,11083,0,7.606244
25/10/2018 09:34,201808,UNITED STATES OF AMERICA,USA,HEATHROW,SAN DIEGO,15719,15719,0,15852,15852,0,-0.839011
25/10/2018 09:34,201808,UNITED STATES OF AMERICA,USA,HEATHROW,SAN FRANCISCO,107429,107429,0,99931,99931,0,7.503177
25/10/2018 09:34,201808,UNITED STATES OF AMERICA,USA,HEATHROW,SAN JOSE,11125,11125,0,11278,11278,0,-1.356624
25/10/2018 09:34,201808,UNITED STATES OF AMERICA,USA,HEATHROW,SEATTLE (TACOMA),38709,38709,0,40135,40135,0,-3.553009
25/10/2018 09:34,201808,UNITED STATES OF AMERICA,USA,HEATHROW,WASHINGTON (DULLES),85695,85695,0,81977,81977,0,4.535418
25/10/2018 09:34,201808,UNITED STATES OF AMERICA,USA,LONDON CITY,NEW YORK (JF KENNEDY),251,251,0,761,761,0,-67.017083
25/10/2018 09:34,201808,UNITED STATES OF AMERICA,USA,STANSTED,BOSTON,5815,5815,0,0,0,0,0
25/10/2018 09:34,201808,UNITED STATES OF AMERICA,USA,STANSTED,LAS VEGAS,2460,2460,0,4621,4621,0,-46.76477
25/10/2018 09:34,201808,UNITED STATES OF AMERICA,USA,STANSTED,NEW YORK (NEWARK),11176,11176,0,0,0,0,0
25/10/2018 09:34,201808,UNITED STATES OF AMERICA,USA,STANSTED,ORLANDO,8647,8647,0,18145,18145,0,-52.344999
25/10/2018 09:34,201808,UNITED STATES OF AMERICA,USA,STANSTED,SANFORD,0,0,0,1499,0,1499,-100
25/10/2018 09:34,201808,UNITED STATES OF AMERICA,USA,STANSTED,WASHINGTON (DULLES),2048,2048,0,0,0,0,0
25/10/2018 09:34,201808,UNITED STATES OF AMERICA,USA,BELFAST INTERNATIONAL,NEWBURGH/USA,3155,3155,0,4034,4034,0,-21.789787
25/10/2018 09:34,201808,UNITED STATES OF AMERICA,USA,BELFAST INTERNATIONAL,ORLANDO,2946,2946,0,0,0,0,0
25/10/2018 09:34,201808,UNITED STATES OF AMERICA,USA,BELFAST INTERNATIONAL,PROVIDENCE,2807,2807,0,2315,2315,0,21.2527
25/10/2018 09:34,201808,UNITED STATES OF AMERICA,USA,BIRMINGHAM,NEW YORK (NEWARK),0,0,0,8940,8940,0,-100
25/10/2018 09:34,201808,UNITED STATES OF AMERICA,USA,BIRMINGHAM,SANFORD,2745,0,2745,2651,0,2651,3.545832
25/10/2018 09:34,201808,UNITED STATES OF AMERICA,USA,BRISTOL,SANFORD,2541,0,2541,2425,0,2425,4.783505
25/10/2018 09:34,201808,UNITED STATES OF AMERICA,USA,EAST MIDLANDS INTERNATIONAL,SANFORD,2292,0,2292,2370,0,2370,-3.291139
25/10/2018 09:34,201808,UNITED STATES OF AMERICA,USA,EDINBURGH,CHICAGO (O'HARE),9120,9120,0,8581,8581,0,6.281319
25/10/2018 09:34,201808,UNITED STATES OF AMERICA,USA,EDINBURGH,NEW YORK (JF KENNEDY),18561,18561,0,17919,17919,0,3.582789
25/10/2018 09:34,201808,UNITED STATES OF AMERICA,USA,EDINBURGH,NEW YORK (NEWARK),9614,9614,0,16103,16103,0,-40.296839
25/10/2018 09:34,201808,UNITED STATES OF AMERICA,USA,EDINBURGH,NEWBURGH/USA,5964,5964,0,9041,9041,0,-34.033846
25/10/2018 09:34,201808,UNITED STATES OF AMERICA,USA,EDINBURGH,PROVIDENCE,4607,4607,0,4846,4846,0,-4.931903
25/10/2018 09:34,201808,UNITED STATES OF AMERICA,USA,EDINBURGH,WASHINGTON (DULLES),8635,8635,0,0,0,0,0
25/10/2018 09:34,201808,UNITED STATES OF AMERICA,USA,EDINBURGH,WINDSOR LOCKS BRADLEY INTL,0,0,0,4189,4189,0,-100
25/10/2018 09:34,201808,UNITED STATES OF AMERICA,USA,GLASGOW,LAS VEGAS,207,207,0,678,678,0,-69.469027
25/10/2018 09:34,201808,UNITED STATES OF AMERICA,USA,GLASGOW,NEW YORK (JF KENNEDY),9136,9136,0,8677,8677,0,5.289847
25/10/2018 09:34,201808,UNITED STATES OF AMERICA,USA,GLASGOW,NEW YORK (NEWARK),8928,8928,0,8485,8485,0,5.220978
25/10/2018 09:34,201808,UNITED STATES OF AMERICA,USA,GLASGOW,ORLANDO,6312,6312,0,6449,6449,0,-2.12436
25/10/2018 09:34,201808,UNITED STATES OF AMERICA,USA,GLASGOW,PHILADELPHIA INTERNATIONAL,8805,8805,0,8702,8702,0,1.183636
25/10/2018 09:34,201808,UNITED STATES OF AMERICA,USA,GLASGOW,SANFORD,3591,0,3591,2948,0,2948,21.811398
25/10/2018 09:34,201808,UNITED STATES OF AMERICA,USA,MANCHESTER,ATLANTA,11600,11600,0,12960,12960,0,-10.493827
25/10/2018 09:34,201808,UNITED STATES OF AMERICA,USA,MANCHESTER,BOSTON,12375,12375,0,10449,10449,0,18.432386
25/10/2018 09:34,201808,UNITED STATES OF AMERICA,USA,MANCHESTER,CHICAGO (O'HARE),11014,11014,0,10127,10127,0,8.758764
25/10/2018 09:34,201808,UNITED STATES OF AMERICA,USA,MANCHESTER,DALLAS/FORT WORTH,131,131,0,0,0,0,0
25/10/2018 09:34,201808,UNITED STATES OF AMERICA,USA,MANCHESTER,HOUSTON,6283,6283,0,4981,4981,0,26.139329
25/10/2018 09:34,201808,UNITED STATES OF AMERICA,USA,MANCHESTER,LAS VEGAS,19154,19154,0,17061,17061,0,12.267745
25/10/2018 09:34,201808,UNITED STATES OF AMERICA,USA,MANCHESTER,LOS ANGELES INTERNATIONAL,7955,7955,0,7694,7694,0,3.392254
25/10/2018 09:34,201808,UNITED STATES OF AMERICA,USA,MANCHESTER,MIAMI INTERNATIONAL,102,0,102,4681,4681,0,-97.820978
25/10/2018 09:34,201808,UNITED STATES OF AMERICA,USA,MANCHESTER,NEW YORK (JF KENNEDY),42618,42618,0,43441,43441,0,-1.894524
25/10/2018 09:34,201808,UNITED STATES OF AMERICA,USA,MANCHESTER,NEW YORK (NEWARK),9577,9577,0,9180,9180,0,4.324619
25/10/2018 09:34,201808,UNITED STATES OF AMERICA,USA,MANCHESTER,ORLANDO,60694,60694,0,63063,63063,0,-3.756561
25/10/2018 09:34,201808,UNITED STATES OF AMERICA,USA,MANCHESTER,PHILADELPHIA INTERNATIONAL,11460,11460,0,11796,11796,0,-2.848423
25/10/2018 09:34,201808,UNITED STATES OF AMERICA,USA,MANCHESTER,SAN FRANCISCO,13290,13290,0,10253,10253,0,29.620599
25/10/2018 09:34,201808,UNITED STATES OF AMERICA,USA,MANCHESTER,SANFORD,4868,0,4868,7949,0,7949,-38.759592
25/10/2018 09:34,201808,UNITED STATES OF AMERICA,USA,MANCHESTER,SEATTLE (TACOMA),5499,5499,0,0,0,0,0
25/10/2018 09:34,201808,UNITED STATES OF AMERICA,USA,NEWCASTLE,SANFORD,3632,3632,0,3526,3526,0,3.006239
25/10/2018 09:34,201808,CENTRAL AMERICA,COSTA RICA,GATWICK,LIBERIA,2357,0,2357,2969,0,2969,-20.613001
25/10/2018 09:34,201808,CENTRAL AMERICA,COSTA RICA,GATWICK,SAN JOSE COST RICA,4041,4041,0,4274,4274,0,-5.451568
25/10/2018 09:34,201808,CENTRAL AMERICA,CUBA,GATWICK,CUNAGUA (CAYO COCO),2443,2443,0,2493,2493,0,-2.005616
25/10/2018 09:34,201808,CENTRAL AMERICA,CUBA,GATWICK,HAVANA,6195,6195,0,6648,6648,0,-6.814079
25/10/2018 09:34,201808,CENTRAL AMERICA,CUBA,GATWICK,HOLGUIN (FRANK PAIS),2767,2767,0,3079,3079,0,-10.13316
25/10/2018 09:34,201808,CENTRAL AMERICA,CUBA,GATWICK,VARADERO,2352,0,2352,5776,2711,3065,-59.279778
25/10/2018 09:34,201808,CENTRAL AMERICA,CUBA,MANCHESTER,CUNAGUA (CAYO COCO),3071,3071,0,5528,5528,0,-44.446454
25/10/2018 09:34,201808,CENTRAL AMERICA,CUBA,MANCHESTER,HOLGUIN (FRANK PAIS),5592,5592,0,5683,5683,0,-1.601267
25/10/2018 09:34,201808,CENTRAL AMERICA,CUBA,MANCHESTER,SANTA CLARA,2486,2486,0,2972,0,2972,-16.352624
25/10/2018 09:34,201808,CENTRAL AMERICA,CUBA,MANCHESTER,VARADERO,2724,2724,0,2457,2457,0,10.866911
25/10/2018 09:34,201808,CENTRAL AMERICA,DOMINICAN REPUBLIC,GATWICK,PUERTO PLATA,0,0,0,2387,0,2387,-100
25/10/2018 09:34,201808,CENTRAL AMERICA,DOMINICAN REPUBLIC,GATWICK,PUNTA CANA,17373,8275,9098,17295,8803,8492,0.450997
25/10/2018 09:34,201808,CENTRAL AMERICA,DOMINICAN REPUBLIC,BIRMINGHAM,PUNTA CANA,4935,0,4935,5352,0,5352,-7.79148
25/10/2018 09:34,201808,CENTRAL AMERICA,DOMINICAN REPUBLIC,BRISTOL,PUNTA CANA,2784,0,2784,0,0,0,0
25/10/2018 09:34,201808,CENTRAL AMERICA,DOMINICAN REPUBLIC,MANCHESTER,PUERTO PLATA,2879,0,2879,2380,0,2380,20.966387
25/10/2018 09:34,201808,CENTRAL AMERICA,DOMINICAN REPUBLIC,MANCHESTER,PUNTA CANA,13494,8109,5385,10883,0,10883,23.991546
25/10/2018 09:34,201808,CENTRAL AMERICA,MEXICO,GATWICK,CANCUN,37582,37582,0,42044,42044,0,-10.612691
25/10/2018 09:34,201808,CENTRAL AMERICA,MEXICO,GATWICK,PUERTO VALLARTA,2661,0,2661,2390,0,2390,11.338912
25/10/2018 09:34,201808,CENTRAL AMERICA,MEXICO,HEATHROW,MEXICO CITY,23013,23013,0,29860,29860,0,-22.930342
25/10/2018 09:34,201808,CENTRAL AMERICA,MEXICO,STANSTED,CANCUN,4875,4875,0,11376,11376,0,-57.146624
25/10/2018 09:34,201808,CENTRAL AMERICA,MEXICO,BELFAST INTERNATIONAL,CANCUN,0,0,0,330,0,330,-100
25/10/2018 09:34,201808,CENTRAL AMERICA,MEXICO,BIRMINGHAM,CANCUN,5038,5038,0,5042,5042,0,-0.079334
25/10/2018 09:34,201808,CENTRAL AMERICA,MEXICO,BRISTOL,CANCUN,2258,2258,0,2290,2290,0,-1.39738
25/10/2018 09:34,201808,CENTRAL AMERICA,MEXICO,EAST MIDLANDS INTERNATIONAL,CANCUN,2390,2390,0,2386,2386,0,0.167645
25/10/2018 09:34,201808,CENTRAL AMERICA,MEXICO,GLASGOW,CANCUN,5001,974,4027,4459,288,4171,12.155192
25/10/2018 09:34,201808,CENTRAL AMERICA,MEXICO,MANCHESTER,CANCUN,34187,34187,0,24897,24612,285,37.313733
25/10/2018 09:34,201808,CENTRAL AMERICA,MEXICO,MANCHESTER,PUERTO VALLARTA,2946,0,2946,2388,0,2388,23.366834
25/10/2018 09:34,201808,CENTRAL AMERICA,MEXICO,NEWCASTLE,CANCUN,3971,3971,0,3794,3794,0,4.665261
25/10/2018 09:34,201808,SOUTH AMERICA,ARGENTINA,GATWICK,BUENOS AIRES,10579,10579,0,0,0,0,0
25/10/2018 09:34,201808,SOUTH AMERICA,ARGENTINA,HEATHROW,BUENOS AIRES,14112,14112,0,14301,14301,0,-1.321586
25/10/2018 09:34,201808,SOUTH AMERICA,BRAZIL,HEATHROW,RIO DE JANEIRO (GALEAO),10983,10983,0,7946,7946,0,38.220488
25/10/2018 09:34,201808,SOUTH AMERICA,BRAZIL,HEATHROW,SAO PAULO (GUARULHOS),41717,41717,0,35467,35467,0,17.622015
25/10/2018 09:34,201808,SOUTH AMERICA,CHILE,HEATHROW,SANTIAGO DE CHILE,5946,5946,0,6123,6123,0,-2.89074
25/10/2018 09:34,201808,SOUTH AMERICA,COLOMBIA,HEATHROW,BOGOTA,14010,14010,0,13562,13562,0,3.303348
25/10/2018 09:34,201808,SOUTH AMERICA,PERU,GATWICK,LIMA,6933,6933,0,6470,6470,0,7.156105
25/10/2018 09:34,201808,CARIBBEAN AREA,ANTIGUA AND BARBUDA,GATWICK,ANTIGUA,12871,12871,0,12082,12082,0,6.530376
25/10/2018 09:34,201808,CARIBBEAN AREA,BAHAMAS,HEATHROW,NASSAU,4881,4881,0,5143,5143,0,-5.094303
25/10/2018 09:34,201808,CARIBBEAN AREA,BARBADOS,GATWICK,BRIDGETOWN,29976,29976,0,28246,28246,0,6.124761
25/10/2018 09:34,201808,CARIBBEAN AREA,BARBADOS,MANCHESTER,BRIDGETOWN,4558,4558,0,4228,4228,0,7.805109
25/10/2018 09:34,201808,CARIBBEAN AREA,BERMUDA,GATWICK,BERMUDA,10587,10587,0,10797,10797,0,-1.944985
25/10/2018 09:34,201808,CARIBBEAN AREA,CAYMAN ISLANDS,HEATHROW,GRAND CAYMAN,3940,3940,0,3463,3463,0,13.774184
25/10/2018 09:34,201808,CARIBBEAN AREA,GRENADA,GATWICK,GRENADA,2598,2598,0,4530,4530,0,-42.649007
25/10/2018 09:34,201808,CARIBBEAN AREA,ISLE OF CURACAO NETH.ANTILLES,GATWICK,ARUBA,2859,0,2859,2992,0,2992,-4.445187
25/10/2018 09:34,201808,CARIBBEAN AREA,ISLE OF CURACAO NETH.ANTILLES,MANCHESTER,ARUBA,0,0,0,2683,0,2683,-100
25/10/2018 09:34,201808,CARIBBEAN AREA,JAMAICA,GATWICK,KINGSTON,8162,8162,0,9208,9208,0,-11.359687
25/10/2018 09:34,201808,CARIBBEAN AREA,JAMAICA,GATWICK,MONTEGO BAY,16540,7700,8840,19832,10648,9184,-16.599435
25/10/2018 09:34,201808,CARIBBEAN AREA,JAMAICA,STANSTED,MONTEGO BAY,0,0,0,2576,0,2576,-100
25/10/2018 09:34,201808,CARIBBEAN AREA,JAMAICA,BIRMINGHAM,MONTEGO BAY,5268,0,5268,2369,0,2369,122.372309
25/10/2018 09:34,201808,CARIBBEAN AREA,JAMAICA,MANCHESTER,MONTEGO BAY,5612,0,5612,5355,0,5355,4.799253
25/10/2018 09:34,201808,CARIBBEAN AREA,SAINT KITTS AND NEVIS,GATWICK,ST KITTS,1591,1591,0,1743,1743,0,-8.720597
25/10/2018 09:34,201808,CARIBBEAN AREA,ST LUCIA,GATWICK,ST LUCIA (HEWANORRA),14697,12060,2637,12854,10168,2686,14.337949
25/10/2018 09:34,201808,CARIBBEAN AREA,TRINIDAD AND TOBAGO,GATWICK,PORT OF SPAIN,5919,5919,0,5563,5563,0,6.399425
25/10/2018 09:34,201808,CARIBBEAN AREA,TRINIDAD AND TOBAGO,GATWICK,TOBAGO,2871,2871,0,5044,5044,0,-43.080888
25/10/2018 09:34,201808,CARIBBEAN AREA,TURKS AND CAICOS ISLANDS,GATWICK,PROVIDENCIALES,2135,2135,0,1742,1742,0,22.560276
25/10/2018 09:34,201808,INDIAN OCEAN ISLANDS,MAURITIUS,GATWICK,MAURITIUS,8992,8992,0,9065,9065,0,-0.805295
25/10/2018 09:34,201808,INDIAN OCEAN ISLANDS,MAURITIUS,HEATHROW,MAURITIUS,10047,10047,0,9544,9544,0,5.270327
25/10/2018 09:34,201808,INDIAN OCEAN ISLANDS,SEYCHELLES,HEATHROW,SEYCHELLES,3258,3258,0,0,0,0,0
25/10/2018 09:34,201808,ATLANTIC OCEAN ISLANDS,CAPE VERDE ISLANDS,GATWICK,BOA VISTA (RABIL),5605,5605,0,5434,5434,0,3.146853
25/10/2018 09:34,201808,ATLANTIC OCEAN ISLANDS,CAPE VERDE ISLANDS,GATWICK,ILHA DO SAL C.VERDE,5621,5621,0,5492,5492,0,2.348871
25/10/2018 09:34,201808,ATLANTIC OCEAN ISLANDS,CAPE VERDE ISLANDS,BIRMINGHAM,BOA VISTA (RABIL),2023,2023,0,2164,2164,0,-6.515712
25/10/2018 09:34,201808,ATLANTIC OCEAN ISLANDS,CAPE VERDE ISLANDS,BIRMINGHAM,ILHA DO SAL C.VERDE,1892,1892,0,2198,2198,0,-13.921747
25/10/2018 09:34,201808,ATLANTIC OCEAN ISLANDS,CAPE VERDE ISLANDS,BRISTOL,ILHA DO SAL C.VERDE,2829,2829,0,1734,1734,0,63.148789
25/10/2018 09:34,201808,ATLANTIC OCEAN ISLANDS,CAPE VERDE ISLANDS,GLASGOW,ILHA DO SAL C.VERDE,1743,0,1743,1954,0,1954,-10.798362
25/10/2018 09:34,201808,ATLANTIC OCEAN ISLANDS,CAPE VERDE ISLANDS,MANCHESTER,BOA VISTA (RABIL),5557,5557,0,5828,5828,0,-4.649966
25/10/2018 09:34,201808,ATLANTIC OCEAN ISLANDS,CAPE VERDE ISLANDS,MANCHESTER,ILHA DO SAL C.VERDE,3778,3778,0,5820,5820,0,-35.085911
25/10/2018 09:34,201808,OIL RIGS,OIL RIGS,ABERDEEN,OIL RIGS,40364,0,40364,34967,0,34967,15.434553
25/10/2018 09:34,201808,OIL RIGS,OIL RIGS,BLACKPOOL,OIL RIGS,1209,0,1209,1754,0,1754,-31.071836
25/10/2018 09:34,201808,OIL RIGS,OIL RIGS,HUMBERSIDE,OIL RIGS,2060,0,2060,2235,0,2235,-7.829978
25/10/2018 09:34,201808,OIL RIGS,OIL RIGS,NORWICH,OIL RIGS,8406,0,8406,9115,0,9115,-7.778387
25/10/2018 09:34,201808,OIL RIGS,OIL RIGS,SCATSTA,OIL RIGS,7527,0,7527,6606,0,6606,13.941871
25/10/2018 09:34,201808,OIL RIGS,OIL RIGS,SUMBURGH,OIL RIGS,0,0,0,9989,0,9989,-100

