rundate,this_period,foreign_region,foreign_country,UK_airport,foreign_airport,total_pax_this_period,total_pax_scheduled_this_period,total_pax_charter_this_period,total_pax_last_period,total_pax_scheduled_last_period,total_pax_charter_last_period,total_pax_percent
17/12/2019 16:42,201909,WESTERN EUROPE-EU,AUSTRIA,GATWICK,INNSBRUCK,3492,3492,0,5850,4962,888,-40.307692
17/12/2019 16:42,201909,WESTERN EUROPE-EU,AUSTRIA,GATWICK,SALZBURG,6523,6028,495,7476,6634,842,-12.747459
17/12/2019 16:42,201909,WESTERN EUROPE-EU,AUSTRIA,GATWICK,VIENNA,15803,15803,0,38281,38281,0,-58.718424
17/12/2019 16:42,201909,WESTERN EUROPE-EU,AUSTRIA,HEATHROW,INNSBRUCK,3111,3111,0,3452,3452,0,-9.878331
17/12/2019 16:42,201909,WESTERN EUROPE-EU,AUSTRIA,HEATHROW,SALZBURG,0,0,0,2404,2404,0,-100
17/12/2019 16:42,201909,WESTERN EUROPE-EU,AUSTRIA,HEATHROW,VIENNA,75068,75068,0,77553,77553,0,-3.20426
17/12/2019 16:42,201909,WESTERN EUROPE-EU,AUSTRIA,LUTON,VIENNA,5675,5675,0,5080,5080,0,11.712598
17/12/2019 16:42,201909,WESTERN EUROPE-EU,AUSTRIA,SOUTHEND,VIENNA,0,0,0,2006,2006,0,-100
17/12/2019 16:42,201909,WESTERN EUROPE-EU,AUSTRIA,STANSTED,LINZ,0,0,0,2742,2742,0,-100
17/12/2019 16:42,201909,WESTERN EUROPE-EU,AUSTRIA,STANSTED,SALZBURG,5939,5939,0,12042,12042,0,-50.68095
17/12/2019 16:42,201909,WESTERN EUROPE-EU,AUSTRIA,STANSTED,VIENNA,18042,18042,0,5739,5739,0,214.375327
17/12/2019 16:42,201909,WESTERN EUROPE-EU,AUSTRIA,BIRMINGHAM,INNSBRUCK,401,0,401,578,0,578,-30.622837
17/12/2019 16:42,201909,WESTERN EUROPE-EU,AUSTRIA,BIRMINGHAM,SALZBURG,462,0,462,830,0,830,-44.337349
17/12/2019 16:42,201909,WESTERN EUROPE-EU,AUSTRIA,BIRMINGHAM,VIENNA,3020,3020,0,2983,2983,0,1.240362
17/12/2019 16:42,201909,WESTERN EUROPE-EU,AUSTRIA,BRISTOL,INNSBRUCK,409,0,409,581,0,581,-29.604131
17/12/2019 16:42,201909,WESTERN EUROPE-EU,AUSTRIA,BRISTOL,VIENNA,2647,2647,0,2327,2327,0,13.751612
17/12/2019 16:42,201909,WESTERN EUROPE-EU,AUSTRIA,EDINBURGH,INNSBRUCK,360,0,360,478,0,478,-24.686192
17/12/2019 16:42,201909,WESTERN EUROPE-EU,AUSTRIA,EDINBURGH,VIENNA,4220,4220,0,6596,6596,0,-36.021831
17/12/2019 16:42,201909,WESTERN EUROPE-EU,AUSTRIA,GLASGOW,SALZBURG,265,0,265,461,0,461,-42.516269
17/12/2019 16:42,201909,WESTERN EUROPE-EU,AUSTRIA,HUMBERSIDE,VIENNA,0,0,0,92,0,92,-100
17/12/2019 16:42,201909,WESTERN EUROPE-EU,AUSTRIA,LEEDS BRADFORD,INNSBRUCK,422,0,422,587,0,587,-28.109029
17/12/2019 16:42,201909,WESTERN EUROPE-EU,AUSTRIA,MANCHESTER,INNSBRUCK,412,0,412,893,0,893,-53.863382
17/12/2019 16:42,201909,WESTERN EUROPE-EU,AUSTRIA,MANCHESTER,SALZBURG,2066,0,2066,1813,0,1813,13.954771
17/12/2019 16:42,201909,WESTERN EUROPE-EU,AUSTRIA,MANCHESTER,VIENNA,10843,10843,0,9854,9854,0,10.036533
17/12/2019 16:42,201909,WESTERN EUROPE-EU,AUSTRIA,NEWCASTLE,SALZBURG,174,174,0,398,398,0,-56.281407
17/12/2019 16:42,201909,WESTERN EUROPE-EU,BELGIUM,GATWICK,BRUSSELS,0,0,0,1782,1782,0,-100
17/12/2019 16:42,201909,WESTERN EUROPE-EU,BELGIUM,HEATHROW,BRUSSELS,51422,51422,0,58119,58119,0,-11.52291
17/12/2019 16:42,201909,WESTERN EUROPE-EU,BELGIUM,SOUTHEND,ANTWERP,0,0,0,1104,1104,0,-100
17/12/2019 16:42,201909,WESTERN EUROPE-EU,BELGIUM,BIRMINGHAM,BRUSSELS,10939,10939,0,9976,9887,89,9.653168
17/12/2019 16:42,201909,WESTERN EUROPE-EU,BELGIUM,BRISTOL,BRUSSELS,3301,3301,0,5415,5415,0,-39.039705
17/12/2019 16:42,201909,WESTERN EUROPE-EU,BELGIUM,EAST MIDLANDS INTERNATIONAL,BRUSSELS,1719,1719,0,2658,2658,0,-35.327314
17/12/2019 16:42,201909,WESTERN EUROPE-EU,BELGIUM,EDINBURGH,BRUSSELS,13782,13494,288,12459,12459,0,10.61883
17/12/2019 16:42,201909,WESTERN EUROPE-EU,BELGIUM,EDINBURGH,CHARLEROI,7658,7658,0,7194,7194,0,6.449819
17/12/2019 16:42,201909,WESTERN EUROPE-EU,BELGIUM,GLASGOW,BRUSSELS,318,0,318,97,0,97,227.835052
17/12/2019 16:42,201909,WESTERN EUROPE-EU,BELGIUM,GLASGOW,CHARLEROI,2554,2554,0,2949,2949,0,-13.394371
17/12/2019 16:42,201909,WESTERN EUROPE-EU,BELGIUM,LEEDS BRADFORD,ANTWERP,196,0,196,0,0,0,0
17/12/2019 16:42,201909,WESTERN EUROPE-EU,BELGIUM,MANCHESTER,BRUSSELS,20109,19879,230,19309,19309,0,4.143146
17/12/2019 16:42,201909,WESTERN EUROPE-EU,BELGIUM,MANCHESTER,CHARLEROI,16198,16198,0,14442,14442,0,12.158981
17/12/2019 16:42,201909,WESTERN EUROPE-EU,BELGIUM,NEWCASTLE,BRUSSELS,1952,1952,0,2516,2516,0,-22.416534
17/12/2019 16:42,201909,WESTERN EUROPE-EU,CROATIA,GATWICK,DUBROVNIK,34120,34120,0,35072,35072,0,-2.714416
17/12/2019 16:42,201909,WESTERN EUROPE-EU,CROATIA,GATWICK,PULA,10187,4631,5556,8638,3992,4646,17.932392
17/12/2019 16:42,201909,WESTERN EUROPE-EU,CROATIA,GATWICK,RIJEKA,1275,0,1275,0,0,0,0
17/12/2019 16:42,201909,WESTERN EUROPE-EU,CROATIA,GATWICK,SPLIT,30791,27335,3456,32649,29732,2917,-5.690833
17/12/2019 16:42,201909,WESTERN EUROPE-EU,CROATIA,GATWICK,ZADAR,2130,2130,0,0,0,0,0
17/12/2019 16:42,201909,WESTERN EUROPE-EU,CROATIA,HEATHROW,PULA,1754,1754,0,2246,2246,0,-21.90561
17/12/2019 16:42,201909,WESTERN EUROPE-EU,CROATIA,HEATHROW,SPLIT,8864,8864,0,4798,4798,0,84.743643
17/12/2019 16:42,201909,WESTERN EUROPE-EU,CROATIA,HEATHROW,ZAGREB,10902,10902,0,12447,12447,0,-12.41263
17/12/2019 16:42,201909,WESTERN EUROPE-EU,CROATIA,LONDON CITY,SPLIT,478,478,0,0,0,0,0
17/12/2019 16:42,201909,WESTERN EUROPE-EU,CROATIA,LUTON,DUBROVNIK,4110,4110,0,4201,4201,0,-2.166151
17/12/2019 16:42,201909,WESTERN EUROPE-EU,CROATIA,LUTON,SPLIT,12290,12290,0,12184,12184,0,0.869993
17/12/2019 16:42,201909,WESTERN EUROPE-EU,CROATIA,LUTON,ZADAR,2096,2096,0,2532,2532,0,-17.219589
17/12/2019 16:42,201909,WESTERN EUROPE-EU,CROATIA,SOUTHEND,DUBROVNIK,2761,2761,0,4372,4372,0,-36.848124
17/12/2019 16:42,201909,WESTERN EUROPE-EU,CROATIA,SOUTHEND,PULA,2853,2853,0,2407,2407,0,18.52929
17/12/2019 16:42,201909,WESTERN EUROPE-EU,CROATIA,SOUTHEND,ZADAR,0,0,0,842,842,0,-100
17/12/2019 16:42,201909,WESTERN EUROPE-EU,CROATIA,STANSTED,DUBROVNIK,15176,15176,0,13642,13642,0,11.244686
17/12/2019 16:42,201909,WESTERN EUROPE-EU,CROATIA,STANSTED,PULA,6872,6872,0,6801,6801,0,1.043964
17/12/2019 16:42,201909,WESTERN EUROPE-EU,CROATIA,STANSTED,RIJEKA,2785,2785,0,0,0,0,0
17/12/2019 16:42,201909,WESTERN EUROPE-EU,CROATIA,STANSTED,SPLIT,9451,9079,372,7833,7833,0,20.656198
17/12/2019 16:42,201909,WESTERN EUROPE-EU,CROATIA,STANSTED,ZADAR,6589,5489,1100,7052,5638,1414,-6.565513
17/12/2019 16:42,201909,WESTERN EUROPE-EU,CROATIA,BELFAST INTERNATIONAL,DUBROVNIK,4716,4353,363,4433,4433,0,6.383939
17/12/2019 16:42,201909,WESTERN EUROPE-EU,CROATIA,BELFAST INTERNATIONAL,SPLIT,2425,2425,0,2522,2522,0,-3.846154
17/12/2019 16:42,201909,WESTERN EUROPE-EU,CROATIA,BIGGIN HILL,SPLIT,0,0,0,7,0,7,-100
17/12/2019 16:42,201909,WESTERN EUROPE-EU,CROATIA,BIRMINGHAM,DUBROVNIK,6235,6235,0,6569,6569,0,-5.084488
17/12/2019 16:42,201909,WESTERN EUROPE-EU,CROATIA,BIRMINGHAM,PULA,4692,1773,2919,3208,0,3208,46.259352
17/12/2019 16:42,201909,WESTERN EUROPE-EU,CROATIA,BIRMINGHAM,SPLIT,2138,2138,0,2928,2928,0,-26.980874
17/12/2019 16:42,201909,WESTERN EUROPE-EU,CROATIA,BRISTOL,DUBROVNIK,8462,8462,0,6644,6644,0,27.363034
17/12/2019 16:42,201909,WESTERN EUROPE-EU,CROATIA,BRISTOL,PULA,5522,2328,3194,6020,3013,3007,-8.272425
17/12/2019 16:42,201909,WESTERN EUROPE-EU,CROATIA,BRISTOL,SPLIT,7050,7050,0,6963,6963,0,1.249461
17/12/2019 16:42,201909,WESTERN EUROPE-EU,CROATIA,CARDIFF WALES,DUBROVNIK,1447,0,1447,0,0,0,0
17/12/2019 16:42,201909,WESTERN EUROPE-EU,CROATIA,DONCASTER SHEFFIELD,DUBROVNIK,1491,0,1491,1454,1454,0,2.544704
17/12/2019 16:42,201909,WESTERN EUROPE-EU,CROATIA,DONCASTER SHEFFIELD,PULA,1520,0,1520,0,0,0,0
17/12/2019 16:42,201909,WESTERN EUROPE-EU,CROATIA,EAST MIDLANDS INTERNATIONAL,DUBROVNIK,4508,4508,0,4044,4044,0,11.473788
17/12/2019 16:42,201909,WESTERN EUROPE-EU,CROATIA,EAST MIDLANDS INTERNATIONAL,PULA,1489,0,1489,1332,0,1332,11.786787
17/12/2019 16:42,201909,WESTERN EUROPE-EU,CROATIA,EAST MIDLANDS INTERNATIONAL,SPLIT,1691,1691,0,2357,2357,0,-28.256258
17/12/2019 16:42,201909,WESTERN EUROPE-EU,CROATIA,EDINBURGH,DUBROVNIK,5919,5919,0,5870,5870,0,0.834753
17/12/2019 16:42,201909,WESTERN EUROPE-EU,CROATIA,EDINBURGH,PULA,940,940,0,3685,2430,1255,-74.49118
17/12/2019 16:42,201909,WESTERN EUROPE-EU,CROATIA,EDINBURGH,SPLIT,1831,1831,0,2430,2430,0,-24.650206
17/12/2019 16:42,201909,WESTERN EUROPE-EU,CROATIA,GLASGOW,DUBROVNIK,3242,3242,0,3410,1813,1597,-4.926686
17/12/2019 16:42,201909,WESTERN EUROPE-EU,CROATIA,GLASGOW,SPLIT,2927,2927,0,3069,3069,0,-4.626914
17/12/2019 16:42,201909,WESTERN EUROPE-EU,CROATIA,LEEDS BRADFORD,DUBROVNIK,3099,3099,0,3305,3305,0,-6.23298
17/12/2019 16:42,201909,WESTERN EUROPE-EU,CROATIA,LEEDS BRADFORD,PULA,2397,2397,0,2406,2406,0,-0.374065
17/12/2019 16:42,201909,WESTERN EUROPE-EU,CROATIA,LEEDS BRADFORD,SPLIT,2855,2855,0,2428,2428,0,17.586491
17/12/2019 16:42,201909,WESTERN EUROPE-EU,CROATIA,LIVERPOOL (JOHN LENNON),PULA,2262,2262,0,2455,2455,0,-7.861507
17/12/2019 16:42,201909,WESTERN EUROPE-EU,CROATIA,MANCHESTER,DUBROVNIK,18642,18642,0,17454,17454,0,6.806463
17/12/2019 16:42,201909,WESTERN EUROPE-EU,CROATIA,MANCHESTER,PULA,6019,4082,1937,7168,3909,3259,-16.029576
17/12/2019 16:42,201909,WESTERN EUROPE-EU,CROATIA,MANCHESTER,SPLIT,13870,11883,1987,16232,13373,2859,-14.551503
17/12/2019 16:42,201909,WESTERN EUROPE-EU,CROATIA,MANCHESTER,ZADAR,3540,2705,835,4388,3078,1310,-19.325433
17/12/2019 16:42,201909,WESTERN EUROPE-EU,CROATIA,MANCHESTER,ZAGREB,166,0,166,0,0,0,0
17/12/2019 16:42,201909,WESTERN EUROPE-EU,CROATIA,NEWCASTLE,DUBROVNIK,3137,3137,0,4236,4236,0,-25.944287
17/12/2019 16:42,201909,WESTERN EUROPE-EU,CROATIA,NEWCASTLE,SPLIT,0,0,0,247,247,0,-100
17/12/2019 16:42,201909,WESTERN EUROPE-EU,CYPRUS,GATWICK,LARNACA,31222,22805,8417,43179,33998,9181,-27.691702
17/12/2019 16:42,201909,WESTERN EUROPE-EU,CYPRUS,GATWICK,PAPHOS,43717,33594,10123,45234,33438,11796,-3.353672
17/12/2019 16:42,201909,WESTERN EUROPE-EU,CYPRUS,HEATHROW,LARNACA,26116,26116,0,30146,30146,0,-13.368274
17/12/2019 16:42,201909,WESTERN EUROPE-EU,CYPRUS,LUTON,LARNACA,32314,32314,0,20539,19255,1284,57.329958
17/12/2019 16:42,201909,WESTERN EUROPE-EU,CYPRUS,LUTON,PAPHOS,10514,8165,2349,11407,7799,3608,-7.828526
17/12/2019 16:42,201909,WESTERN EUROPE-EU,CYPRUS,STANSTED,LARNACA,12509,10677,1832,13141,11229,1912,-4.809375
17/12/2019 16:42,201909,WESTERN EUROPE-EU,CYPRUS,STANSTED,PAPHOS,25161,22092,3069,25548,22250,3298,-1.514796
17/12/2019 16:42,201909,WESTERN EUROPE-EU,CYPRUS,BELFAST INTERNATIONAL,LARNACA,1172,0,1172,2611,0,2611,-55.112984
17/12/2019 16:42,201909,WESTERN EUROPE-EU,CYPRUS,BELFAST INTERNATIONAL,PAPHOS,1399,1399,0,1256,1256,0,11.38535
17/12/2019 16:42,201909,WESTERN EUROPE-EU,CYPRUS,BIGGIN HILL,LARNACA,6,0,6,0,0,0,0
17/12/2019 16:42,201909,WESTERN EUROPE-EU,CYPRUS,BIGGIN HILL,PAPHOS,4,0,4,0,0,0,0
17/12/2019 16:42,201909,WESTERN EUROPE-EU,CYPRUS,BIRMINGHAM,LARNACA,18385,13244,5141,16803,11991,4812,9.414985
17/12/2019 16:42,201909,WESTERN EUROPE-EU,CYPRUS,BIRMINGHAM,PAPHOS,11784,6572,5212,12353,5991,6362,-4.606169
17/12/2019 16:42,201909,WESTERN EUROPE-EU,CYPRUS,BOURNEMOUTH,PAPHOS,4341,2852,1489,1446,0,1446,200.207469
17/12/2019 16:42,201909,WESTERN EUROPE-EU,CYPRUS,BRISTOL,LARNACA,9577,5358,4219,6783,3442,3341,41.191213
17/12/2019 16:42,201909,WESTERN EUROPE-EU,CYPRUS,BRISTOL,PAPHOS,9234,5760,3474,9605,6030,3575,-3.862572
17/12/2019 16:42,201909,WESTERN EUROPE-EU,CYPRUS,CARDIFF WALES,LARNACA,3519,0,3519,3403,0,3403,3.408757
17/12/2019 16:42,201909,WESTERN EUROPE-EU,CYPRUS,CARDIFF WALES,PAPHOS,3293,0,3293,1439,0,1439,128.839472
17/12/2019 16:42,201909,WESTERN EUROPE-EU,CYPRUS,DONCASTER SHEFFIELD,LARNACA,1554,0,1554,1476,0,1476,5.284553
17/12/2019 16:42,201909,WESTERN EUROPE-EU,CYPRUS,DONCASTER SHEFFIELD,PAPHOS,3219,0,3219,2971,0,2971,8.347358
17/12/2019 16:42,201909,WESTERN EUROPE-EU,CYPRUS,EAST MIDLANDS INTERNATIONAL,LARNACA,6479,4601,1878,6953,5369,1584,-6.817201
17/12/2019 16:42,201909,WESTERN EUROPE-EU,CYPRUS,EAST MIDLANDS INTERNATIONAL,PAPHOS,8900,5729,3171,10032,6750,3282,-11.283892
17/12/2019 16:42,201909,WESTERN EUROPE-EU,CYPRUS,EDINBURGH,LARNACA,2927,1461,1466,2603,1401,1202,12.447176
17/12/2019 16:42,201909,WESTERN EUROPE-EU,CYPRUS,EDINBURGH,PAPHOS,7880,6229,1651,7902,6240,1662,-0.278411
17/12/2019 16:42,201909,WESTERN EUROPE-EU,CYPRUS,EXETER,LARNACA,1823,0,1823,1593,0,1593,14.438167
17/12/2019 16:42,201909,WESTERN EUROPE-EU,CYPRUS,EXETER,PAPHOS,1471,0,1471,1860,0,1860,-20.913978
17/12/2019 16:42,201909,WESTERN EUROPE-EU,CYPRUS,GLASGOW,LARNACA,6075,4375,1700,6435,4965,1470,-5.594406
17/12/2019 16:42,201909,WESTERN EUROPE-EU,CYPRUS,GLASGOW,PAPHOS,4589,3112,1477,4841,3178,1663,-5.205536
17/12/2019 16:42,201909,WESTERN EUROPE-EU,CYPRUS,LEEDS BRADFORD,LARNACA,6016,6016,0,6227,6227,0,-3.38847
17/12/2019 16:42,201909,WESTERN EUROPE-EU,CYPRUS,LEEDS BRADFORD,PAPHOS,6502,6502,0,7336,6440,896,-11.368593
17/12/2019 16:42,201909,WESTERN EUROPE-EU,CYPRUS,LIVERPOOL (JOHN LENNON),LARNACA,2855,2855,0,3100,3100,0,-7.903226
17/12/2019 16:42,201909,WESTERN EUROPE-EU,CYPRUS,LIVERPOOL (JOHN LENNON),PAPHOS,3000,3000,0,0,0,0,0
17/12/2019 16:42,201909,WESTERN EUROPE-EU,CYPRUS,MANCHESTER,LARNACA,20007,12659,7348,23533,15084,8449,-14.983215
17/12/2019 16:42,201909,WESTERN EUROPE-EU,CYPRUS,MANCHESTER,PAPHOS,37834,26063,11771,35489,24246,11243,6.607681
17/12/2019 16:42,201909,WESTERN EUROPE-EU,CYPRUS,NEWCASTLE,LARNACA,9226,9226,0,9706,9706,0,-4.945395
17/12/2019 16:42,201909,WESTERN EUROPE-EU,CYPRUS,NEWCASTLE,PAPHOS,6325,6325,0,6167,6167,0,2.562024
17/12/2019 16:42,201909,WESTERN EUROPE-EU,CYPRUS,NORWICH,PAPHOS,1217,0,1217,1224,0,1224,-0.571895
17/12/2019 16:42,201909,WESTERN EUROPE-EU,DENMARK,GATWICK,AALBORG,0,0,0,3157,3157,0,-100
17/12/2019 16:42,201909,WESTERN EUROPE-EU,DENMARK,GATWICK,COPENHAGEN,64826,64826,0,60287,60287,0,7.528986
17/12/2019 16:42,201909,WESTERN EUROPE-EU,DENMARK,HEATHROW,BILLUND,5973,5973,0,11144,11144,0,-46.401651
17/12/2019 16:42,201909,WESTERN EUROPE-EU,DENMARK,HEATHROW,COPENHAGEN,78936,78936,0,88448,88448,0,-10.754342
17/12/2019 16:42,201909,WESTERN EUROPE-EU,DENMARK,LONDON CITY,BILLUND,2242,2242,0,1766,1766,0,26.953567
17/12/2019 16:42,201909,WESTERN EUROPE-EU,DENMARK,LUTON,COPENHAGEN,8978,8978,0,10230,10230,0,-12.238514
17/12/2019 16:42,201909,WESTERN EUROPE-EU,DENMARK,SOUTHEND,COPENHAGEN,3129,3129,0,0,0,0,0
17/12/2019 16:42,201909,WESTERN EUROPE-EU,DENMARK,STANSTED,AALBORG,3033,3033,0,3130,3130,0,-3.099042
17/12/2019 16:42,201909,WESTERN EUROPE-EU,DENMARK,STANSTED,AARHUS (TIRSTRUP),9342,9342,0,9178,9178,0,1.786882
17/12/2019 16:42,201909,WESTERN EUROPE-EU,DENMARK,STANSTED,BILLUND,16929,16929,0,16701,16701,0,1.365188
17/12/2019 16:42,201909,WESTERN EUROPE-EU,DENMARK,STANSTED,COPENHAGEN,35197,35197,0,30442,30442,0,15.619867
17/12/2019 16:42,201909,WESTERN EUROPE-EU,DENMARK,ABERDEEN,COPENHAGEN,3409,3409,0,3141,3141,0,8.532315
17/12/2019 16:42,201909,WESTERN EUROPE-EU,DENMARK,ABERDEEN,ESBJERG,2069,2069,0,1083,1083,0,91.043398
17/12/2019 16:42,201909,WESTERN EUROPE-EU,DENMARK,BIGGIN HILL,COPENHAGEN,0,0,0,8,0,8,-100
17/12/2019 16:42,201909,WESTERN EUROPE-EU,DENMARK,BIRMINGHAM,COPENHAGEN,8518,8518,0,7496,7496,0,13.633938
17/12/2019 16:42,201909,WESTERN EUROPE-EU,DENMARK,BRISTOL,COPENHAGEN,5461,5461,0,4666,4666,0,17.038148
17/12/2019 16:42,201909,WESTERN EUROPE-EU,DENMARK,CARDIFF WALES,AARHUS (TIRSTRUP),0,0,0,111,0,111,-100
17/12/2019 16:42,201909,WESTERN EUROPE-EU,DENMARK,DUNDEE,KARUP,0,0,0,366,0,366,-100
17/12/2019 16:42,201909,WESTERN EUROPE-EU,DENMARK,DUNDEE,ROSKILDE,0,0,0,16,0,16,-100
17/12/2019 16:42,201909,WESTERN EUROPE-EU,DENMARK,EDINBURGH,BILLUND,2888,2888,0,0,0,0,0
17/12/2019 16:42,201909,WESTERN EUROPE-EU,DENMARK,EDINBURGH,COPENHAGEN,20674,20674,0,23230,23230,0,-11.003013
17/12/2019 16:42,201909,WESTERN EUROPE-EU,DENMARK,GLASGOW,BILLUND,31,0,31,0,0,0,0
17/12/2019 16:42,201909,WESTERN EUROPE-EU,DENMARK,LIVERPOOL (JOHN LENNON),COPENHAGEN,2620,2620,0,0,0,0,0
17/12/2019 16:42,201909,WESTERN EUROPE-EU,DENMARK,MANCHESTER,AARHUS (TIRSTRUP),502,502,0,0,0,0,0
17/12/2019 16:42,201909,WESTERN EUROPE-EU,DENMARK,MANCHESTER,BILLUND,6547,6547,0,1902,1902,0,244.216614
17/12/2019 16:42,201909,WESTERN EUROPE-EU,DENMARK,MANCHESTER,COPENHAGEN,29234,29234,0,29778,29778,0,-1.826852
17/12/2019 16:42,201909,WESTERN EUROPE-EU,FINLAND,GATWICK,HELSINKI,18929,18929,0,18435,18435,0,2.679685
17/12/2019 16:42,201909,WESTERN EUROPE-EU,FINLAND,HEATHROW,HELSINKI,69242,69242,0,63774,63774,0,8.574027
17/12/2019 16:42,201909,WESTERN EUROPE-EU,FINLAND,LUTON,TURKU,2394,2394,0,0,0,0,0
17/12/2019 16:42,201909,WESTERN EUROPE-EU,FINLAND,EDINBURGH,HELSINKI,6893,6893,0,6137,5914,223,12.318723
17/12/2019 16:42,201909,WESTERN EUROPE-EU,FINLAND,MANCHESTER,HELSINKI,16465,16465,0,14902,14902,0,10.488525
17/12/2019 16:42,201909,WESTERN EUROPE-EU,FRANCE,GATWICK,AJACCIO,758,758,0,1428,1428,0,-46.918768
17/12/2019 16:42,201909,WESTERN EUROPE-EU,FRANCE,GATWICK,BASTIA,1807,1807,0,2462,2462,0,-26.604387
17/12/2019 16:42,201909,WESTERN EUROPE-EU,FRANCE,GATWICK,BIARRITZ,1662,1662,0,5612,5612,0,-70.38489
17/12/2019 16:42,201909,WESTERN EUROPE-EU,FRANCE,GATWICK,BORDEAUX,28764,28764,0,30762,30711,51,-6.495026
17/12/2019 16:42,201909,WESTERN EUROPE-EU,FRANCE,GATWICK,FIGARI,1064,1064,0,1803,1803,0,-40.987243
17/12/2019 16:42,201909,WESTERN EUROPE-EU,FRANCE,GATWICK,LA ROCHELLE,3048,3048,0,4776,4776,0,-36.180905
17/12/2019 16:42,201909,WESTERN EUROPE-EU,FRANCE,GATWICK,LIMOGES,188,188,0,192,192,0,-2.083333
17/12/2019 16:42,201909,WESTERN EUROPE-EU,FRANCE,GATWICK,LYON,15443,15443,0,14949,14949,0,3.304569
17/12/2019 16:42,201909,WESTERN EUROPE-EU,FRANCE,GATWICK,MARSEILLE,13454,13454,0,14845,14845,0,-9.370158
17/12/2019 16:42,201909,WESTERN EUROPE-EU,FRANCE,GATWICK,MONTPELLIER,13105,13105,0,12745,12745,0,2.824637
17/12/2019 16:42,201909,WESTERN EUROPE-EU,FRANCE,GATWICK,NANTES,13016,13016,0,14884,14884,0,-12.55039
17/12/2019 16:42,201909,WESTERN EUROPE-EU,FRANCE,GATWICK,NICE,62257,62009,248,65770,65770,0,-5.341341
17/12/2019 16:42,201909,WESTERN EUROPE-EU,FRANCE,GATWICK,PARIS (CHARLES DE GAULLE),46597,46597,0,40925,40925,0,13.859499
17/12/2019 16:42,201909,WESTERN EUROPE-EU,FRANCE,GATWICK,TOULOUSE (BLAGNAC),18161,18161,0,23316,23316,0,-22.109281
17/12/2019 16:42,201909,WESTERN EUROPE-EU,FRANCE,HEATHROW,BASTIA,890,890,0,859,0,859,3.608847
17/12/2019 16:42,201909,WESTERN EUROPE-EU,FRANCE,HEATHROW,FIGARI,1024,1024,0,2098,978,1120,-51.191611
17/12/2019 16:42,201909,WESTERN EUROPE-EU,FRANCE,HEATHROW,LYON,17472,17472,0,21068,21068,0,-17.06854
17/12/2019 16:42,201909,WESTERN EUROPE-EU,FRANCE,HEATHROW,MARSEILLE,24578,24578,0,22959,22959,0,7.051701
17/12/2019 16:42,201909,WESTERN EUROPE-EU,FRANCE,HEATHROW,MONTPELLIER,214,214,0,0,0,0,0
17/12/2019 16:42,201909,WESTERN EUROPE-EU,FRANCE,HEATHROW,NANTES,225,225,0,200,200,0,12.5
17/12/2019 16:42,201909,WESTERN EUROPE-EU,FRANCE,HEATHROW,NICE,49773,49773,0,50744,50744,0,-1.913527
17/12/2019 16:42,201909,WESTERN EUROPE-EU,FRANCE,HEATHROW,PARIS (CHARLES DE GAULLE),95688,95688,0,106219,106219,0,-9.914422
17/12/2019 16:42,201909,WESTERN EUROPE-EU,FRANCE,HEATHROW,TOULOUSE (BLAGNAC),22482,22482,0,21124,21124,0,6.428707
17/12/2019 16:42,201909,WESTERN EUROPE-EU,FRANCE,LONDON CITY,BERGERAC,1735,1735,0,1706,1706,0,1.699883
17/12/2019 16:42,201909,WESTERN EUROPE-EU,FRANCE,LONDON CITY,DINARD,135,0,135,159,0,159,-15.09434
17/12/2019 16:42,201909,WESTERN EUROPE-EU,FRANCE,LONDON CITY,NICE,5118,5118,0,4962,4962,0,3.143894
17/12/2019 16:42,201909,WESTERN EUROPE-EU,FRANCE,LONDON CITY,PARIS (ORLY),0,0,0,8064,8064,0,-100
17/12/2019 16:42,201909,WESTERN EUROPE-EU,FRANCE,LONDON CITY,QUIMPER,226,226,0,351,351,0,-35.612536
17/12/2019 16:42,201909,WESTERN EUROPE-EU,FRANCE,LONDON CITY,RENNES,127,127,0,129,129,0,-1.550388
17/12/2019 16:42,201909,WESTERN EUROPE-EU,FRANCE,LUTON,BEZIERS,3597,3597,0,3353,3353,0,7.277065
17/12/2019 16:42,201909,WESTERN EUROPE-EU,FRANCE,LUTON,BIARRITZ,0,0,0,243,243,0,-100
17/12/2019 16:42,201909,WESTERN EUROPE-EU,FRANCE,LUTON,BORDEAUX,7298,7298,0,7525,7525,0,-3.016611
17/12/2019 16:42,201909,WESTERN EUROPE-EU,FRANCE,LUTON,LYON,7168,7168,0,5879,5879,0,21.925498
17/12/2019 16:42,201909,WESTERN EUROPE-EU,FRANCE,LUTON,MARSEILLE,5004,5004,0,3886,3886,0,28.769943
17/12/2019 16:42,201909,WESTERN EUROPE-EU,FRANCE,LUTON,MONTPELLIER,0,0,0,583,583,0,-100
17/12/2019 16:42,201909,WESTERN EUROPE-EU,FRANCE,LUTON,NANTES,4166,4166,0,4183,4183,0,-0.406407
17/12/2019 16:42,201909,WESTERN EUROPE-EU,FRANCE,LUTON,NICE,19366,19366,0,18130,18130,0,6.81743
17/12/2019 16:42,201909,WESTERN EUROPE-EU,FRANCE,LUTON,NIMES,3216,3216,0,3420,3420,0,-5.964912
17/12/2019 16:42,201909,WESTERN EUROPE-EU,FRANCE,LUTON,PARIS (CHARLES DE GAULLE),23313,23313,0,24982,24982,0,-6.68081
17/12/2019 16:42,201909,WESTERN EUROPE-EU,FRANCE,LUTON,TOULOUSE (BLAGNAC),5183,5183,0,4365,4365,0,18.739977
17/12/2019 16:42,201909,WESTERN EUROPE-EU,FRANCE,SOUTHEND,BORDEAUX,2588,2588,0,1927,1927,0,34.302024
17/12/2019 16:42,201909,WESTERN EUROPE-EU,FRANCE,SOUTHEND,BREST,1867,1867,0,0,0,0,0
17/12/2019 16:42,201909,WESTERN EUROPE-EU,FRANCE,SOUTHEND,CAEN,1644,1644,0,1371,1371,0,19.912473
17/12/2019 16:42,201909,WESTERN EUROPE-EU,FRANCE,SOUTHEND,CHATEAUROUX DEOLS,0,0,0,271,271,0,-100
17/12/2019 16:42,201909,WESTERN EUROPE-EU,FRANCE,SOUTHEND,LYON,0,0,0,2139,2139,0,-100
17/12/2019 16:42,201909,WESTERN EUROPE-EU,FRANCE,SOUTHEND,PARIS (CHARLES DE GAULLE),4067,4067,0,4420,4420,0,-7.986425
17/12/2019 16:42,201909,WESTERN EUROPE-EU,FRANCE,SOUTHEND,RENNES,3223,3223,0,3062,3062,0,5.258001
17/12/2019 16:42,201909,WESTERN EUROPE-EU,FRANCE,SOUTHEND,TARBES-LOURDES INTERNATIONAL,333,333,0,0,0,0,0
17/12/2019 16:42,201909,WESTERN EUROPE-EU,FRANCE,STANSTED,AJACCIO,2251,2251,0,2776,2776,0,-18.912104
17/12/2019 16:42,201909,WESTERN EUROPE-EU,FRANCE,STANSTED,BASTIA,2353,2353,0,2777,2777,0,-15.268275
17/12/2019 16:42,201909,WESTERN EUROPE-EU,FRANCE,STANSTED,BERGERAC,10278,10278,0,10315,10315,0,-0.358701
17/12/2019 16:42,201909,WESTERN EUROPE-EU,FRANCE,STANSTED,BEZIERS,4283,4283,0,4163,4163,0,2.882537
17/12/2019 16:42,201909,WESTERN EUROPE-EU,FRANCE,STANSTED,BIARRITZ,12788,12788,0,12557,12557,0,1.839611
17/12/2019 16:42,201909,WESTERN EUROPE-EU,FRANCE,STANSTED,BORDEAUX,8352,8352,0,7956,7956,0,4.977376
17/12/2019 16:42,201909,WESTERN EUROPE-EU,FRANCE,STANSTED,BRIVE-LA-GAILLARDE,2154,2154,0,2460,2460,0,-12.439024
17/12/2019 16:42,201909,WESTERN EUROPE-EU,FRANCE,STANSTED,CALVI,1260,1260,0,785,0,785,60.509554
17/12/2019 16:42,201909,WESTERN EUROPE-EU,FRANCE,STANSTED,CARCASSONNE,9814,9814,0,9887,9887,0,-0.738343
17/12/2019 16:42,201909,WESTERN EUROPE-EU,FRANCE,STANSTED,CLERMONT FERRAND,2620,2620,0,2322,2322,0,12.833764
17/12/2019 16:42,201909,WESTERN EUROPE-EU,FRANCE,STANSTED,DINARD,8149,8149,0,8913,8913,0,-8.571749
17/12/2019 16:42,201909,WESTERN EUROPE-EU,FRANCE,STANSTED,FIGARI,1536,1536,0,1680,1680,0,-8.571429
17/12/2019 16:42,201909,WESTERN EUROPE-EU,FRANCE,STANSTED,GRENOBLE,0,0,0,2227,2227,0,-100
17/12/2019 16:42,201909,WESTERN EUROPE-EU,FRANCE,STANSTED,LA ROCHELLE,5239,5239,0,6671,6671,0,-21.466047
17/12/2019 16:42,201909,WESTERN EUROPE-EU,FRANCE,STANSTED,LIMOGES,9902,9902,0,10160,10160,0,-2.53937
17/12/2019 16:42,201909,WESTERN EUROPE-EU,FRANCE,STANSTED,MARSEILLE,16924,16924,0,14957,14957,0,13.151033
17/12/2019 16:42,201909,WESTERN EUROPE-EU,FRANCE,STANSTED,NANTES,5451,5451,0,0,0,0,0
17/12/2019 16:42,201909,WESTERN EUROPE-EU,FRANCE,STANSTED,NICE,19362,19362,0,25704,25704,0,-24.673203
17/12/2019 16:42,201909,WESTERN EUROPE-EU,FRANCE,STANSTED,NIMES,3823,3823,0,5036,5036,0,-24.086577
17/12/2019 16:42,201909,WESTERN EUROPE-EU,FRANCE,STANSTED,PARIS (CHARLES DE GAULLE),4646,4646,0,0,0,0,0
17/12/2019 16:42,201909,WESTERN EUROPE-EU,FRANCE,STANSTED,PERPIGNAN,6542,6542,0,6739,6739,0,-2.923282
17/12/2019 16:42,201909,WESTERN EUROPE-EU,FRANCE,STANSTED,POITIERS,5500,5500,0,5378,5378,0,2.268501
17/12/2019 16:42,201909,WESTERN EUROPE-EU,FRANCE,STANSTED,RODEZ,2116,2116,0,0,0,0,0
17/12/2019 16:42,201909,WESTERN EUROPE-EU,FRANCE,STANSTED,STRASBOURG,2466,2466,0,2377,2377,0,3.744215
17/12/2019 16:42,201909,WESTERN EUROPE-EU,FRANCE,STANSTED,TARBES-LOURDES INTERNATIONAL,5823,5823,0,6758,5878,880,-13.835454
17/12/2019 16:42,201909,WESTERN EUROPE-EU,FRANCE,STANSTED,TOULOUSE (BLAGNAC),16990,16990,0,16166,16166,0,5.097117
17/12/2019 16:42,201909,WESTERN EUROPE-EU,FRANCE,STANSTED,TOURS,4589,4589,0,4666,4666,0,-1.650236
17/12/2019 16:42,201909,WESTERN EUROPE-EU,FRANCE,ABERDEEN,PARIS (CHARLES DE GAULLE),7870,7870,0,6542,6542,0,20.299603
17/12/2019 16:42,201909,WESTERN EUROPE-EU,FRANCE,BELFAST INTERNATIONAL,BORDEAUX,1993,1993,0,2154,2154,0,-7.474466
17/12/2019 16:42,201909,WESTERN EUROPE-EU,FRANCE,BELFAST INTERNATIONAL,NICE,3385,3385,0,3734,3734,0,-9.346545
17/12/2019 16:42,201909,WESTERN EUROPE-EU,FRANCE,BELFAST INTERNATIONAL,PARIS (CHARLES DE GAULLE),7884,7884,0,7544,7544,0,4.506893
17/12/2019 16:42,201909,WESTERN EUROPE-EU,FRANCE,BELFAST INTERNATIONAL,TARBES-LOURDES INTERNATIONAL,224,0,224,349,0,349,-35.816619
17/12/2019 16:42,201909,WESTERN EUROPE-EU,FRANCE,BIGGIN HILL,NICE,1,0,1,7,0,7,-85.714286
17/12/2019 16:42,201909,WESTERN EUROPE-EU,FRANCE,BIGGIN HILL,PARIS (LE BOURGET),6,0,6,18,0,18,-66.666667
17/12/2019 16:42,201909,WESTERN EUROPE-EU,FRANCE,BIGGIN HILL,TOULON / HYERES,2,0,2,0,0,0,0
17/12/2019 16:42,201909,WESTERN EUROPE-EU,FRANCE,BIGGIN HILL,TOULOUSE (BLAGNAC),2,0,2,0,0,0,0
17/12/2019 16:42,201909,WESTERN EUROPE-EU,FRANCE,BIRMINGHAM,AVIGNON,0,0,0,95,95,0,-100
17/12/2019 16:42,201909,WESTERN EUROPE-EU,FRANCE,BIRMINGHAM,BASTIA,87,87,0,100,100,0,-13
17/12/2019 16:42,201909,WESTERN EUROPE-EU,FRANCE,BIRMINGHAM,BERGERAC,2017,2017,0,2205,2205,0,-8.526077
17/12/2019 16:42,201909,WESTERN EUROPE-EU,FRANCE,BIRMINGHAM,BIARRITZ,0,0,0,119,119,0,-100
17/12/2019 16:42,201909,WESTERN EUROPE-EU,FRANCE,BIRMINGHAM,BORDEAUX,2412,2412,0,2822,2822,0,-14.528703
17/12/2019 16:42,201909,WESTERN EUROPE-EU,FRANCE,BIRMINGHAM,BREST,0,0,0,101,101,0,-100
17/12/2019 16:42,201909,WESTERN EUROPE-EU,FRANCE,BIRMINGHAM,LA ROCHELLE,0,0,0,200,200,0,-100
17/12/2019 16:42,201909,WESTERN EUROPE-EU,FRANCE,BIRMINGHAM,LYON,2709,2709,0,3658,3658,0,-25.943138
17/12/2019 16:42,201909,WESTERN EUROPE-EU,FRANCE,BIRMINGHAM,NANTES,1298,1298,0,2135,2135,0,-39.203747
17/12/2019 16:42,201909,WESTERN EUROPE-EU,FRANCE,BIRMINGHAM,PARIS (CHARLES DE GAULLE),32312,32312,0,34894,34894,0,-7.399553
17/12/2019 16:42,201909,WESTERN EUROPE-EU,FRANCE,BIRMINGHAM,PERPIGNAN,2671,2671,0,3024,3024,0,-11.67328
17/12/2019 16:42,201909,WESTERN EUROPE-EU,FRANCE,BRISTOL,BEZIERS,4123,4123,0,3856,3856,0,6.924274
17/12/2019 16:42,201909,WESTERN EUROPE-EU,FRANCE,BRISTOL,BIARRITZ,2301,2301,0,0,0,0,0
17/12/2019 16:42,201909,WESTERN EUROPE-EU,FRANCE,BRISTOL,BORDEAUX,8659,8659,0,6778,6778,0,27.751549
17/12/2019 16:42,201909,WESTERN EUROPE-EU,FRANCE,BRISTOL,LA ROCHELLE,0,0,0,248,248,0,-100
17/12/2019 16:42,201909,WESTERN EUROPE-EU,FRANCE,BRISTOL,LIMOGES,2982,2982,0,2644,2644,0,12.783661
17/12/2019 16:42,201909,WESTERN EUROPE-EU,FRANCE,BRISTOL,LYON,2546,2546,0,0,0,0,0
17/12/2019 16:42,201909,WESTERN EUROPE-EU,FRANCE,BRISTOL,MARSEILLE,3281,3281,0,3414,3414,0,-3.895723
17/12/2019 16:42,201909,WESTERN EUROPE-EU,FRANCE,BRISTOL,MONTPELLIER,1732,1732,0,0,0,0,0
17/12/2019 16:42,201909,WESTERN EUROPE-EU,FRANCE,BRISTOL,NANTES,0,0,0,240,240,0,-100
17/12/2019 16:42,201909,WESTERN EUROPE-EU,FRANCE,BRISTOL,NICE,13138,13138,0,13180,13180,0,-0.318665
17/12/2019 16:42,201909,WESTERN EUROPE-EU,FRANCE,BRISTOL,PARIS (CHARLES DE GAULLE),17733,17733,0,13763,13763,0,28.845455
17/12/2019 16:42,201909,WESTERN EUROPE-EU,FRANCE,BRISTOL,TARBES-LOURDES INTERNATIONAL,180,0,180,0,0,0,0
17/12/2019 16:42,201909,WESTERN EUROPE-EU,FRANCE,BRISTOL,TOULOUSE (BLAGNAC),10591,9042,1549,9636,9460,176,9.910751
17/12/2019 16:42,201909,WESTERN EUROPE-EU,FRANCE,CARDIFF WALES,PARIS (CHARLES DE GAULLE),7144,7144,0,7296,7296,0,-2.083333
17/12/2019 16:42,201909,WESTERN EUROPE-EU,FRANCE,DONCASTER SHEFFIELD,PARIS (CHARLES DE GAULLE),1605,1605,0,4041,4041,0,-60.282108
17/12/2019 16:42,201909,WESTERN EUROPE-EU,FRANCE,DUNDEE,PARIS (LE BOURGET),3,0,3,0,0,0,0
17/12/2019 16:42,201909,WESTERN EUROPE-EU,FRANCE,EAST MIDLANDS INTERNATIONAL,BERGERAC,2776,2776,0,2922,2922,0,-4.996578
17/12/2019 16:42,201909,WESTERN EUROPE-EU,FRANCE,EAST MIDLANDS INTERNATIONAL,CARCASSONNE,3101,3101,0,2819,2819,0,10.003547
17/12/2019 16:42,201909,WESTERN EUROPE-EU,FRANCE,EAST MIDLANDS INTERNATIONAL,DINARD,2559,2559,0,4142,4142,0,-38.218252
17/12/2019 16:42,201909,WESTERN EUROPE-EU,FRANCE,EAST MIDLANDS INTERNATIONAL,LIMOGES,4007,4007,0,4459,4459,0,-10.136802
17/12/2019 16:42,201909,WESTERN EUROPE-EU,FRANCE,EAST MIDLANDS INTERNATIONAL,NANTES,1909,1909,0,0,0,0,0
17/12/2019 16:42,201909,WESTERN EUROPE-EU,FRANCE,EAST MIDLANDS INTERNATIONAL,RENNES,0,0,0,139,139,0,-100
17/12/2019 16:42,201909,WESTERN EUROPE-EU,FRANCE,EDINBURGH,BERGERAC,0,0,0,348,348,0,-100
17/12/2019 16:42,201909,WESTERN EUROPE-EU,FRANCE,EDINBURGH,BEZIERS,3044,3044,0,3023,3023,0,0.694674
17/12/2019 16:42,201909,WESTERN EUROPE-EU,FRANCE,EDINBURGH,BORDEAUX,4305,4305,0,4578,4578,0,-5.963303
17/12/2019 16:42,201909,WESTERN EUROPE-EU,FRANCE,EDINBURGH,CARCASSONNE,2720,2720,0,2977,2977,0,-8.632852
17/12/2019 16:42,201909,WESTERN EUROPE-EU,FRANCE,EDINBURGH,LYON,2374,2374,0,2581,2581,0,-8.020147
17/12/2019 16:42,201909,WESTERN EUROPE-EU,FRANCE,EDINBURGH,MARSEILLE,3217,3217,0,2825,2825,0,13.876106
17/12/2019 16:42,201909,WESTERN EUROPE-EU,FRANCE,EDINBURGH,NANTES,4370,4370,0,2839,2839,0,53.927439
17/12/2019 16:42,201909,WESTERN EUROPE-EU,FRANCE,EDINBURGH,NICE,6792,6792,0,6858,6858,0,-0.96238
17/12/2019 16:42,201909,WESTERN EUROPE-EU,FRANCE,EDINBURGH,PARIS (CHARLES DE GAULLE),29589,29589,0,34945,34748,197,-15.326942
17/12/2019 16:42,201909,WESTERN EUROPE-EU,FRANCE,EDINBURGH,PARIS (ORLY),4409,4409,0,3287,3287,0,34.134469
17/12/2019 16:42,201909,WESTERN EUROPE-EU,FRANCE,EDINBURGH,TOULOUSE (BLAGNAC),3073,3073,0,3023,3023,0,1.653986
17/12/2019 16:42,201909,WESTERN EUROPE-EU,FRANCE,EXETER,BERGERAC,929,929,0,743,743,0,25.033647
17/12/2019 16:42,201909,WESTERN EUROPE-EU,FRANCE,EXETER,PARIS (CHARLES DE GAULLE),6610,6610,0,3910,3910,0,69.053708
17/12/2019 16:42,201909,WESTERN EUROPE-EU,FRANCE,EXETER,RENNES,0,0,0,93,93,0,-100
17/12/2019 16:42,201909,WESTERN EUROPE-EU,FRANCE,EXETER,TOULOUSE (BLAGNAC),38,38,0,0,0,0,0
17/12/2019 16:42,201909,WESTERN EUROPE-EU,FRANCE,GLASGOW,CARCASSONNE,0,0,0,1618,1618,0,-100
17/12/2019 16:42,201909,WESTERN EUROPE-EU,FRANCE,GLASGOW,MARSEILLE,0,0,0,302,302,0,-100
17/12/2019 16:42,201909,WESTERN EUROPE-EU,FRANCE,GLASGOW,PARIS (CHARLES DE GAULLE),13490,13490,0,12679,12679,0,6.396404
17/12/2019 16:42,201909,WESTERN EUROPE-EU,FRANCE,GLASGOW,RENNES,178,0,178,0,0,0,0
17/12/2019 16:42,201909,WESTERN EUROPE-EU,FRANCE,GUERNSEY,DINARD,0,0,0,139,139,0,-100
17/12/2019 16:42,201909,WESTERN EUROPE-EU,FRANCE,KIRKWALL,PARIS (LE BOURGET),0,0,0,22,0,22,-100
17/12/2019 16:42,201909,WESTERN EUROPE-EU,FRANCE,LEEDS BRADFORD,BERGERAC,1075,1075,0,1218,1218,0,-11.740558
17/12/2019 16:42,201909,WESTERN EUROPE-EU,FRANCE,LEEDS BRADFORD,LA ROCHELLE,627,627,0,933,933,0,-32.797428
17/12/2019 16:42,201909,WESTERN EUROPE-EU,FRANCE,LEEDS BRADFORD,LIMOGES,3001,3001,0,3033,3033,0,-1.055061
17/12/2019 16:42,201909,WESTERN EUROPE-EU,FRANCE,LEEDS BRADFORD,NICE,3511,3511,0,3529,3529,0,-0.51006
17/12/2019 16:42,201909,WESTERN EUROPE-EU,FRANCE,LEEDS BRADFORD,PARIS (CHARLES DE GAULLE),4794,4794,0,4455,4455,0,7.609428
17/12/2019 16:42,201909,WESTERN EUROPE-EU,FRANCE,LEEDS BRADFORD,PERPIGNAN,0,0,0,80,0,80,-100
17/12/2019 16:42,201909,WESTERN EUROPE-EU,FRANCE,LIVERPOOL (JOHN LENNON),BERGERAC,2690,2690,0,3159,3159,0,-14.84647
17/12/2019 16:42,201909,WESTERN EUROPE-EU,FRANCE,LIVERPOOL (JOHN LENNON),BORDEAUX,2949,2949,0,3900,3900,0,-24.384615
17/12/2019 16:42,201909,WESTERN EUROPE-EU,FRANCE,LIVERPOOL (JOHN LENNON),NANTES,0,0,0,209,209,0,-100
17/12/2019 16:42,201909,WESTERN EUROPE-EU,FRANCE,LIVERPOOL (JOHN LENNON),NICE,10453,10453,0,12033,12033,0,-13.130558
17/12/2019 16:42,201909,WESTERN EUROPE-EU,FRANCE,LIVERPOOL (JOHN LENNON),PARIS (CHARLES DE GAULLE),8143,8143,0,9310,9068,242,-12.534909
17/12/2019 16:42,201909,WESTERN EUROPE-EU,FRANCE,LIVERPOOL (JOHN LENNON),PARIS (ORLY),0,0,0,130,0,130,-100
17/12/2019 16:42,201909,WESTERN EUROPE-EU,FRANCE,MANCHESTER,BASTIA,1543,1543,0,1648,1648,0,-6.371359
17/12/2019 16:42,201909,WESTERN EUROPE-EU,FRANCE,MANCHESTER,BERGERAC,799,799,0,1149,1149,0,-30.461271
17/12/2019 16:42,201909,WESTERN EUROPE-EU,FRANCE,MANCHESTER,BEZIERS,3929,3929,0,3140,3140,0,25.127389
17/12/2019 16:42,201909,WESTERN EUROPE-EU,FRANCE,MANCHESTER,BORDEAUX,5282,5282,0,0,0,0,0
17/12/2019 16:42,201909,WESTERN EUROPE-EU,FRANCE,MANCHESTER,CALVI,725,0,725,649,0,649,11.710324
17/12/2019 16:42,201909,WESTERN EUROPE-EU,FRANCE,MANCHESTER,CARCASSONNE,3122,3122,0,2816,2816,0,10.866477
17/12/2019 16:42,201909,WESTERN EUROPE-EU,FRANCE,MANCHESTER,LA ROCHELLE,449,449,0,222,222,0,102.252252
17/12/2019 16:42,201909,WESTERN EUROPE-EU,FRANCE,MANCHESTER,LIMOGES,4409,4409,0,4486,4486,0,-1.716451
17/12/2019 16:42,201909,WESTERN EUROPE-EU,FRANCE,MANCHESTER,LYON,3412,3412,0,3348,3348,0,1.911589
17/12/2019 16:42,201909,WESTERN EUROPE-EU,FRANCE,MANCHESTER,MARSEILLE,4887,4887,0,2477,2477,0,97.295115
17/12/2019 16:42,201909,WESTERN EUROPE-EU,FRANCE,MANCHESTER,NANTES,2877,2877,0,1858,1858,0,54.843918
17/12/2019 16:42,201909,WESTERN EUROPE-EU,FRANCE,MANCHESTER,NICE,11611,11611,0,7802,7802,0,48.820815
17/12/2019 16:42,201909,WESTERN EUROPE-EU,FRANCE,MANCHESTER,PARIS (CHARLES DE GAULLE),56335,56335,0,53107,53107,0,6.078295
17/12/2019 16:42,201909,WESTERN EUROPE-EU,FRANCE,MANCHESTER,PERPIGNAN,0,0,0,90,0,90,-100
17/12/2019 16:42,201909,WESTERN EUROPE-EU,FRANCE,MANCHESTER,RENNES,0,0,0,253,253,0,-100
17/12/2019 16:42,201909,WESTERN EUROPE-EU,FRANCE,MANCHESTER,TOULOUSE (BLAGNAC),3604,3604,0,4606,4606,0,-21.754234
17/12/2019 16:42,201909,WESTERN EUROPE-EU,FRANCE,NEWCASTLE,NICE,3377,3377,0,3570,3570,0,-5.406162
17/12/2019 16:42,201909,WESTERN EUROPE-EU,FRANCE,NEWCASTLE,PARIS (CHARLES DE GAULLE),15052,15052,0,12909,12909,0,16.600821
17/12/2019 16:42,201909,WESTERN EUROPE-EU,FRANCE,SOUTHAMPTON,AVIGNON,423,423,0,619,619,0,-31.663974
17/12/2019 16:42,201909,WESTERN EUROPE-EU,FRANCE,SOUTHAMPTON,BASTIA,88,88,0,63,63,0,39.68254
17/12/2019 16:42,201909,WESTERN EUROPE-EU,FRANCE,SOUTHAMPTON,BERGERAC,4044,4044,0,4084,4084,0,-0.979432
17/12/2019 16:42,201909,WESTERN EUROPE-EU,FRANCE,SOUTHAMPTON,BIARRITZ,0,0,0,111,111,0,-100
17/12/2019 16:42,201909,WESTERN EUROPE-EU,FRANCE,SOUTHAMPTON,BORDEAUX,89,89,0,99,99,0,-10.10101
17/12/2019 16:42,201909,WESTERN EUROPE-EU,FRANCE,SOUTHAMPTON,BREST,0,0,0,92,92,0,-100
17/12/2019 16:42,201909,WESTERN EUROPE-EU,FRANCE,SOUTHAMPTON,LA ROCHELLE,673,673,0,720,720,0,-6.527778
17/12/2019 16:42,201909,WESTERN EUROPE-EU,FRANCE,SOUTHAMPTON,LIMOGES,1076,1076,0,1748,1748,0,-38.443936
17/12/2019 16:42,201909,WESTERN EUROPE-EU,FRANCE,SOUTHAMPTON,NANTES,482,482,0,122,122,0,295.081967
17/12/2019 16:42,201909,WESTERN EUROPE-EU,FRANCE,SOUTHAMPTON,PARIS (CHARLES DE GAULLE),6304,6304,0,6582,6582,0,-4.22364
17/12/2019 16:42,201909,WESTERN EUROPE-EU,FRANCE,SOUTHAMPTON,PERPIGNAN,81,81,0,240,240,0,-66.25
17/12/2019 16:42,201909,WESTERN EUROPE-EU,FRANCE,SOUTHAMPTON,RENNES,1163,1163,0,1752,1752,0,-33.618721
17/12/2019 16:42,201909,WESTERN EUROPE-EU,FRANCE,SOUTHAMPTON,TOULON / HYERES,251,251,0,347,347,0,-27.665706
17/12/2019 16:42,201909,WESTERN EUROPE-EU,GERMANY,GATWICK,BERLIN (SCHONEFELD),14868,14868,0,17928,17928,0,-17.068273
17/12/2019 16:42,201909,WESTERN EUROPE-EU,GERMANY,GATWICK,BERLIN (TEGEL),25320,25320,0,19984,19984,0,26.701361
17/12/2019 16:42,201909,WESTERN EUROPE-EU,GERMANY,GATWICK,DUSSELDORF,11827,11827,0,0,0,0,0
17/12/2019 16:42,201909,WESTERN EUROPE-EU,GERMANY,GATWICK,HAMBURG,15116,15116,0,15123,15123,0,-0.046287
17/12/2019 16:42,201909,WESTERN EUROPE-EU,GERMANY,GATWICK,MUNICH,24570,24338,232,21475,21475,0,14.412107
17/12/2019 16:42,201909,WESTERN EUROPE-EU,GERMANY,GATWICK,STUTTGART,11838,11838,0,10537,10537,0,12.346968
17/12/2019 16:42,201909,WESTERN EUROPE-EU,GERMANY,HEATHROW,BERLIN (TEGEL),57691,57691,0,67642,67642,0,-14.711274
17/12/2019 16:42,201909,WESTERN EUROPE-EU,GERMANY,HEATHROW,COLOGNE BONN,16900,16900,0,17442,17442,0,-3.107442
17/12/2019 16:42,201909,WESTERN EUROPE-EU,GERMANY,HEATHROW,DUSSELDORF,56651,56651,0,63237,63237,0,-10.414789
17/12/2019 16:42,201909,WESTERN EUROPE-EU,GERMANY,HEATHROW,FRANKFURT MAIN,139210,139210,0,143176,143176,0,-2.770017
17/12/2019 16:42,201909,WESTERN EUROPE-EU,GERMANY,HEATHROW,HAMBURG,49944,49944,0,52153,52153,0,-4.235614
17/12/2019 16:42,201909,WESTERN EUROPE-EU,GERMANY,HEATHROW,HANOVER,13232,13232,0,19987,19987,0,-33.796968
17/12/2019 16:42,201909,WESTERN EUROPE-EU,GERMANY,HEATHROW,MUNICH,109464,109464,0,109156,109156,0,0.282165
17/12/2019 16:42,201909,WESTERN EUROPE-EU,GERMANY,HEATHROW,STUTTGART,29176,29176,0,29443,29443,0,-0.906837
17/12/2019 16:42,201909,WESTERN EUROPE-EU,GERMANY,LONDON CITY,BERLIN (TEGEL),11878,11878,0,10182,10182,0,16.656845
17/12/2019 16:42,201909,WESTERN EUROPE-EU,GERMANY,LONDON CITY,DUSSELDORF,13483,13483,0,13412,13412,0,0.529377
17/12/2019 16:42,201909,WESTERN EUROPE-EU,GERMANY,LONDON CITY,FRANKFURT MAIN,25706,25706,0,20932,20932,0,22.807185
17/12/2019 16:42,201909,WESTERN EUROPE-EU,GERMANY,LONDON CITY,MUNICH,12793,12738,55,0,0,0,0
17/12/2019 16:42,201909,WESTERN EUROPE-EU,GERMANY,LUTON,BERLIN (SCHONEFELD),15755,15755,0,15498,15498,0,1.658278
17/12/2019 16:42,201909,WESTERN EUROPE-EU,GERMANY,LUTON,DORTMUND,7567,7567,0,7111,7111,0,6.4126
17/12/2019 16:42,201909,WESTERN EUROPE-EU,GERMANY,LUTON,MUNICH,8689,8689,0,10657,10657,0,-18.466735
17/12/2019 16:42,201909,WESTERN EUROPE-EU,GERMANY,SOUTHEND,COLOGNE BONN,0,0,0,2547,2547,0,-100
17/12/2019 16:42,201909,WESTERN EUROPE-EU,GERMANY,STANSTED,BERLIN (SCHONEFELD),36394,36394,0,37013,37013,0,-1.672385
17/12/2019 16:42,201909,WESTERN EUROPE-EU,GERMANY,STANSTED,BERLIN (TEGEL),740,740,0,778,778,0,-4.884319
17/12/2019 16:42,201909,WESTERN EUROPE-EU,GERMANY,STANSTED,BREMEN,16690,16690,0,14741,14741,0,13.221627
17/12/2019 16:42,201909,WESTERN EUROPE-EU,GERMANY,STANSTED,COLOGNE BONN,33334,33334,0,36481,36481,0,-8.626408
17/12/2019 16:42,201909,WESTERN EUROPE-EU,GERMANY,STANSTED,DORTMUND,9413,9413,0,9733,9733,0,-3.287784
17/12/2019 16:42,201909,WESTERN EUROPE-EU,GERMANY,STANSTED,FRANKFURT MAIN,20697,20697,0,19997,19997,0,3.500525
17/12/2019 16:42,201909,WESTERN EUROPE-EU,GERMANY,STANSTED,HAHN,79,0,79,8506,8506,0,-99.071244
17/12/2019 16:42,201909,WESTERN EUROPE-EU,GERMANY,STANSTED,HAMBURG,18506,18506,0,18445,18445,0,0.330713
17/12/2019 16:42,201909,WESTERN EUROPE-EU,GERMANY,STANSTED,HANOVER,0,0,0,6205,6205,0,-100
17/12/2019 16:42,201909,WESTERN EUROPE-EU,GERMANY,STANSTED,KARLSRUHE/BADEN BADEN,10139,10139,0,10059,10059,0,0.795308
17/12/2019 16:42,201909,WESTERN EUROPE-EU,GERMANY,STANSTED,LEIPZIG,0,0,0,4140,4140,0,-100
17/12/2019 16:42,201909,WESTERN EUROPE-EU,GERMANY,STANSTED,MEMMINGEN ALLGAU,3588,3588,0,6861,6861,0,-47.704416
17/12/2019 16:42,201909,WESTERN EUROPE-EU,GERMANY,STANSTED,MUNICH,10241,10241,0,15148,15148,0,-32.393715
17/12/2019 16:42,201909,WESTERN EUROPE-EU,GERMANY,STANSTED,NIEDERRHEIN,3581,3581,0,3345,3345,0,7.055306
17/12/2019 16:42,201909,WESTERN EUROPE-EU,GERMANY,STANSTED,NUREMBERG,16528,16528,0,15960,15960,0,3.558897
17/12/2019 16:42,201909,WESTERN EUROPE-EU,GERMANY,ABERDEEN,HAHN,0,0,0,171,171,0,-100
17/12/2019 16:42,201909,WESTERN EUROPE-EU,GERMANY,BELFAST CITY (GEORGE BEST),FRANKFURT MAIN,4,0,4,0,0,0,0
17/12/2019 16:42,201909,WESTERN EUROPE-EU,GERMANY,BELFAST INTERNATIONAL,BERLIN (SCHONEFELD),2874,2874,0,2946,2946,0,-2.443992
17/12/2019 16:42,201909,WESTERN EUROPE-EU,GERMANY,BELFAST INTERNATIONAL,COLOGNE BONN,53,0,53,0,0,0,0
17/12/2019 16:42,201909,WESTERN EUROPE-EU,GERMANY,BELFAST INTERNATIONAL,HAMBURG,42,0,42,0,0,0,0
17/12/2019 16:42,201909,WESTERN EUROPE-EU,GERMANY,BELFAST INTERNATIONAL,INGOLSTADT-MANCHING,41,0,41,0,0,0,0
17/12/2019 16:42,201909,WESTERN EUROPE-EU,GERMANY,BELFAST INTERNATIONAL,MEMMINGEN ALLGAU,50,0,50,0,0,0,0
17/12/2019 16:42,201909,WESTERN EUROPE-EU,GERMANY,BIGGIN HILL,HANOVER,0,0,0,31,0,31,-100
17/12/2019 16:42,201909,WESTERN EUROPE-EU,GERMANY,BIRMINGHAM,BERLIN (TEGEL),4260,4260,0,4848,4724,124,-12.128713
17/12/2019 16:42,201909,WESTERN EUROPE-EU,GERMANY,BIRMINGHAM,COLOGNE BONN,0,0,0,42,42,0,-100
17/12/2019 16:42,201909,WESTERN EUROPE-EU,GERMANY,BIRMINGHAM,DORTMUND,0,0,0,79,0,79,-100
17/12/2019 16:42,201909,WESTERN EUROPE-EU,GERMANY,BIRMINGHAM,DUSSELDORF,23509,23509,0,23260,23260,0,1.070507
17/12/2019 16:42,201909,WESTERN EUROPE-EU,GERMANY,BIRMINGHAM,FRANKFURT MAIN,30387,30387,0,30183,30183,0,0.675877
17/12/2019 16:42,201909,WESTERN EUROPE-EU,GERMANY,BIRMINGHAM,HAMBURG,1779,1779,0,3244,3244,0,-45.160296
17/12/2019 16:42,201909,WESTERN EUROPE-EU,GERMANY,BIRMINGHAM,HANOVER,2141,2141,0,3138,3021,117,-31.771829
17/12/2019 16:42,201909,WESTERN EUROPE-EU,GERMANY,BIRMINGHAM,MUNICH,19754,19754,0,18604,18604,0,6.181466
17/12/2019 16:42,201909,WESTERN EUROPE-EU,GERMANY,BIRMINGHAM,NIEDERRHEIN,8,8,0,0,0,0,0
17/12/2019 16:42,201909,WESTERN EUROPE-EU,GERMANY,BIRMINGHAM,STUTTGART,5180,5180,0,5869,5869,0,-11.739649
17/12/2019 16:42,201909,WESTERN EUROPE-EU,GERMANY,BRISTOL,BERLIN (SCHONEFELD),9863,9863,0,8853,8853,0,11.408562
17/12/2019 16:42,201909,WESTERN EUROPE-EU,GERMANY,BRISTOL,COLOGNE BONN,5982,5982,0,5274,5274,0,13.424346
17/12/2019 16:42,201909,WESTERN EUROPE-EU,GERMANY,BRISTOL,DUSSELDORF,0,0,0,1243,1243,0,-100
17/12/2019 16:42,201909,WESTERN EUROPE-EU,GERMANY,BRISTOL,FRANKFURT MAIN,0,0,0,4788,4788,0,-100
17/12/2019 16:42,201909,WESTERN EUROPE-EU,GERMANY,BRISTOL,HAMBURG,0,0,0,1450,1450,0,-100
17/12/2019 16:42,201909,WESTERN EUROPE-EU,GERMANY,BRISTOL,MUNICH,0,0,0,4374,4374,0,-100
17/12/2019 16:42,201909,WESTERN EUROPE-EU,GERMANY,CARDIFF WALES,BERLIN (TEGEL),0,0,0,1233,1233,0,-100
17/12/2019 16:42,201909,WESTERN EUROPE-EU,GERMANY,CARDIFF WALES,DUSSELDORF,0,0,0,531,531,0,-100
17/12/2019 16:42,201909,WESTERN EUROPE-EU,GERMANY,CARDIFF WALES,MUNICH,316,316,0,1209,1209,0,-73.862696
17/12/2019 16:42,201909,WESTERN EUROPE-EU,GERMANY,EAST MIDLANDS INTERNATIONAL,BERLIN (SCHONEFELD),2932,2932,0,3825,3825,0,-23.346405
17/12/2019 16:42,201909,WESTERN EUROPE-EU,GERMANY,EDINBURGH,BERLIN (SCHONEFELD),9011,9011,0,0,0,0,0
17/12/2019 16:42,201909,WESTERN EUROPE-EU,GERMANY,EDINBURGH,BERLIN (TEGEL),10215,10215,0,10504,10504,0,-2.751333
17/12/2019 16:42,201909,WESTERN EUROPE-EU,GERMANY,EDINBURGH,COLOGNE BONN,7869,7869,0,7010,7010,0,12.253923
17/12/2019 16:42,201909,WESTERN EUROPE-EU,GERMANY,EDINBURGH,DUSSELDORF,4326,4326,0,3746,3746,0,15.483182
17/12/2019 16:42,201909,WESTERN EUROPE-EU,GERMANY,EDINBURGH,FRANKFURT MAIN,19813,19813,0,20350,20350,0,-2.638821
17/12/2019 16:42,201909,WESTERN EUROPE-EU,GERMANY,EDINBURGH,HAHN,0,0,0,4321,4321,0,-100
17/12/2019 16:42,201909,WESTERN EUROPE-EU,GERMANY,EDINBURGH,HAMBURG,11042,11042,0,11136,11136,0,-0.844109
17/12/2019 16:42,201909,WESTERN EUROPE-EU,GERMANY,EDINBURGH,KARLSRUHE/BADEN BADEN,2966,2966,0,2576,2576,0,15.139752
17/12/2019 16:42,201909,WESTERN EUROPE-EU,GERMANY,EDINBURGH,MEMMINGEN ALLGAU,1254,1254,0,0,0,0,0
17/12/2019 16:42,201909,WESTERN EUROPE-EU,GERMANY,EDINBURGH,MUNICH,17781,17781,0,14547,14547,0,22.231388
17/12/2019 16:42,201909,WESTERN EUROPE-EU,GERMANY,EDINBURGH,NIEDERRHEIN,4201,4201,0,3144,3144,0,33.619593
17/12/2019 16:42,201909,WESTERN EUROPE-EU,GERMANY,EDINBURGH,STUTTGART,2687,2687,0,2338,2338,0,14.927288
17/12/2019 16:42,201909,WESTERN EUROPE-EU,GERMANY,GLASGOW,BERLIN (SCHONEFELD),7783,7783,0,16653,16653,0,-53.263676
17/12/2019 16:42,201909,WESTERN EUROPE-EU,GERMANY,GLASGOW,DUSSELDORF,1885,1885,0,3036,3036,0,-37.911726
17/12/2019 16:42,201909,WESTERN EUROPE-EU,GERMANY,GLASGOW,FRANKFURT MAIN,9290,9290,0,8749,8749,0,6.183564
17/12/2019 16:42,201909,WESTERN EUROPE-EU,GERMANY,GLASGOW,MUNICH,5635,5635,0,5394,5394,0,4.467927
17/12/2019 16:42,201909,WESTERN EUROPE-EU,GERMANY,GUERNSEY,DUSSELDORF,236,236,0,216,216,0,9.259259
17/12/2019 16:42,201909,WESTERN EUROPE-EU,GERMANY,JERSEY,BERLIN (TEGEL),0,0,0,126,126,0,-100
17/12/2019 16:42,201909,WESTERN EUROPE-EU,GERMANY,JERSEY,COLOGNE BONN,103,0,103,0,0,0,0
17/12/2019 16:42,201909,WESTERN EUROPE-EU,GERMANY,JERSEY,DUSSELDORF,418,336,82,921,778,143,-54.614549
17/12/2019 16:42,201909,WESTERN EUROPE-EU,GERMANY,JERSEY,FRANKFURT MAIN,35,0,35,0,0,0,0
17/12/2019 16:42,201909,WESTERN EUROPE-EU,GERMANY,JERSEY,MUNICH,981,981,0,987,987,0,-0.607903
17/12/2019 16:42,201909,WESTERN EUROPE-EU,GERMANY,LEEDS BRADFORD,BERLIN (SCHONEFELD),0,0,0,1874,1874,0,-100
17/12/2019 16:42,201909,WESTERN EUROPE-EU,GERMANY,LEEDS BRADFORD,DUSSELDORF,2960,2960,0,3018,3018,0,-1.921803
17/12/2019 16:42,201909,WESTERN EUROPE-EU,GERMANY,LIVERPOOL (JOHN LENNON),BERLIN (SCHONEFELD),5493,5493,0,5612,5612,0,-2.120456
17/12/2019 16:42,201909,WESTERN EUROPE-EU,GERMANY,MANCHESTER,BERLIN (SCHONEFELD),10337,10337,0,26594,26594,0,-61.13033
17/12/2019 16:42,201909,WESTERN EUROPE-EU,GERMANY,MANCHESTER,BERLIN (TEGEL),17493,17493,0,0,0,0,0
17/12/2019 16:42,201909,WESTERN EUROPE-EU,GERMANY,MANCHESTER,COLOGNE BONN,8134,8088,46,8873,8873,0,-8.328637
17/12/2019 16:42,201909,WESTERN EUROPE-EU,GERMANY,MANCHESTER,DUSSELDORF,25698,25698,0,24025,24025,0,6.96358
17/12/2019 16:42,201909,WESTERN EUROPE-EU,GERMANY,MANCHESTER,FRANKFURT MAIN,43538,43538,0,43436,43436,0,0.234828
17/12/2019 16:42,201909,WESTERN EUROPE-EU,GERMANY,MANCHESTER,HAMBURG,17114,17114,0,17463,17463,0,-1.998511
17/12/2019 16:42,201909,WESTERN EUROPE-EU,GERMANY,MANCHESTER,HANOVER,2392,2392,0,3154,3154,0,-24.159797
17/12/2019 16:42,201909,WESTERN EUROPE-EU,GERMANY,MANCHESTER,LEIPZIG,45,0,45,0,0,0,0
17/12/2019 16:42,201909,WESTERN EUROPE-EU,GERMANY,MANCHESTER,MUNICH,33228,33228,0,30299,30299,0,9.666986
17/12/2019 16:42,201909,WESTERN EUROPE-EU,GERMANY,MANCHESTER,NUREMBERG,0,0,0,7153,7153,0,-100
17/12/2019 16:42,201909,WESTERN EUROPE-EU,GERMANY,MANCHESTER,STUTTGART,0,0,0,7111,7111,0,-100
17/12/2019 16:42,201909,WESTERN EUROPE-EU,GERMANY,NEWCASTLE,BERLIN (SCHONEFELD),0,0,0,3476,3476,0,-100
17/12/2019 16:42,201909,WESTERN EUROPE-EU,GERMANY,NEWCASTLE,DUSSELDORF,3297,3297,0,2935,2935,0,12.333901
17/12/2019 16:42,201909,WESTERN EUROPE-EU,GERMANY,NEWQUAY,BERLIN (TEGEL),0,0,0,57,57,0,-100
17/12/2019 16:42,201909,WESTERN EUROPE-EU,GERMANY,NEWQUAY,DUSSELDORF,336,336,0,263,263,0,27.756654
17/12/2019 16:42,201909,WESTERN EUROPE-EU,GERMANY,NEWQUAY,HAHN,0,0,0,2566,2566,0,-100
17/12/2019 16:42,201909,WESTERN EUROPE-EU,GERMANY,NEWQUAY,STUTTGART,163,163,0,255,255,0,-36.078431
17/12/2019 16:42,201909,WESTERN EUROPE-EU,GERMANY,SOUTHAMPTON,DUSSELDORF,2910,2910,0,2716,2716,0,7.142857
17/12/2019 16:42,201909,WESTERN EUROPE-EU,GIBRALTAR,GATWICK,GIBRALTAR,22439,22439,0,24011,24011,0,-6.546999
17/12/2019 16:42,201909,WESTERN EUROPE-EU,GIBRALTAR,HEATHROW,GIBRALTAR,14702,14702,0,13760,13760,0,6.84593
17/12/2019 16:42,201909,WESTERN EUROPE-EU,GIBRALTAR,LUTON,GIBRALTAR,2542,2542,0,0,0,0,0
17/12/2019 16:42,201909,WESTERN EUROPE-EU,GIBRALTAR,STANSTED,GIBRALTAR,72,0,72,0,0,0,0
17/12/2019 16:42,201909,WESTERN EUROPE-EU,GIBRALTAR,BIRMINGHAM,GIBRALTAR,0,0,0,168,0,168,-100
17/12/2019 16:42,201909,WESTERN EUROPE-EU,GIBRALTAR,BRISTOL,GIBRALTAR,4351,4351,0,4279,4279,0,1.682636
17/12/2019 16:42,201909,WESTERN EUROPE-EU,GIBRALTAR,MANCHESTER,GIBRALTAR,6122,6122,0,4238,4238,0,44.454932
17/12/2019 16:42,201909,WESTERN EUROPE-EU,GREECE,GATWICK,ATHENS,21689,21689,0,20356,20356,0,6.548438
17/12/2019 16:42,201909,WESTERN EUROPE-EU,GREECE,GATWICK,CHANIA,20331,14126,6205,21082,13835,7247,-3.562281
17/12/2019 16:42,201909,WESTERN EUROPE-EU,GREECE,GATWICK,CORFU,35290,25998,9292,38164,27561,10603,-7.530657
17/12/2019 16:42,201909,WESTERN EUROPE-EU,GREECE,GATWICK,HERAKLION,41343,34173,7170,41508,34198,7310,-0.397514
17/12/2019 16:42,201909,WESTERN EUROPE-EU,GREECE,GATWICK,KALAMATA,5843,5843,0,7105,7105,0,-17.762139
17/12/2019 16:42,201909,WESTERN EUROPE-EU,GREECE,GATWICK,KAVALA,4176,1168,3008,4296,1458,2838,-2.793296
17/12/2019 16:42,201909,WESTERN EUROPE-EU,GREECE,GATWICK,KEFALLINIA,22443,17040,5403,24537,18004,6533,-8.534051
17/12/2019 16:42,201909,WESTERN EUROPE-EU,GREECE,GATWICK,KOS,22095,11466,10629,20643,9650,10993,7.033861
17/12/2019 16:42,201909,WESTERN EUROPE-EU,GREECE,GATWICK,LEMNOS,662,662,0,324,0,324,104.320988
17/12/2019 16:42,201909,WESTERN EUROPE-EU,GREECE,GATWICK,MIKONOS,16612,16612,0,16146,16146,0,2.886164
17/12/2019 16:42,201909,WESTERN EUROPE-EU,GREECE,GATWICK,MYTILINI,1289,1289,0,1988,1988,0,-35.160966
17/12/2019 16:42,201909,WESTERN EUROPE-EU,GREECE,GATWICK,PREVEZA,17014,9888,7126,15647,8000,7647,8.736499
17/12/2019 16:42,201909,WESTERN EUROPE-EU,GREECE,GATWICK,RHODES,32963,24525,8438,33612,23945,9667,-1.930858
17/12/2019 16:42,201909,WESTERN EUROPE-EU,GREECE,GATWICK,SALONIKA,23630,19888,3742,24271,20811,3460,-2.641012
17/12/2019 16:42,201909,WESTERN EUROPE-EU,GREECE,GATWICK,SAMOS,1866,376,1490,2139,0,2139,-12.762973
17/12/2019 16:42,201909,WESTERN EUROPE-EU,GREECE,GATWICK,SKIATHOS,6923,4233,2690,7977,5028,2949,-13.212987
17/12/2019 16:42,201909,WESTERN EUROPE-EU,GREECE,GATWICK,THIRA (SANTORINI),17693,16071,1622,17835,16083,1752,-0.796187
17/12/2019 16:42,201909,WESTERN EUROPE-EU,GREECE,GATWICK,VOLOS NEA ANCHILOS,2159,1352,807,624,292,332,245.99359
17/12/2019 16:42,201909,WESTERN EUROPE-EU,GREECE,GATWICK,ZAKINTHOS,24645,17196,7449,26055,18578,7477,-5.411629
17/12/2019 16:42,201909,WESTERN EUROPE-EU,GREECE,HEATHROW,ATHENS,69185,69185,0,72407,72407,0,-4.449846
17/12/2019 16:42,201909,WESTERN EUROPE-EU,GREECE,HEATHROW,CHANIA,3693,3693,0,2397,2397,0,54.067584
17/12/2019 16:42,201909,WESTERN EUROPE-EU,GREECE,HEATHROW,CORFU,16000,14482,1518,12717,11631,1086,25.815837
17/12/2019 16:42,201909,WESTERN EUROPE-EU,GREECE,HEATHROW,KALAMATA,5167,3336,1831,4509,2427,2082,14.593036
17/12/2019 16:42,201909,WESTERN EUROPE-EU,GREECE,HEATHROW,KEFALLINIA,2938,1808,1130,3876,2598,1278,-24.200206
17/12/2019 16:42,201909,WESTERN EUROPE-EU,GREECE,HEATHROW,KOS,0,0,0,170,0,170,-100
17/12/2019 16:42,201909,WESTERN EUROPE-EU,GREECE,HEATHROW,LEMNOS,3348,0,3348,3570,0,3570,-6.218487
17/12/2019 16:42,201909,WESTERN EUROPE-EU,GREECE,HEATHROW,MIKONOS,7366,7366,0,7552,7552,0,-2.462924
17/12/2019 16:42,201909,WESTERN EUROPE-EU,GREECE,HEATHROW,PREVEZA,6729,3524,3205,3926,0,3926,71.395823
17/12/2019 16:42,201909,WESTERN EUROPE-EU,GREECE,HEATHROW,RHODES,1475,0,1475,2062,0,2062,-28.467507
17/12/2019 16:42,201909,WESTERN EUROPE-EU,GREECE,HEATHROW,THIRA (SANTORINI),7134,7134,0,6839,6839,0,4.313496
17/12/2019 16:42,201909,WESTERN EUROPE-EU,GREECE,HEATHROW,ZAKINTHOS,1938,1938,0,2290,2290,0,-15.371179
17/12/2019 16:42,201909,WESTERN EUROPE-EU,GREECE,LONDON CITY,MIKONOS,2349,2349,0,627,627,0,274.641148
17/12/2019 16:42,201909,WESTERN EUROPE-EU,GREECE,LONDON CITY,SKIATHOS,516,516,0,367,367,0,40.599455
17/12/2019 16:42,201909,WESTERN EUROPE-EU,GREECE,LONDON CITY,THIRA (SANTORINI),241,241,0,270,270,0,-10.740741
17/12/2019 16:42,201909,WESTERN EUROPE-EU,GREECE,LUTON,ATHENS,26274,26274,0,10969,10969,0,139.529583
17/12/2019 16:42,201909,WESTERN EUROPE-EU,GREECE,LUTON,CORFU,9890,8336,1554,10308,8807,1501,-4.055103
17/12/2019 16:42,201909,WESTERN EUROPE-EU,GREECE,LUTON,HERAKLION,4711,4527,184,4515,4515,0,4.341085
17/12/2019 16:42,201909,WESTERN EUROPE-EU,GREECE,LUTON,KEFALLINIA,0,0,0,1254,0,1254,-100
17/12/2019 16:42,201909,WESTERN EUROPE-EU,GREECE,LUTON,MIKONOS,2802,2802,0,2597,2597,0,7.893724
17/12/2019 16:42,201909,WESTERN EUROPE-EU,GREECE,LUTON,RHODES,6845,3023,3822,6637,3021,3616,3.133946
17/12/2019 16:42,201909,WESTERN EUROPE-EU,GREECE,LUTON,SALONIKA,8058,6265,1793,297,297,0,2613.131313
17/12/2019 16:42,201909,WESTERN EUROPE-EU,GREECE,LUTON,SKIATHOS,1372,0,1372,1656,0,1656,-17.149758
17/12/2019 16:42,201909,WESTERN EUROPE-EU,GREECE,LUTON,ZAKINTHOS,1746,0,1746,1737,0,1737,0.518135
17/12/2019 16:42,201909,WESTERN EUROPE-EU,GREECE,SOUTHEND,CORFU,3036,3036,0,0,0,0,0
17/12/2019 16:42,201909,WESTERN EUROPE-EU,GREECE,STANSTED,ATHENS,16604,16604,0,18009,18009,0,-7.801655
17/12/2019 16:42,201909,WESTERN EUROPE-EU,GREECE,STANSTED,CHANIA,7761,7761,0,6198,6198,0,25.217812
17/12/2019 16:42,201909,WESTERN EUROPE-EU,GREECE,STANSTED,CORFU,16258,13073,3185,14970,12290,2680,8.603874
17/12/2019 16:42,201909,WESTERN EUROPE-EU,GREECE,STANSTED,HERAKLION,12070,8878,3192,10555,7396,3159,14.353387
17/12/2019 16:42,201909,WESTERN EUROPE-EU,GREECE,STANSTED,KALAMATA,1298,1298,0,0,0,0,0
17/12/2019 16:42,201909,WESTERN EUROPE-EU,GREECE,STANSTED,KEFALLINIA,7063,5240,1823,8805,6935,1870,-19.784214
17/12/2019 16:42,201909,WESTERN EUROPE-EU,GREECE,STANSTED,KOS,7382,6042,1340,7073,5922,1151,4.368726
17/12/2019 16:42,201909,WESTERN EUROPE-EU,GREECE,STANSTED,MIKONOS,601,601,0,0,0,0,0
17/12/2019 16:42,201909,WESTERN EUROPE-EU,GREECE,STANSTED,MYTILINI,73,0,73,0,0,0,0
17/12/2019 16:42,201909,WESTERN EUROPE-EU,GREECE,STANSTED,PREVEZA,1558,1198,360,1236,0,1236,26.05178
17/12/2019 16:42,201909,WESTERN EUROPE-EU,GREECE,STANSTED,RHODES,16016,12775,3241,20005,16820,3185,-19.940015
17/12/2019 16:42,201909,WESTERN EUROPE-EU,GREECE,STANSTED,SALONIKA,13231,13231,0,12955,12955,0,2.130452
17/12/2019 16:42,201909,WESTERN EUROPE-EU,GREECE,STANSTED,SKIATHOS,1225,1225,0,1503,1503,0,-18.496341
17/12/2019 16:42,201909,WESTERN EUROPE-EU,GREECE,STANSTED,ZAKINTHOS,13374,12140,1234,15671,14375,1296,-14.657648
17/12/2019 16:42,201909,WESTERN EUROPE-EU,GREECE,ABERDEEN,CORFU,1504,0,1504,1467,0,1467,2.522154
17/12/2019 16:42,201909,WESTERN EUROPE-EU,GREECE,ABERDEEN,RHODES,1217,0,1217,0,0,0,0
17/12/2019 16:42,201909,WESTERN EUROPE-EU,GREECE,BELFAST INTERNATIONAL,CORFU,1451,0,1451,1389,0,1389,4.463643
17/12/2019 16:42,201909,WESTERN EUROPE-EU,GREECE,BELFAST INTERNATIONAL,HERAKLION,1627,1627,0,1459,1459,0,11.514736
17/12/2019 16:42,201909,WESTERN EUROPE-EU,GREECE,BELFAST INTERNATIONAL,RHODES,2551,1403,1148,2695,1619,1076,-5.343228
17/12/2019 16:42,201909,WESTERN EUROPE-EU,GREECE,BELFAST INTERNATIONAL,ZAKINTHOS,1123,1123,0,1132,1132,0,-0.795053
17/12/2019 16:42,201909,WESTERN EUROPE-EU,GREECE,BIGGIN HILL,ATHENS,7,0,7,2,0,2,250
17/12/2019 16:42,201909,WESTERN EUROPE-EU,GREECE,BIGGIN HILL,KALAMATA,0,0,0,4,0,4,-100
17/12/2019 16:42,201909,WESTERN EUROPE-EU,GREECE,BIRMINGHAM,CHANIA,6115,4428,1687,4635,3144,1491,31.93096
17/12/2019 16:42,201909,WESTERN EUROPE-EU,GREECE,BIRMINGHAM,CORFU,15360,8190,7170,14062,7638,6424,9.23055
17/12/2019 16:42,201909,WESTERN EUROPE-EU,GREECE,BIRMINGHAM,HERAKLION,12604,8652,3952,12717,8428,4289,-0.888574
17/12/2019 16:42,201909,WESTERN EUROPE-EU,GREECE,BIRMINGHAM,KALAMATA,1861,1569,292,1880,1880,0,-1.010638
17/12/2019 16:42,201909,WESTERN EUROPE-EU,GREECE,BIRMINGHAM,KAVALA,1607,0,1607,1603,0,1603,0.249532
17/12/2019 16:42,201909,WESTERN EUROPE-EU,GREECE,BIRMINGHAM,KEFALLINIA,4728,1011,3717,5525,1514,4011,-14.425339
17/12/2019 16:42,201909,WESTERN EUROPE-EU,GREECE,BIRMINGHAM,KOS,9625,6131,3494,9441,6203,3238,1.948946
17/12/2019 16:42,201909,WESTERN EUROPE-EU,GREECE,BIRMINGHAM,MYTILINI,1323,1156,167,1871,1871,0,-29.28915
17/12/2019 16:42,201909,WESTERN EUROPE-EU,GREECE,BIRMINGHAM,PREVEZA,759,0,759,752,0,752,0.930851
17/12/2019 16:42,201909,WESTERN EUROPE-EU,GREECE,BIRMINGHAM,RHODES,13337,8639,4698,14459,8159,6300,-7.759873
17/12/2019 16:42,201909,WESTERN EUROPE-EU,GREECE,BIRMINGHAM,SALONIKA,3336,1246,2090,2809,2809,0,18.761125
17/12/2019 16:42,201909,WESTERN EUROPE-EU,GREECE,BIRMINGHAM,SKIATHOS,2882,0,2882,3000,0,3000,-3.933333
17/12/2019 16:42,201909,WESTERN EUROPE-EU,GREECE,BIRMINGHAM,THIRA (SANTORINI),2691,1102,1589,2895,1639,1256,-7.046632
17/12/2019 16:42,201909,WESTERN EUROPE-EU,GREECE,BIRMINGHAM,ZAKINTHOS,14997,9267,5730,15707,10911,4796,-4.520278
17/12/2019 16:42,201909,WESTERN EUROPE-EU,GREECE,BOURNEMOUTH,CORFU,1475,0,1475,1248,0,1248,18.189103
17/12/2019 16:42,201909,WESTERN EUROPE-EU,GREECE,BOURNEMOUTH,HERAKLION,1277,0,1277,0,0,0,0
17/12/2019 16:42,201909,WESTERN EUROPE-EU,GREECE,BOURNEMOUTH,KEFALLINIA,1283,0,1283,0,0,0,0
17/12/2019 16:42,201909,WESTERN EUROPE-EU,GREECE,BOURNEMOUTH,RHODES,1491,0,1491,1853,0,1853,-19.535888
17/12/2019 16:42,201909,WESTERN EUROPE-EU,GREECE,BRISTOL,ATHENS,3103,3103,0,2743,2743,0,13.124316
17/12/2019 16:42,201909,WESTERN EUROPE-EU,GREECE,BRISTOL,CHANIA,4748,3271,1477,4644,3143,1501,2.239449
17/12/2019 16:42,201909,WESTERN EUROPE-EU,GREECE,BRISTOL,CORFU,11298,6847,4451,12337,7491,4846,-8.421821
17/12/2019 16:42,201909,WESTERN EUROPE-EU,GREECE,BRISTOL,HERAKLION,7519,4113,3406,7536,4381,3155,-0.225584
17/12/2019 16:42,201909,WESTERN EUROPE-EU,GREECE,BRISTOL,KEFALLINIA,7684,4460,3224,7205,5014,2191,6.648161
17/12/2019 16:42,201909,WESTERN EUROPE-EU,GREECE,BRISTOL,KOS,3926,1216,2710,4503,1532,2971,-12.81368
17/12/2019 16:42,201909,WESTERN EUROPE-EU,GREECE,BRISTOL,PREVEZA,1607,1607,0,1620,1620,0,-0.802469
17/12/2019 16:42,201909,WESTERN EUROPE-EU,GREECE,BRISTOL,RHODES,8923,4402,4521,6510,1443,5067,37.066052
17/12/2019 16:42,201909,WESTERN EUROPE-EU,GREECE,BRISTOL,SALONIKA,1508,0,1508,0,0,0,0
17/12/2019 16:42,201909,WESTERN EUROPE-EU,GREECE,BRISTOL,SKIATHOS,2398,1222,1176,2762,1597,1165,-13.178856
17/12/2019 16:42,201909,WESTERN EUROPE-EU,GREECE,BRISTOL,THIRA (SANTORINI),1404,0,1404,1399,0,1399,0.357398
17/12/2019 16:42,201909,WESTERN EUROPE-EU,GREECE,BRISTOL,ZAKINTHOS,12397,7639,4758,13139,8035,5104,-5.64731
17/12/2019 16:42,201909,WESTERN EUROPE-EU,GREECE,CARDIFF WALES,CORFU,3122,0,3122,1594,0,1594,95.859473
17/12/2019 16:42,201909,WESTERN EUROPE-EU,GREECE,CARDIFF WALES,HERAKLION,1282,0,1282,1473,0,1473,-12.966735
17/12/2019 16:42,201909,WESTERN EUROPE-EU,GREECE,CARDIFF WALES,KEFALLINIA,1266,0,1266,1105,0,1105,14.570136
17/12/2019 16:42,201909,WESTERN EUROPE-EU,GREECE,CARDIFF WALES,KOS,2739,0,2739,1680,0,1680,63.035714
17/12/2019 16:42,201909,WESTERN EUROPE-EU,GREECE,CARDIFF WALES,RHODES,4426,0,4426,2798,0,2798,58.184417
17/12/2019 16:42,201909,WESTERN EUROPE-EU,GREECE,CARDIFF WALES,ZAKINTHOS,5229,0,5229,4298,0,4298,21.661238
17/12/2019 16:42,201909,WESTERN EUROPE-EU,GREECE,DONCASTER SHEFFIELD,CORFU,3197,0,3197,2776,0,2776,15.165706
17/12/2019 16:42,201909,WESTERN EUROPE-EU,GREECE,DONCASTER SHEFFIELD,HERAKLION,0,0,0,872,0,872,-100
17/12/2019 16:42,201909,WESTERN EUROPE-EU,GREECE,DONCASTER SHEFFIELD,KEFALLINIA,1269,0,1269,1276,0,1276,-0.548589
17/12/2019 16:42,201909,WESTERN EUROPE-EU,GREECE,DONCASTER SHEFFIELD,KOS,1342,0,1342,0,0,0,0
17/12/2019 16:42,201909,WESTERN EUROPE-EU,GREECE,DONCASTER SHEFFIELD,RHODES,3115,0,3115,1462,0,1462,113.064295
17/12/2019 16:42,201909,WESTERN EUROPE-EU,GREECE,DONCASTER SHEFFIELD,ZAKINTHOS,3183,0,3183,1309,0,1309,143.16272
17/12/2019 16:42,201909,WESTERN EUROPE-EU,GREECE,EAST MIDLANDS INTERNATIONAL,CHANIA,1443,1443,0,1762,1762,0,-18.104427
17/12/2019 16:42,201909,WESTERN EUROPE-EU,GREECE,EAST MIDLANDS INTERNATIONAL,CORFU,11655,8737,2918,12854,10159,2695,-9.327836
17/12/2019 16:42,201909,WESTERN EUROPE-EU,GREECE,EAST MIDLANDS INTERNATIONAL,HERAKLION,6288,3209,3079,7711,3172,4539,-18.454156
17/12/2019 16:42,201909,WESTERN EUROPE-EU,GREECE,EAST MIDLANDS INTERNATIONAL,KAVALA,389,389,0,841,841,0,-53.745541
17/12/2019 16:42,201909,WESTERN EUROPE-EU,GREECE,EAST MIDLANDS INTERNATIONAL,KEFALLINIA,2403,1185,1218,2229,1015,1214,7.806191
17/12/2019 16:42,201909,WESTERN EUROPE-EU,GREECE,EAST MIDLANDS INTERNATIONAL,KOS,4333,1417,2916,4120,1596,2524,5.169903
17/12/2019 16:42,201909,WESTERN EUROPE-EU,GREECE,EAST MIDLANDS INTERNATIONAL,RHODES,12164,7808,4356,10832,6578,4254,12.296898
17/12/2019 16:42,201909,WESTERN EUROPE-EU,GREECE,EAST MIDLANDS INTERNATIONAL,SALONIKA,1357,1357,0,2404,984,1420,-43.552413
17/12/2019 16:42,201909,WESTERN EUROPE-EU,GREECE,EAST MIDLANDS INTERNATIONAL,SKIATHOS,880,880,0,684,684,0,28.654971
17/12/2019 16:42,201909,WESTERN EUROPE-EU,GREECE,EAST MIDLANDS INTERNATIONAL,THIRA (SANTORINI),1438,0,1438,0,0,0,0
17/12/2019 16:42,201909,WESTERN EUROPE-EU,GREECE,EAST MIDLANDS INTERNATIONAL,ZAKINTHOS,11451,6829,4622,12495,8626,3869,-8.355342
17/12/2019 16:42,201909,WESTERN EUROPE-EU,GREECE,EDINBURGH,ATHENS,5894,5894,0,5729,5729,0,2.880084
17/12/2019 16:42,201909,WESTERN EUROPE-EU,GREECE,EDINBURGH,CORFU,5717,4219,1498,3296,1815,1481,73.45267
17/12/2019 16:42,201909,WESTERN EUROPE-EU,GREECE,EDINBURGH,HERAKLION,5570,5570,0,6063,6063,0,-8.131288
17/12/2019 16:42,201909,WESTERN EUROPE-EU,GREECE,EDINBURGH,KEFALLINIA,1185,1185,0,1203,1203,0,-1.496259
17/12/2019 16:42,201909,WESTERN EUROPE-EU,GREECE,EDINBURGH,KOS,1350,1350,0,1340,1340,0,0.746269
17/12/2019 16:42,201909,WESTERN EUROPE-EU,GREECE,EDINBURGH,RHODES,4446,2783,1663,3630,1821,1809,22.479339
17/12/2019 16:42,201909,WESTERN EUROPE-EU,GREECE,EDINBURGH,SALONIKA,1342,1342,0,1290,1290,0,4.031008
17/12/2019 16:42,201909,WESTERN EUROPE-EU,GREECE,EDINBURGH,ZAKINTHOS,3041,3041,0,3032,3032,0,0.296834
17/12/2019 16:42,201909,WESTERN EUROPE-EU,GREECE,EXETER,CORFU,1467,0,1467,1470,0,1470,-0.204082
17/12/2019 16:42,201909,WESTERN EUROPE-EU,GREECE,EXETER,HERAKLION,1474,0,1474,0,0,0,0
17/12/2019 16:42,201909,WESTERN EUROPE-EU,GREECE,EXETER,RHODES,1267,0,1267,1191,0,1191,6.381192
17/12/2019 16:42,201909,WESTERN EUROPE-EU,GREECE,EXETER,ZAKINTHOS,1639,0,1639,0,0,0,0
17/12/2019 16:42,201909,WESTERN EUROPE-EU,GREECE,GLASGOW,CHANIA,0,0,0,1385,1385,0,-100
17/12/2019 16:42,201909,WESTERN EUROPE-EU,GREECE,GLASGOW,CORFU,3931,2443,1488,6153,4688,1465,-36.112465
17/12/2019 16:42,201909,WESTERN EUROPE-EU,GREECE,GLASGOW,HERAKLION,7303,5838,1465,9173,7683,1490,-20.385915
17/12/2019 16:42,201909,WESTERN EUROPE-EU,GREECE,GLASGOW,KEFALLINIA,1172,1172,0,1214,1214,0,-3.459638
17/12/2019 16:42,201909,WESTERN EUROPE-EU,GREECE,GLASGOW,KOS,4278,4278,0,4648,4648,0,-7.960413
17/12/2019 16:42,201909,WESTERN EUROPE-EU,GREECE,GLASGOW,RHODES,5886,4232,1654,4712,4712,0,24.91511
17/12/2019 16:42,201909,WESTERN EUROPE-EU,GREECE,GLASGOW,SALONIKA,0,0,0,1280,1280,0,-100
17/12/2019 16:42,201909,WESTERN EUROPE-EU,GREECE,GLASGOW,ZAKINTHOS,5676,3802,1874,6340,4525,1815,-10.473186
17/12/2019 16:42,201909,WESTERN EUROPE-EU,GREECE,LEEDS BRADFORD,CHANIA,4601,4601,0,3147,3147,0,46.202733
17/12/2019 16:42,201909,WESTERN EUROPE-EU,GREECE,LEEDS BRADFORD,CORFU,7357,5880,1477,7170,4578,2592,2.608089
17/12/2019 16:42,201909,WESTERN EUROPE-EU,GREECE,LEEDS BRADFORD,HERAKLION,5982,5982,0,5362,5362,0,11.56285
17/12/2019 16:42,201909,WESTERN EUROPE-EU,GREECE,LEEDS BRADFORD,KEFALLINIA,3118,3118,0,2448,2448,0,27.369281
17/12/2019 16:42,201909,WESTERN EUROPE-EU,GREECE,LEEDS BRADFORD,KOS,3802,3802,0,3257,3257,0,16.73319
17/12/2019 16:42,201909,WESTERN EUROPE-EU,GREECE,LEEDS BRADFORD,RHODES,4419,4419,0,6605,4789,1816,-33.096139
17/12/2019 16:42,201909,WESTERN EUROPE-EU,GREECE,LEEDS BRADFORD,SALONIKA,2078,2078,0,1979,1979,0,5.002527
17/12/2019 16:42,201909,WESTERN EUROPE-EU,GREECE,LEEDS BRADFORD,ZAKINTHOS,2538,2538,0,3974,3974,0,-36.134877
17/12/2019 16:42,201909,WESTERN EUROPE-EU,GREECE,LIVERPOOL (JOHN LENNON),CORFU,2510,2510,0,0,0,0,0
17/12/2019 16:42,201909,WESTERN EUROPE-EU,GREECE,LIVERPOOL (JOHN LENNON),RHODES,2761,2761,0,3029,3029,0,-8.847805
17/12/2019 16:42,201909,WESTERN EUROPE-EU,GREECE,LIVERPOOL (JOHN LENNON),ZAKINTHOS,3022,3022,0,2668,2668,0,13.268366
17/12/2019 16:42,201909,WESTERN EUROPE-EU,GREECE,MANCHESTER,ATHENS,14170,14170,0,9434,9434,0,50.201399
17/12/2019 16:42,201909,WESTERN EUROPE-EU,GREECE,MANCHESTER,CHANIA,11269,7030,4239,8863,4673,4190,27.146564
17/12/2019 16:42,201909,WESTERN EUROPE-EU,GREECE,MANCHESTER,CORFU,25429,19537,5892,28876,19748,9128,-11.937249
17/12/2019 16:42,201909,WESTERN EUROPE-EU,GREECE,MANCHESTER,HERAKLION,25251,18810,6441,29861,20388,9473,-15.438197
17/12/2019 16:42,201909,WESTERN EUROPE-EU,GREECE,MANCHESTER,KALAMATA,5801,5801,0,3621,3621,0,60.204363
17/12/2019 16:42,201909,WESTERN EUROPE-EU,GREECE,MANCHESTER,KAVALA,2635,949,1686,3172,1317,1855,-16.929382
17/12/2019 16:42,201909,WESTERN EUROPE-EU,GREECE,MANCHESTER,KEFALLINIA,14588,9055,5533,17854,10570,7284,-18.29282
17/12/2019 16:42,201909,WESTERN EUROPE-EU,GREECE,MANCHESTER,KOS,16185,8310,7875,19670,10818,8852,-17.717336
17/12/2019 16:42,201909,WESTERN EUROPE-EU,GREECE,MANCHESTER,MIKONOS,5112,5112,0,5772,5772,0,-11.434511
17/12/2019 16:42,201909,WESTERN EUROPE-EU,GREECE,MANCHESTER,MYTILINI,1134,1134,0,1694,1694,0,-33.057851
17/12/2019 16:42,201909,WESTERN EUROPE-EU,GREECE,MANCHESTER,PREVEZA,8552,5918,2634,10660,7174,3486,-19.774859
17/12/2019 16:42,201909,WESTERN EUROPE-EU,GREECE,MANCHESTER,RHODES,25385,15253,10132,27613,15281,12332,-8.068663
17/12/2019 16:42,201909,WESTERN EUROPE-EU,GREECE,MANCHESTER,SALONIKA,16470,13502,2968,13272,10753,2519,24.095841
17/12/2019 16:42,201909,WESTERN EUROPE-EU,GREECE,MANCHESTER,SKIATHOS,7257,4125,3132,9047,4877,4170,-19.785564
17/12/2019 16:42,201909,WESTERN EUROPE-EU,GREECE,MANCHESTER,THIRA (SANTORINI),11528,8221,3307,12601,9508,3093,-8.515197
17/12/2019 16:42,201909,WESTERN EUROPE-EU,GREECE,MANCHESTER,ZAKINTHOS,20661,12207,8454,22802,13311,9491,-9.389527
17/12/2019 16:42,201909,WESTERN EUROPE-EU,GREECE,NEWCASTLE,CORFU,11430,11430,0,9160,9160,0,24.781659
17/12/2019 16:42,201909,WESTERN EUROPE-EU,GREECE,NEWCASTLE,HERAKLION,5444,5444,0,5700,5700,0,-4.491228
17/12/2019 16:42,201909,WESTERN EUROPE-EU,GREECE,NEWCASTLE,KEFALLINIA,1249,1249,0,2829,2829,0,-55.850124
17/12/2019 16:42,201909,WESTERN EUROPE-EU,GREECE,NEWCASTLE,KOS,2763,2763,0,3583,3583,0,-22.88585
17/12/2019 16:42,201909,WESTERN EUROPE-EU,GREECE,NEWCASTLE,RHODES,7479,7479,0,7933,7933,0,-5.72293
17/12/2019 16:42,201909,WESTERN EUROPE-EU,GREECE,NEWCASTLE,SALONIKA,1399,1399,0,2109,2109,0,-33.665244
17/12/2019 16:42,201909,WESTERN EUROPE-EU,GREECE,NEWCASTLE,SKIATHOS,1247,1247,0,1521,1521,0,-18.014464
17/12/2019 16:42,201909,WESTERN EUROPE-EU,GREECE,NEWCASTLE,THIRA (SANTORINI),1430,1430,0,1997,1997,0,-28.392589
17/12/2019 16:42,201909,WESTERN EUROPE-EU,GREECE,NEWCASTLE,ZAKINTHOS,6269,6269,0,7566,7566,0,-17.14248
17/12/2019 16:42,201909,WESTERN EUROPE-EU,GREECE,NORWICH,CORFU,1446,0,1446,1485,0,1485,-2.626263
17/12/2019 16:42,201909,WESTERN EUROPE-EU,GREECE,NORWICH,HERAKLION,1475,0,1475,1484,0,1484,-0.606469
17/12/2019 16:42,201909,WESTERN EUROPE-EU,GREECE,NORWICH,RHODES,1486,0,1486,1466,0,1466,1.364256
17/12/2019 16:42,201909,WESTERN EUROPE-EU,GREECE,SOUTHAMPTON,SKIATHOS,0,0,0,598,0,598,-100
17/12/2019 16:42,201909,WESTERN EUROPE-EU,IRISH REPUBLIC,GATWICK,CORK,10574,10574,0,10609,10609,0,-0.329909
17/12/2019 16:42,201909,WESTERN EUROPE-EU,IRISH REPUBLIC,GATWICK,DUBLIN,102677,102677,0,104638,104638,0,-1.87408
17/12/2019 16:42,201909,WESTERN EUROPE-EU,IRISH REPUBLIC,GATWICK,IRELAND WEST(KNOCK),6761,6761,0,6805,6805,0,-0.646583
17/12/2019 16:42,201909,WESTERN EUROPE-EU,IRISH REPUBLIC,GATWICK,SHANNON,9945,9945,0,10047,10047,0,-1.015228
17/12/2019 16:42,201909,WESTERN EUROPE-EU,IRISH REPUBLIC,HEATHROW,CORK,31088,31088,0,33913,33913,0,-8.330139
17/12/2019 16:42,201909,WESTERN EUROPE-EU,IRISH REPUBLIC,HEATHROW,DUBLIN,149263,149263,0,149499,149499,0,-0.157861
17/12/2019 16:42,201909,WESTERN EUROPE-EU,IRISH REPUBLIC,HEATHROW,SHANNON,22095,22095,0,23275,23275,0,-5.069817
17/12/2019 16:42,201909,WESTERN EUROPE-EU,IRISH REPUBLIC,LONDON CITY,DUBLIN,38528,38528,0,40086,40086,0,-3.886644
17/12/2019 16:42,201909,WESTERN EUROPE-EU,IRISH REPUBLIC,LONDON CITY,SHANNON,0,0,0,44,0,44,-100
17/12/2019 16:42,201909,WESTERN EUROPE-EU,IRISH REPUBLIC,LUTON,CORK,9252,9252,0,0,0,0,0
17/12/2019 16:42,201909,WESTERN EUROPE-EU,IRISH REPUBLIC,LUTON,DUBLIN,32448,32448,0,29619,29619,0,9.551302
17/12/2019 16:42,201909,WESTERN EUROPE-EU,IRISH REPUBLIC,LUTON,IRELAND WEST(KNOCK),12773,12773,0,12932,12932,0,-1.229508
17/12/2019 16:42,201909,WESTERN EUROPE-EU,IRISH REPUBLIC,LUTON,KERRY COUNTY,9536,9536,0,9935,9935,0,-4.016105
17/12/2019 16:42,201909,WESTERN EUROPE-EU,IRISH REPUBLIC,SOUTHEND,DUBLIN,16229,16229,0,9498,9498,0,70.867551
17/12/2019 16:42,201909,WESTERN EUROPE-EU,IRISH REPUBLIC,STANSTED,CORK,28398,28398,0,29172,29172,0,-2.653229
17/12/2019 16:42,201909,WESTERN EUROPE-EU,IRISH REPUBLIC,STANSTED,DUBLIN,73778,73778,0,73515,73515,0,0.35775
17/12/2019 16:42,201909,WESTERN EUROPE-EU,IRISH REPUBLIC,STANSTED,IRELAND WEST(KNOCK),13027,13027,0,12535,12535,0,3.92501
17/12/2019 16:42,201909,WESTERN EUROPE-EU,IRISH REPUBLIC,STANSTED,KERRY COUNTY,7172,7172,0,6818,6818,0,5.192138
17/12/2019 16:42,201909,WESTERN EUROPE-EU,IRISH REPUBLIC,STANSTED,SHANNON,16222,16222,0,16307,16177,130,-0.521249
17/12/2019 16:42,201909,WESTERN EUROPE-EU,IRISH REPUBLIC,ABERDEEN,DUBLIN,4533,4533,0,4258,4258,0,6.458431
17/12/2019 16:42,201909,WESTERN EUROPE-EU,IRISH REPUBLIC,BELFAST CITY (GEORGE BEST),DUBLIN,0,0,0,11,0,11,-100
17/12/2019 16:42,201909,WESTERN EUROPE-EU,IRISH REPUBLIC,BIRMINGHAM,CORK,7398,7398,0,6327,6327,0,16.927454
17/12/2019 16:42,201909,WESTERN EUROPE-EU,IRISH REPUBLIC,BIRMINGHAM,DUBLIN,71912,71912,0,74676,74506,170,-3.701323
17/12/2019 16:42,201909,WESTERN EUROPE-EU,IRISH REPUBLIC,BIRMINGHAM,IRELAND WEST(KNOCK),2699,2699,0,3332,3332,0,-18.997599
17/12/2019 16:42,201909,WESTERN EUROPE-EU,IRISH REPUBLIC,BIRMINGHAM,SHANNON,2942,2942,0,3246,3246,0,-9.365373
17/12/2019 16:42,201909,WESTERN EUROPE-EU,IRISH REPUBLIC,BOURNEMOUTH,DUBLIN,5133,5133,0,0,0,0,0
17/12/2019 16:42,201909,WESTERN EUROPE-EU,IRISH REPUBLIC,BRISTOL,CORK,3464,3464,0,3235,3235,0,7.078825
17/12/2019 16:42,201909,WESTERN EUROPE-EU,IRISH REPUBLIC,BRISTOL,DUBLIN,34603,34603,0,35180,35180,0,-1.640136
17/12/2019 16:42,201909,WESTERN EUROPE-EU,IRISH REPUBLIC,BRISTOL,IRELAND WEST(KNOCK),3749,3749,0,3679,3679,0,1.902691
17/12/2019 16:42,201909,WESTERN EUROPE-EU,IRISH REPUBLIC,BRISTOL,SHANNON,1556,1556,0,1950,1950,0,-20.205128
17/12/2019 16:42,201909,WESTERN EUROPE-EU,IRISH REPUBLIC,CARDIFF WALES,CORK,1075,1075,0,1275,1188,87,-15.686275
17/12/2019 16:42,201909,WESTERN EUROPE-EU,IRISH REPUBLIC,CARDIFF WALES,DUBLIN,8058,7945,113,8954,8485,469,-10.006701
17/12/2019 16:42,201909,WESTERN EUROPE-EU,IRISH REPUBLIC,DONCASTER SHEFFIELD,DUBLIN,3362,3362,0,3503,3503,0,-4.025121
17/12/2019 16:42,201909,WESTERN EUROPE-EU,IRISH REPUBLIC,EAST MIDLANDS INTERNATIONAL,DUBLIN,14331,14331,0,16765,16765,0,-14.518342
17/12/2019 16:42,201909,WESTERN EUROPE-EU,IRISH REPUBLIC,EAST MIDLANDS INTERNATIONAL,IRELAND WEST(KNOCK),6194,6194,0,5731,5731,0,8.078869
17/12/2019 16:42,201909,WESTERN EUROPE-EU,IRISH REPUBLIC,EAST MIDLANDS INTERNATIONAL,SHANNON,1930,1930,0,0,0,0,0
17/12/2019 16:42,201909,WESTERN EUROPE-EU,IRISH REPUBLIC,EDINBURGH,CORK,4606,4490,116,4245,4245,0,8.504122
17/12/2019 16:42,201909,WESTERN EUROPE-EU,IRISH REPUBLIC,EDINBURGH,DUBLIN,56257,56257,0,54225,54139,86,3.747349
17/12/2019 16:42,201909,WESTERN EUROPE-EU,IRISH REPUBLIC,EDINBURGH,IRELAND WEST(KNOCK),2174,2174,0,2791,2791,0,-22.106772
17/12/2019 16:42,201909,WESTERN EUROPE-EU,IRISH REPUBLIC,EDINBURGH,SHANNON,2864,2864,0,2773,2623,150,3.281644
17/12/2019 16:42,201909,WESTERN EUROPE-EU,IRISH REPUBLIC,EXETER,DUBLIN,2313,2313,0,3240,3240,0,-28.611111
17/12/2019 16:42,201909,WESTERN EUROPE-EU,IRISH REPUBLIC,GLASGOW,CORK,2369,2369,0,2316,2316,0,2.288428
17/12/2019 16:42,201909,WESTERN EUROPE-EU,IRISH REPUBLIC,GLASGOW,DONEGAL,821,821,0,855,855,0,-3.976608
17/12/2019 16:42,201909,WESTERN EUROPE-EU,IRISH REPUBLIC,GLASGOW,DUBLIN,42497,42497,0,40967,40967,0,3.734713
17/12/2019 16:42,201909,WESTERN EUROPE-EU,IRISH REPUBLIC,GLASGOW,SHANNON,0,0,0,41,0,41,-100
17/12/2019 16:42,201909,WESTERN EUROPE-EU,IRISH REPUBLIC,INVERNESS,DUBLIN,1822,1822,0,1345,1345,0,35.464684
17/12/2019 16:42,201909,WESTERN EUROPE-EU,IRISH REPUBLIC,ISLE OF MAN,DUBLIN,3463,3463,0,3414,3414,0,1.435267
17/12/2019 16:42,201909,WESTERN EUROPE-EU,IRISH REPUBLIC,JERSEY,DUBLIN,2328,2328,0,2176,2176,0,6.985294
17/12/2019 16:42,201909,WESTERN EUROPE-EU,IRISH REPUBLIC,LEEDS BRADFORD,DUBLIN,23854,23854,0,23744,23744,0,0.463275
17/12/2019 16:42,201909,WESTERN EUROPE-EU,IRISH REPUBLIC,LIVERPOOL (JOHN LENNON),CORK,5193,5193,0,5315,5315,0,-2.29539
17/12/2019 16:42,201909,WESTERN EUROPE-EU,IRISH REPUBLIC,LIVERPOOL (JOHN LENNON),DUBLIN,30579,30579,0,31053,31053,0,-1.526423
17/12/2019 16:42,201909,WESTERN EUROPE-EU,IRISH REPUBLIC,LIVERPOOL (JOHN LENNON),IRELAND WEST(KNOCK),6281,6281,0,6439,6439,0,-2.453797
17/12/2019 16:42,201909,WESTERN EUROPE-EU,IRISH REPUBLIC,LIVERPOOL (JOHN LENNON),SHANNON,0,0,0,2041,2041,0,-100
17/12/2019 16:42,201909,WESTERN EUROPE-EU,IRISH REPUBLIC,MANCHESTER,CORK,9015,9015,0,8622,8622,0,4.558107
17/12/2019 16:42,201909,WESTERN EUROPE-EU,IRISH REPUBLIC,MANCHESTER,DUBLIN,74310,74310,0,73721,73721,0,0.798958
17/12/2019 16:42,201909,WESTERN EUROPE-EU,IRISH REPUBLIC,MANCHESTER,IRELAND WEST(KNOCK),3429,3429,0,3550,3550,0,-3.408451
17/12/2019 16:42,201909,WESTERN EUROPE-EU,IRISH REPUBLIC,MANCHESTER,SHANNON,6648,6648,0,6730,6730,0,-1.218425
17/12/2019 16:42,201909,WESTERN EUROPE-EU,IRISH REPUBLIC,NEWCASTLE,CORK,0,0,0,1038,1038,0,-100
17/12/2019 16:42,201909,WESTERN EUROPE-EU,IRISH REPUBLIC,NEWCASTLE,DUBLIN,17849,17849,0,18558,18558,0,-3.820455
17/12/2019 16:42,201909,WESTERN EUROPE-EU,IRISH REPUBLIC,NEWQUAY,CORK,587,587,0,658,658,0,-10.790274
17/12/2019 16:42,201909,WESTERN EUROPE-EU,IRISH REPUBLIC,NEWQUAY,DUBLIN,3157,3157,0,2968,2968,0,6.367925
17/12/2019 16:42,201909,WESTERN EUROPE-EU,IRISH REPUBLIC,SOUTHAMPTON,CORK,0,0,0,2064,2064,0,-100
17/12/2019 16:42,201909,WESTERN EUROPE-EU,IRISH REPUBLIC,SOUTHAMPTON,DUBLIN,10660,10660,0,12935,12935,0,-17.58794
17/12/2019 16:42,201909,WESTERN EUROPE-EU,ITALY,GATWICK,ALGHERO (FERTILIA),1273,0,1273,1879,0,1879,-32.251197
17/12/2019 16:42,201909,WESTERN EUROPE-EU,ITALY,GATWICK,ANCONA,2187,2187,0,277,277,0,689.530686
17/12/2019 16:42,201909,WESTERN EUROPE-EU,ITALY,GATWICK,BARI (PALESE),15702,15702,0,15290,15290,0,2.694572
17/12/2019 16:42,201909,WESTERN EUROPE-EU,ITALY,GATWICK,BERGAMO,7449,7449,0,0,0,0,0
17/12/2019 16:42,201909,WESTERN EUROPE-EU,ITALY,GATWICK,BOLOGNA,8317,8317,0,7579,7579,0,9.737432
17/12/2019 16:42,201909,WESTERN EUROPE-EU,ITALY,GATWICK,BRINDISI,3945,3945,0,3272,3272,0,20.56846
17/12/2019 16:42,201909,WESTERN EUROPE-EU,ITALY,GATWICK,CAGLIARI (ELMAS),6938,6938,0,6243,6243,0,11.132468
17/12/2019 16:42,201909,WESTERN EUROPE-EU,ITALY,GATWICK,CATANIA (FONTANAROSSA),25884,24059,1825,28567,26470,2097,-9.391956
17/12/2019 16:42,201909,WESTERN EUROPE-EU,ITALY,GATWICK,FLORENCE,11173,11173,0,8718,8718,0,28.160128
17/12/2019 16:42,201909,WESTERN EUROPE-EU,ITALY,GATWICK,GENOA,7545,7545,0,8465,8465,0,-10.868281
17/12/2019 16:42,201909,WESTERN EUROPE-EU,ITALY,GATWICK,LAMETIA-TERME,1503,0,1503,0,0,0,0
17/12/2019 16:42,201909,WESTERN EUROPE-EU,ITALY,GATWICK,MILAN (LINATE),0,0,0,25760,25760,0,-100
17/12/2019 16:42,201909,WESTERN EUROPE-EU,ITALY,GATWICK,MILAN (MALPENSA),77665,77532,133,51443,51443,0,50.972921
17/12/2019 16:42,201909,WESTERN EUROPE-EU,ITALY,GATWICK,NAPLES,48287,40657,7630,47195,42713,4482,2.313804
17/12/2019 16:42,201909,WESTERN EUROPE-EU,ITALY,GATWICK,OLBIA,13923,12378,1545,19007,17097,1910,-26.74804
17/12/2019 16:42,201909,WESTERN EUROPE-EU,ITALY,GATWICK,PALERMO,8458,8458,0,9787,9787,0,-13.579238
17/12/2019 16:42,201909,WESTERN EUROPE-EU,ITALY,GATWICK,PISA,17882,17882,0,31427,31427,0,-43.099882
17/12/2019 16:42,201909,WESTERN EUROPE-EU,ITALY,GATWICK,ROME (FIUMICINO),66615,66615,0,60623,60623,0,9.884037
17/12/2019 16:42,201909,WESTERN EUROPE-EU,ITALY,GATWICK,TURIN,8824,8824,0,8610,8610,0,2.485482
17/12/2019 16:42,201909,WESTERN EUROPE-EU,ITALY,GATWICK,VENICE,63091,61783,1308,69919,68650,1269,-9.765586
17/12/2019 16:42,201909,WESTERN EUROPE-EU,ITALY,GATWICK,VERONA VILLAFRANCA,30269,28046,2223,32034,29459,2575,-5.509771
17/12/2019 16:42,201909,WESTERN EUROPE-EU,ITALY,HEATHROW,BOLOGNA,26599,26599,0,25936,25936,0,2.556292
17/12/2019 16:42,201909,WESTERN EUROPE-EU,ITALY,HEATHROW,BRINDISI,2281,2281,0,2584,2584,0,-11.726006
17/12/2019 16:42,201909,WESTERN EUROPE-EU,ITALY,HEATHROW,CAGLIARI (ELMAS),681,0,681,1720,0,1720,-60.406977
17/12/2019 16:42,201909,WESTERN EUROPE-EU,ITALY,HEATHROW,LAMETIA-TERME,1648,0,1648,1920,0,1920,-14.166667
17/12/2019 16:42,201909,WESTERN EUROPE-EU,ITALY,HEATHROW,MILAN (LINATE),0,0,0,60288,60288,0,-100
17/12/2019 16:42,201909,WESTERN EUROPE-EU,ITALY,HEATHROW,MILAN (MALPENSA),61403,61403,0,27031,27031,0,127.157708
17/12/2019 16:42,201909,WESTERN EUROPE-EU,ITALY,HEATHROW,OLBIA,6707,4953,1754,6224,4171,2053,7.760283
17/12/2019 16:42,201909,WESTERN EUROPE-EU,ITALY,HEATHROW,PALERMO,5399,5399,0,3780,3780,0,42.830688
17/12/2019 16:42,201909,WESTERN EUROPE-EU,ITALY,HEATHROW,PISA,19765,19765,0,15715,15715,0,25.771556
17/12/2019 16:42,201909,WESTERN EUROPE-EU,ITALY,HEATHROW,ROME (FIUMICINO),78225,78225,0,99917,98500,1417,-21.710019
17/12/2019 16:42,201909,WESTERN EUROPE-EU,ITALY,HEATHROW,TREVISO,0,0,0,239,0,239,-100
17/12/2019 16:42,201909,WESTERN EUROPE-EU,ITALY,HEATHROW,VENICE,14959,14959,0,18850,18613,237,-20.64191
17/12/2019 16:42,201909,WESTERN EUROPE-EU,ITALY,LONDON CITY,FLORENCE,6422,6422,0,10852,10852,0,-40.821968
17/12/2019 16:42,201909,WESTERN EUROPE-EU,ITALY,LONDON CITY,MILAN (LINATE),0,0,0,34484,34484,0,-100
17/12/2019 16:42,201909,WESTERN EUROPE-EU,ITALY,LONDON CITY,MILAN (MALPENSA),30668,30668,0,0,0,0,0
17/12/2019 16:42,201909,WESTERN EUROPE-EU,ITALY,LONDON CITY,ROME (FIUMICINO),4202,4202,0,0,0,0,0
17/12/2019 16:42,201909,WESTERN EUROPE-EU,ITALY,LONDON CITY,VENICE,2672,2672,0,2659,2659,0,0.488906
17/12/2019 16:42,201909,WESTERN EUROPE-EU,ITALY,LUTON,ALGHERO (FERTILIA),2819,2819,0,2596,2596,0,8.590139
17/12/2019 16:42,201909,WESTERN EUROPE-EU,ITALY,LUTON,BARI (PALESE),6381,6381,0,5556,5556,0,14.848812
17/12/2019 16:42,201909,WESTERN EUROPE-EU,ITALY,LUTON,BOLOGNA,10554,10554,0,135,135,0,7717.777778
17/12/2019 16:42,201909,WESTERN EUROPE-EU,ITALY,LUTON,CATANIA (FONTANAROSSA),7843,7843,0,5740,5740,0,36.637631
17/12/2019 16:42,201909,WESTERN EUROPE-EU,ITALY,LUTON,FLORENCE,2030,2030,0,2945,2945,0,-31.06961
17/12/2019 16:42,201909,WESTERN EUROPE-EU,ITALY,LUTON,GENOA,2845,2845,0,3013,3013,0,-5.575838
17/12/2019 16:42,201909,WESTERN EUROPE-EU,ITALY,LUTON,MILAN (MALPENSA),19630,19378,252,17976,17976,0,9.201157
17/12/2019 16:42,201909,WESTERN EUROPE-EU,ITALY,LUTON,NAPLES,12797,12797,0,13858,12431,1427,-7.656227
17/12/2019 16:42,201909,WESTERN EUROPE-EU,ITALY,LUTON,OLBIA,2319,2319,0,2573,2573,0,-9.871745
17/12/2019 16:42,201909,WESTERN EUROPE-EU,ITALY,LUTON,PALERMO,4074,4074,0,4297,4297,0,-5.189667
17/12/2019 16:42,201909,WESTERN EUROPE-EU,ITALY,LUTON,PISA,11087,11087,0,11890,11890,0,-6.753574
17/12/2019 16:42,201909,WESTERN EUROPE-EU,ITALY,LUTON,ROME (FIUMICINO),8917,8917,0,12058,12058,0,-26.049096
17/12/2019 16:42,201909,WESTERN EUROPE-EU,ITALY,LUTON,TURIN,0,0,0,2809,2809,0,-100
17/12/2019 16:42,201909,WESTERN EUROPE-EU,ITALY,LUTON,VENICE,8297,8297,0,9758,9758,0,-14.97233
17/12/2019 16:42,201909,WESTERN EUROPE-EU,ITALY,SOUTHEND,BERGAMO,5703,5703,0,0,0,0,0
17/12/2019 16:42,201909,WESTERN EUROPE-EU,ITALY,SOUTHEND,CAGLIARI (ELMAS),0,0,0,1959,1959,0,-100
17/12/2019 16:42,201909,WESTERN EUROPE-EU,ITALY,SOUTHEND,CATANIA (FONTANAROSSA),0,0,0,2250,2250,0,-100
17/12/2019 16:42,201909,WESTERN EUROPE-EU,ITALY,SOUTHEND,MILAN (MALPENSA),0,0,0,2981,2981,0,-100
17/12/2019 16:42,201909,WESTERN EUROPE-EU,ITALY,SOUTHEND,VENICE,6000,6000,0,0,0,0,0
17/12/2019 16:42,201909,WESTERN EUROPE-EU,ITALY,STANSTED,ALGHERO (FERTILIA),4236,4236,0,4674,4674,0,-9.370988
17/12/2019 16:42,201909,WESTERN EUROPE-EU,ITALY,STANSTED,ANCONA,11427,11427,0,13284,13284,0,-13.979223
17/12/2019 16:42,201909,WESTERN EUROPE-EU,ITALY,STANSTED,BARI (PALESE),10700,10700,0,10913,10913,0,-1.951801
17/12/2019 16:42,201909,WESTERN EUROPE-EU,ITALY,STANSTED,BERGAMO,42225,42225,0,41807,41807,0,0.999833
17/12/2019 16:42,201909,WESTERN EUROPE-EU,ITALY,STANSTED,BOLOGNA,24316,24316,0,16945,16945,0,43.499557
17/12/2019 16:42,201909,WESTERN EUROPE-EU,ITALY,STANSTED,BRINDISI,7390,7390,0,10603,10603,0,-30.302745
17/12/2019 16:42,201909,WESTERN EUROPE-EU,ITALY,STANSTED,CAGLIARI (ELMAS),12066,12066,0,13248,13248,0,-8.922101
17/12/2019 16:42,201909,WESTERN EUROPE-EU,ITALY,STANSTED,COMISO,0,0,0,2763,2763,0,-100
17/12/2019 16:42,201909,WESTERN EUROPE-EU,ITALY,STANSTED,FLORENCE,693,693,0,1430,1430,0,-51.538462
17/12/2019 16:42,201909,WESTERN EUROPE-EU,ITALY,STANSTED,GENOA,8610,8610,0,8783,8783,0,-1.969714
17/12/2019 16:42,201909,WESTERN EUROPE-EU,ITALY,STANSTED,LAMETIA-TERME,5582,5582,0,7719,7719,0,-27.684933
17/12/2019 16:42,201909,WESTERN EUROPE-EU,ITALY,STANSTED,MILAN (LINATE),0,0,0,1448,1448,0,-100
17/12/2019 16:42,201909,WESTERN EUROPE-EU,ITALY,STANSTED,MILAN (MALPENSA),19203,19203,0,20899,20899,0,-8.115221
17/12/2019 16:42,201909,WESTERN EUROPE-EU,ITALY,STANSTED,NAPLES,31369,31369,0,32038,32038,0,-2.088145
17/12/2019 16:42,201909,WESTERN EUROPE-EU,ITALY,STANSTED,PALERMO,10873,10873,0,10829,10829,0,0.406316
17/12/2019 16:42,201909,WESTERN EUROPE-EU,ITALY,STANSTED,PERUGIA,9039,9039,0,10546,10546,0,-14.289778
17/12/2019 16:42,201909,WESTERN EUROPE-EU,ITALY,STANSTED,PESCARA,7705,7705,0,7777,7777,0,-0.925807
17/12/2019 16:42,201909,WESTERN EUROPE-EU,ITALY,STANSTED,PISA,31879,31879,0,31248,31248,0,2.019329
17/12/2019 16:42,201909,WESTERN EUROPE-EU,ITALY,STANSTED,RIMINI,2768,2768,0,2994,2994,0,-7.54843
17/12/2019 16:42,201909,WESTERN EUROPE-EU,ITALY,STANSTED,ROME (CIAMPINO),53585,53585,0,53586,53586,0,-0.001866
17/12/2019 16:42,201909,WESTERN EUROPE-EU,ITALY,STANSTED,TREVISO,0,0,0,26136,26136,0,-100
17/12/2019 16:42,201909,WESTERN EUROPE-EU,ITALY,STANSTED,TRIESTE (RONCHI DEI LEGIONARI),5819,5819,0,5863,5863,0,-0.750469
17/12/2019 16:42,201909,WESTERN EUROPE-EU,ITALY,STANSTED,TURIN,10375,10375,0,10260,10260,0,1.120858
17/12/2019 16:42,201909,WESTERN EUROPE-EU,ITALY,STANSTED,VENICE,28235,28235,0,0,0,0,0
17/12/2019 16:42,201909,WESTERN EUROPE-EU,ITALY,STANSTED,VERONA VILLAFRANCA,10382,10382,0,9845,9845,0,5.454545
17/12/2019 16:42,201909,WESTERN EUROPE-EU,ITALY,BELFAST INTERNATIONAL,BERGAMO,2631,2631,0,3139,3139,0,-16.183498
17/12/2019 16:42,201909,WESTERN EUROPE-EU,ITALY,BELFAST INTERNATIONAL,NAPLES,3641,3641,0,3963,3963,0,-8.125158
17/12/2019 16:42,201909,WESTERN EUROPE-EU,ITALY,BELFAST INTERNATIONAL,VENICE,2728,2728,0,2617,2617,0,4.241498
17/12/2019 16:42,201909,WESTERN EUROPE-EU,ITALY,BELFAST INTERNATIONAL,VERONA VILLAFRANCA,0,0,0,844,0,844,-100
17/12/2019 16:42,201909,WESTERN EUROPE-EU,ITALY,BIGGIN HILL,PALERMO,11,0,11,0,0,0,0
17/12/2019 16:42,201909,WESTERN EUROPE-EU,ITALY,BIGGIN HILL,ROME (CIAMPINO),2,0,2,8,0,8,-75
17/12/2019 16:42,201909,WESTERN EUROPE-EU,ITALY,BIGGIN HILL,VENICE,0,0,0,2,0,2,-100
17/12/2019 16:42,201909,WESTERN EUROPE-EU,ITALY,BIRMINGHAM,ALGHERO (FERTILIA),1186,0,1186,1753,0,1753,-32.344552
17/12/2019 16:42,201909,WESTERN EUROPE-EU,ITALY,BIRMINGHAM,CATANIA (FONTANAROSSA),1787,0,1787,1808,0,1808,-1.161504
17/12/2019 16:42,201909,WESTERN EUROPE-EU,ITALY,BIRMINGHAM,COMISO,0,0,0,1309,1309,0,-100
17/12/2019 16:42,201909,WESTERN EUROPE-EU,ITALY,BIRMINGHAM,FLORENCE,0,0,0,839,839,0,-100
17/12/2019 16:42,201909,WESTERN EUROPE-EU,ITALY,BIRMINGHAM,MILAN (MALPENSA),6382,6382,0,5016,4942,74,27.232855
17/12/2019 16:42,201909,WESTERN EUROPE-EU,ITALY,BIRMINGHAM,NAPLES,8459,3101,5358,6537,3155,3382,29.401866
17/12/2019 16:42,201909,WESTERN EUROPE-EU,ITALY,BIRMINGHAM,PISA,2702,2702,0,3020,3020,0,-10.529801
17/12/2019 16:42,201909,WESTERN EUROPE-EU,ITALY,BIRMINGHAM,ROME (FIUMICINO),6675,6675,0,6133,6133,0,8.837437
17/12/2019 16:42,201909,WESTERN EUROPE-EU,ITALY,BIRMINGHAM,VENICE,3167,3167,0,2904,2904,0,9.056474
17/12/2019 16:42,201909,WESTERN EUROPE-EU,ITALY,BIRMINGHAM,VERONA VILLAFRANCA,7360,4619,2741,6317,2821,3496,16.511002
17/12/2019 16:42,201909,WESTERN EUROPE-EU,ITALY,BOURNEMOUTH,NAPLES,0,0,0,1450,0,1450,-100
17/12/2019 16:42,201909,WESTERN EUROPE-EU,ITALY,BRISTOL,BERGAMO,3934,3934,0,4473,4473,0,-12.050078
17/12/2019 16:42,201909,WESTERN EUROPE-EU,ITALY,BRISTOL,BOLOGNA,2972,2972,0,2573,2573,0,15.50719
17/12/2019 16:42,201909,WESTERN EUROPE-EU,ITALY,BRISTOL,BRINDISI,2788,2788,0,0,0,0,0
17/12/2019 16:42,201909,WESTERN EUROPE-EU,ITALY,BRISTOL,CATANIA (FONTANAROSSA),2612,2612,0,2335,2335,0,11.862955
17/12/2019 16:42,201909,WESTERN EUROPE-EU,ITALY,BRISTOL,FLORENCE,0,0,0,667,667,0,-100
17/12/2019 16:42,201909,WESTERN EUROPE-EU,ITALY,BRISTOL,GENOA,2187,2187,0,2604,2604,0,-16.013825
17/12/2019 16:42,201909,WESTERN EUROPE-EU,ITALY,BRISTOL,MILAN (MALPENSA),9768,9768,0,271,271,0,3504.428044
17/12/2019 16:42,201909,WESTERN EUROPE-EU,ITALY,BRISTOL,NAPLES,8513,3819,4694,7238,4315,2923,17.615363
17/12/2019 16:42,201909,WESTERN EUROPE-EU,ITALY,BRISTOL,OLBIA,4361,4043,318,4674,4198,476,-6.69662
17/12/2019 16:42,201909,WESTERN EUROPE-EU,ITALY,BRISTOL,PISA,9705,9705,0,9370,9370,0,3.57524
17/12/2019 16:42,201909,WESTERN EUROPE-EU,ITALY,BRISTOL,ROME (FIUMICINO),10632,10632,0,10268,10268,0,3.544994
17/12/2019 16:42,201909,WESTERN EUROPE-EU,ITALY,BRISTOL,VENICE,15984,15984,0,15258,15258,0,4.75816
17/12/2019 16:42,201909,WESTERN EUROPE-EU,ITALY,BRISTOL,VERONA VILLAFRANCA,1217,0,1217,1493,0,1493,-18.486269
17/12/2019 16:42,201909,WESTERN EUROPE-EU,ITALY,CARDIFF WALES,MILAN (MALPENSA),1011,1011,0,2247,2247,0,-55.006676
17/12/2019 16:42,201909,WESTERN EUROPE-EU,ITALY,CARDIFF WALES,NAPLES,1390,0,1390,0,0,0,0
17/12/2019 16:42,201909,WESTERN EUROPE-EU,ITALY,CARDIFF WALES,PARMA,0,0,0,82,0,82,-100
17/12/2019 16:42,201909,WESTERN EUROPE-EU,ITALY,CARDIFF WALES,ROME (FIUMICINO),294,294,0,1714,1714,0,-82.847141
17/12/2019 16:42,201909,WESTERN EUROPE-EU,ITALY,CARDIFF WALES,VENICE,243,243,0,1143,1143,0,-78.740157
17/12/2019 16:42,201909,WESTERN EUROPE-EU,ITALY,CARDIFF WALES,VERONA VILLAFRANCA,244,244,0,1425,1425,0,-82.877193
17/12/2019 16:42,201909,WESTERN EUROPE-EU,ITALY,DONCASTER SHEFFIELD,NAPLES,1497,0,1497,1198,0,1198,24.958264
17/12/2019 16:42,201909,WESTERN EUROPE-EU,ITALY,DUNDEE,CATANIA (FONTANAROSSA),2,0,2,0,0,0,0
17/12/2019 16:42,201909,WESTERN EUROPE-EU,ITALY,DUNDEE,OLBIA,0,0,0,6,0,6,-100
17/12/2019 16:42,201909,WESTERN EUROPE-EU,ITALY,DURHAM TEES VALLEY,BERGAMO,332,0,332,0,0,0,0
17/12/2019 16:42,201909,WESTERN EUROPE-EU,ITALY,EAST MIDLANDS INTERNATIONAL,BERGAMO,4151,4151,0,4652,4652,0,-10.769561
17/12/2019 16:42,201909,WESTERN EUROPE-EU,ITALY,EAST MIDLANDS INTERNATIONAL,NAPLES,5696,2555,3141,6699,4071,2628,-14.972384
17/12/2019 16:42,201909,WESTERN EUROPE-EU,ITALY,EAST MIDLANDS INTERNATIONAL,PISA,3999,3999,0,4116,4116,0,-2.842566
17/12/2019 16:42,201909,WESTERN EUROPE-EU,ITALY,EAST MIDLANDS INTERNATIONAL,ROME (CIAMPINO),3182,3182,0,4569,4569,0,-30.356752
17/12/2019 16:42,201909,WESTERN EUROPE-EU,ITALY,EAST MIDLANDS INTERNATIONAL,TREVISO,4680,4680,0,4338,4338,0,7.883817
17/12/2019 16:42,201909,WESTERN EUROPE-EU,ITALY,EAST MIDLANDS INTERNATIONAL,VERONA VILLAFRANCA,1365,1365,0,1273,1273,0,7.227023
17/12/2019 16:42,201909,WESTERN EUROPE-EU,ITALY,EDINBURGH,BERGAMO,5809,5809,0,7316,7316,0,-20.598688
17/12/2019 16:42,201909,WESTERN EUROPE-EU,ITALY,EDINBURGH,BOLOGNA,3203,3203,0,2106,2106,0,52.089269
17/12/2019 16:42,201909,WESTERN EUROPE-EU,ITALY,EDINBURGH,FLORENCE,1454,1454,0,759,759,0,91.567852
17/12/2019 16:42,201909,WESTERN EUROPE-EU,ITALY,EDINBURGH,MILAN (MALPENSA),15536,15536,0,15012,15012,0,3.490541
17/12/2019 16:42,201909,WESTERN EUROPE-EU,ITALY,EDINBURGH,NAPLES,6784,6784,0,6244,6244,0,8.648302
17/12/2019 16:42,201909,WESTERN EUROPE-EU,ITALY,EDINBURGH,PISA,4275,4275,0,4725,4725,0,-9.52381
17/12/2019 16:42,201909,WESTERN EUROPE-EU,ITALY,EDINBURGH,ROME (CIAMPINO),7910,7910,0,7931,7931,0,-0.264784
17/12/2019 16:42,201909,WESTERN EUROPE-EU,ITALY,EDINBURGH,TREVISO,4608,4608,0,4143,4143,0,11.223751
17/12/2019 16:42,201909,WESTERN EUROPE-EU,ITALY,EDINBURGH,VENICE,10557,10557,0,9197,9197,0,14.787431
17/12/2019 16:42,201909,WESTERN EUROPE-EU,ITALY,EDINBURGH,VERONA VILLAFRANCA,2767,2767,0,2622,2622,0,5.53013
17/12/2019 16:42,201909,WESTERN EUROPE-EU,ITALY,EXETER,NAPLES,2951,2951,0,0,0,0,0
17/12/2019 16:42,201909,WESTERN EUROPE-EU,ITALY,GLASGOW,GENOA,974,0,974,949,0,949,2.634352
17/12/2019 16:42,201909,WESTERN EUROPE-EU,ITALY,GLASGOW,MILAN (MALPENSA),0,0,0,3877,3794,83,-100
17/12/2019 16:42,201909,WESTERN EUROPE-EU,ITALY,GLASGOW,NAPLES,4850,1699,3151,1681,0,1681,188.518739
17/12/2019 16:42,201909,WESTERN EUROPE-EU,ITALY,GLASGOW,RIMINI,100,0,100,0,0,0,0
17/12/2019 16:42,201909,WESTERN EUROPE-EU,ITALY,GLASGOW,ROME (FIUMICINO),3182,3182,0,2853,2853,0,11.531721
17/12/2019 16:42,201909,WESTERN EUROPE-EU,ITALY,GLASGOW,VENICE,2260,2260,0,963,0,963,134.683281
17/12/2019 16:42,201909,WESTERN EUROPE-EU,ITALY,GLASGOW,VERONA VILLAFRANCA,1645,0,1645,1903,158,1745,-13.557541
17/12/2019 16:42,201909,WESTERN EUROPE-EU,ITALY,HUMBERSIDE,BERGAMO,336,0,336,0,0,0,0
17/12/2019 16:42,201909,WESTERN EUROPE-EU,ITALY,HUMBERSIDE,VENICE,0,0,0,78,0,78,-100
17/12/2019 16:42,201909,WESTERN EUROPE-EU,ITALY,INVERNESS,BERGAMO,330,0,330,0,0,0,0
17/12/2019 16:42,201909,WESTERN EUROPE-EU,ITALY,LEEDS BRADFORD,NAPLES,2702,2702,0,2800,2800,0,-3.5
17/12/2019 16:42,201909,WESTERN EUROPE-EU,ITALY,LEEDS BRADFORD,PISA,5136,5136,0,6311,6311,0,-18.618286
17/12/2019 16:42,201909,WESTERN EUROPE-EU,ITALY,LEEDS BRADFORD,ROME (FIUMICINO),3176,3176,0,3163,3163,0,0.411002
17/12/2019 16:42,201909,WESTERN EUROPE-EU,ITALY,LEEDS BRADFORD,TREVISO,0,0,0,3002,3002,0,-100
17/12/2019 16:42,201909,WESTERN EUROPE-EU,ITALY,LEEDS BRADFORD,VENICE,2489,2489,0,2212,2212,0,12.522604
17/12/2019 16:42,201909,WESTERN EUROPE-EU,ITALY,LEEDS BRADFORD,VERONA VILLAFRANCA,1301,1301,0,1074,1074,0,21.13594
17/12/2019 16:42,201909,WESTERN EUROPE-EU,ITALY,LIVERPOOL (JOHN LENNON),BARI (PALESE),2735,2735,0,3073,3073,0,-10.999024
17/12/2019 16:42,201909,WESTERN EUROPE-EU,ITALY,LIVERPOOL (JOHN LENNON),BERGAMO,0,0,0,1215,1215,0,-100
17/12/2019 16:42,201909,WESTERN EUROPE-EU,ITALY,LIVERPOOL (JOHN LENNON),MILAN (MALPENSA),3771,3771,0,4199,4199,0,-10.192903
17/12/2019 16:42,201909,WESTERN EUROPE-EU,ITALY,LIVERPOOL (JOHN LENNON),NAPLES,4041,3755,286,3858,3858,0,4.74339
17/12/2019 16:42,201909,WESTERN EUROPE-EU,ITALY,LIVERPOOL (JOHN LENNON),PALERMO,2746,2746,0,2801,2801,0,-1.963584
17/12/2019 16:42,201909,WESTERN EUROPE-EU,ITALY,LIVERPOOL (JOHN LENNON),PISA,2996,2996,0,2408,2408,0,24.418605
17/12/2019 16:42,201909,WESTERN EUROPE-EU,ITALY,LIVERPOOL (JOHN LENNON),ROME (FIUMICINO),0,0,0,3751,3751,0,-100
17/12/2019 16:42,201909,WESTERN EUROPE-EU,ITALY,LIVERPOOL (JOHN LENNON),VENICE,3482,3482,0,4014,4014,0,-13.253612
17/12/2019 16:42,201909,WESTERN EUROPE-EU,ITALY,MANCHESTER,ALGHERO (FERTILIA),1423,0,1423,1756,0,1756,-18.963554
17/12/2019 16:42,201909,WESTERN EUROPE-EU,ITALY,MANCHESTER,BARI (PALESE),2016,2016,0,0,0,0,0
17/12/2019 16:42,201909,WESTERN EUROPE-EU,ITALY,MANCHESTER,BERGAMO,14857,14699,158,13536,13536,0,9.759161
17/12/2019 16:42,201909,WESTERN EUROPE-EU,ITALY,MANCHESTER,BOLOGNA,6384,6384,0,6369,6369,0,0.235516
17/12/2019 16:42,201909,WESTERN EUROPE-EU,ITALY,MANCHESTER,BRINDISI,3189,3189,0,2849,2849,0,11.934012
17/12/2019 16:42,201909,WESTERN EUROPE-EU,ITALY,MANCHESTER,CAGLIARI (ELMAS),3062,3062,0,3054,3054,0,0.261952
17/12/2019 16:42,201909,WESTERN EUROPE-EU,ITALY,MANCHESTER,CATANIA (FONTANAROSSA),10685,8902,1783,7559,5742,1817,41.354677
17/12/2019 16:42,201909,WESTERN EUROPE-EU,ITALY,MANCHESTER,FLORENCE,593,593,0,761,761,0,-22.076216
17/12/2019 16:42,201909,WESTERN EUROPE-EU,ITALY,MANCHESTER,GENOA,4293,4293,0,3896,3896,0,10.189938
17/12/2019 16:42,201909,WESTERN EUROPE-EU,ITALY,MANCHESTER,LAMETIA-TERME,1411,0,1411,0,0,0,0
17/12/2019 16:42,201909,WESTERN EUROPE-EU,ITALY,MANCHESTER,MILAN (MALPENSA),16473,16473,0,13414,13414,0,22.804533
17/12/2019 16:42,201909,WESTERN EUROPE-EU,ITALY,MANCHESTER,NAPLES,18057,11693,6364,16626,12225,4401,8.607001
17/12/2019 16:42,201909,WESTERN EUROPE-EU,ITALY,MANCHESTER,OLBIA,4712,4169,543,6886,4452,2434,-31.571304
17/12/2019 16:42,201909,WESTERN EUROPE-EU,ITALY,MANCHESTER,PALERMO,3149,3149,0,2864,2864,0,9.951117
17/12/2019 16:42,201909,WESTERN EUROPE-EU,ITALY,MANCHESTER,PISA,11441,11441,0,11830,11830,0,-3.28825
17/12/2019 16:42,201909,WESTERN EUROPE-EU,ITALY,MANCHESTER,ROME (CIAMPINO),15150,15150,0,15343,15343,0,-1.257903
17/12/2019 16:42,201909,WESTERN EUROPE-EU,ITALY,MANCHESTER,ROME (FIUMICINO),11055,11055,0,10848,9833,1015,1.908186
17/12/2019 16:42,201909,WESTERN EUROPE-EU,ITALY,MANCHESTER,TREVISO,4142,4142,0,4267,4267,0,-2.929459
17/12/2019 16:42,201909,WESTERN EUROPE-EU,ITALY,MANCHESTER,VENICE,14656,13362,1294,13809,12144,1665,6.133681
17/12/2019 16:42,201909,WESTERN EUROPE-EU,ITALY,MANCHESTER,VERONA VILLAFRANCA,6287,2798,3489,7534,2789,4745,-16.551633
17/12/2019 16:42,201909,WESTERN EUROPE-EU,ITALY,NEWCASTLE,NAPLES,4624,4624,0,2783,2783,0,66.151635
17/12/2019 16:42,201909,WESTERN EUROPE-EU,ITALY,NEWCASTLE,PISA,2591,2591,0,2298,2298,0,12.750218
17/12/2019 16:42,201909,WESTERN EUROPE-EU,ITALY,NEWCASTLE,ROME (FIUMICINO),3158,3158,0,2335,2335,0,35.246253
17/12/2019 16:42,201909,WESTERN EUROPE-EU,ITALY,NEWCASTLE,TREVISO,50,0,50,0,0,0,0
17/12/2019 16:42,201909,WESTERN EUROPE-EU,ITALY,NEWCASTLE,VERONA VILLAFRANCA,2485,2485,0,2833,2833,0,-12.283798
17/12/2019 16:42,201909,WESTERN EUROPE-EU,ITALY,NORWICH,BERGAMO,187,0,187,0,0,0,0
17/12/2019 16:42,201909,WESTERN EUROPE-EU,ITALY,PRESTWICK,PISA,3083,3083,0,2420,2420,0,27.396694
17/12/2019 16:42,201909,WESTERN EUROPE-EU,ITALY,PRESTWICK,ROME (CIAMPINO),2827,2827,0,3237,3237,0,-12.666049
17/12/2019 16:42,201909,WESTERN EUROPE-EU,ITALY,SOUTHAMPTON,VERONA VILLAFRANCA,995,995,0,1456,1456,0,-31.662088
17/12/2019 16:42,201909,WESTERN EUROPE-EU,LUXEMBOURG,GATWICK,LUXEMBOURG,4854,4854,0,4588,4588,0,5.797733
17/12/2019 16:42,201909,WESTERN EUROPE-EU,LUXEMBOURG,HEATHROW,LUXEMBOURG,11944,11944,0,14079,14079,0,-15.164429
17/12/2019 16:42,201909,WESTERN EUROPE-EU,LUXEMBOURG,LONDON CITY,LUXEMBOURG,16607,16607,0,16267,16267,0,2.090121
17/12/2019 16:42,201909,WESTERN EUROPE-EU,LUXEMBOURG,STANSTED,LUXEMBOURG,7063,7063,0,9197,9197,0,-23.203218
17/12/2019 16:42,201909,WESTERN EUROPE-EU,LUXEMBOURG,BELFAST INTERNATIONAL,LUXEMBOURG,90,0,90,0,0,0,0
17/12/2019 16:42,201909,WESTERN EUROPE-EU,LUXEMBOURG,BIGGIN HILL,LUXEMBOURG,3,0,3,0,0,0,0
17/12/2019 16:42,201909,WESTERN EUROPE-EU,LUXEMBOURG,EDINBURGH,LUXEMBOURG,3960,3960,0,25,0,25,15740
17/12/2019 16:42,201909,WESTERN EUROPE-EU,LUXEMBOURG,JERSEY,LUXEMBOURG,312,27,285,254,0,254,22.834646
17/12/2019 16:42,201909,WESTERN EUROPE-EU,LUXEMBOURG,MANCHESTER,LUXEMBOURG,1950,1950,0,2477,2477,0,-21.275737
17/12/2019 16:42,201909,WESTERN EUROPE-EU,MALTA,GATWICK,MALTA,40048,36860,3188,41250,38520,2730,-2.913939
17/12/2019 16:42,201909,WESTERN EUROPE-EU,MALTA,HEATHROW,MALTA,20106,20106,0,18970,18970,0,5.988403
17/12/2019 16:42,201909,WESTERN EUROPE-EU,MALTA,LUTON,MALTA,12228,12228,0,12069,12069,0,1.317425
17/12/2019 16:42,201909,WESTERN EUROPE-EU,MALTA,SOUTHEND,MALTA,7967,7967,0,8007,8007,0,-0.499563
17/12/2019 16:42,201909,WESTERN EUROPE-EU,MALTA,STANSTED,MALTA,12250,12250,0,12578,12578,0,-2.607728
17/12/2019 16:42,201909,WESTERN EUROPE-EU,MALTA,ABERDEEN,MALTA,3140,3140,0,2964,2964,0,5.937922
17/12/2019 16:42,201909,WESTERN EUROPE-EU,MALTA,BELFAST INTERNATIONAL,MALTA,3832,3832,0,4027,4027,0,-4.842314
17/12/2019 16:42,201909,WESTERN EUROPE-EU,MALTA,BIRMINGHAM,MALTA,9670,8091,1579,10408,9054,1354,-7.090699
17/12/2019 16:42,201909,WESTERN EUROPE-EU,MALTA,BOURNEMOUTH,MALTA,3299,3299,0,3202,3202,0,3.029357
17/12/2019 16:42,201909,WESTERN EUROPE-EU,MALTA,BRISTOL,MALTA,7176,7176,0,7328,7328,0,-2.074236
17/12/2019 16:42,201909,WESTERN EUROPE-EU,MALTA,CARDIFF WALES,MALTA,3065,3065,0,0,0,0,0
17/12/2019 16:42,201909,WESTERN EUROPE-EU,MALTA,EAST MIDLANDS INTERNATIONAL,MALTA,6041,6041,0,5581,5581,0,8.24225
17/12/2019 16:42,201909,WESTERN EUROPE-EU,MALTA,EDINBURGH,MALTA,5738,5738,0,6486,6486,0,-11.532532
17/12/2019 16:42,201909,WESTERN EUROPE-EU,MALTA,EXETER,MALTA,2652,2652,0,0,0,0,0
17/12/2019 16:42,201909,WESTERN EUROPE-EU,MALTA,GLASGOW,MALTA,3216,3216,0,2915,2915,0,10.325901
17/12/2019 16:42,201909,WESTERN EUROPE-EU,MALTA,LEEDS BRADFORD,MALTA,6088,6088,0,5987,5987,0,1.686988
17/12/2019 16:42,201909,WESTERN EUROPE-EU,MALTA,LIVERPOOL (JOHN LENNON),MALTA,2883,2883,0,2857,2857,0,0.910046
17/12/2019 16:42,201909,WESTERN EUROPE-EU,MALTA,MANCHESTER,MALTA,24135,20852,3283,23961,21321,2640,0.72618
17/12/2019 16:42,201909,WESTERN EUROPE-EU,MALTA,NEWCASTLE,MALTA,4183,4183,0,4528,4528,0,-7.619258
17/12/2019 16:42,201909,WESTERN EUROPE-EU,MALTA,PRESTWICK,MALTA,0,0,0,1409,1409,0,-100
17/12/2019 16:42,201909,WESTERN EUROPE-EU,NETHERLANDS,GATWICK,AMSTERDAM,82529,82529,0,86830,86830,0,-4.953357
17/12/2019 16:42,201909,WESTERN EUROPE-EU,NETHERLANDS,HEATHROW,AMSTERDAM,135743,135743,0,137925,137925,0,-1.582019
17/12/2019 16:42,201909,WESTERN EUROPE-EU,NETHERLANDS,LONDON CITY,AMSTERDAM,60042,60042,0,55791,55791,0,7.619509
17/12/2019 16:42,201909,WESTERN EUROPE-EU,NETHERLANDS,LONDON CITY,ROTTERDAM,14730,14730,0,14372,14372,0,2.490955
17/12/2019 16:42,201909,WESTERN EUROPE-EU,NETHERLANDS,LUTON,AMSTERDAM,67725,67725,0,64680,64680,0,4.707792
17/12/2019 16:42,201909,WESTERN EUROPE-EU,NETHERLANDS,SOUTHEND,AMSTERDAM,14362,14362,0,13899,13899,0,3.331175
17/12/2019 16:42,201909,WESTERN EUROPE-EU,NETHERLANDS,SOUTHEND,GRONINGEN,3119,3119,0,4170,4170,0,-25.203837
17/12/2019 16:42,201909,WESTERN EUROPE-EU,NETHERLANDS,STANSTED,AMSTERDAM,27932,27932,0,28529,28529,0,-2.092608
17/12/2019 16:42,201909,WESTERN EUROPE-EU,NETHERLANDS,STANSTED,EINDHOVEN,27332,27332,0,18943,18943,0,44.285488
17/12/2019 16:42,201909,WESTERN EUROPE-EU,NETHERLANDS,ABERDEEN,AMSTERDAM,29086,29086,0,26617,26617,0,9.276027
17/12/2019 16:42,201909,WESTERN EUROPE-EU,NETHERLANDS,BELFAST CITY (GEORGE BEST),AMSTERDAM,4663,4663,0,4634,4634,0,0.625809
17/12/2019 16:42,201909,WESTERN EUROPE-EU,NETHERLANDS,BELFAST INTERNATIONAL,AMSTERDAM,12369,12369,0,11150,11150,0,10.932735
17/12/2019 16:42,201909,WESTERN EUROPE-EU,NETHERLANDS,BIRMINGHAM,AMSTERDAM,57702,57702,0,59622,59622,0,-3.220288
17/12/2019 16:42,201909,WESTERN EUROPE-EU,NETHERLANDS,BIRMINGHAM,EINDHOVEN,59,0,59,0,0,0,0
17/12/2019 16:42,201909,WESTERN EUROPE-EU,NETHERLANDS,BIRMINGHAM,GRONINGEN,0,0,0,241,0,241,-100
17/12/2019 16:42,201909,WESTERN EUROPE-EU,NETHERLANDS,BRISTOL,AMSTERDAM,39435,39435,0,36905,36905,0,6.85544
17/12/2019 16:42,201909,WESTERN EUROPE-EU,NETHERLANDS,CARDIFF WALES,AMSTERDAM,13982,13982,0,12093,12093,0,15.620607
17/12/2019 16:42,201909,WESTERN EUROPE-EU,NETHERLANDS,DONCASTER SHEFFIELD,AMSTERDAM,5092,5092,0,5025,5025,0,1.333333
17/12/2019 16:42,201909,WESTERN EUROPE-EU,NETHERLANDS,DURHAM TEES VALLEY,AMSTERDAM,11291,11291,0,10297,10297,0,9.653297
17/12/2019 16:42,201909,WESTERN EUROPE-EU,NETHERLANDS,EAST MIDLANDS INTERNATIONAL,AMSTERDAM,4291,4291,0,4070,4070,0,5.429975
17/12/2019 16:42,201909,WESTERN EUROPE-EU,NETHERLANDS,EDINBURGH,AMSTERDAM,61493,61136,357,59058,59058,0,4.123065
17/12/2019 16:42,201909,WESTERN EUROPE-EU,NETHERLANDS,EDINBURGH,EINDHOVEN,4715,4715,0,4355,4355,0,8.266361
17/12/2019 16:42,201909,WESTERN EUROPE-EU,NETHERLANDS,EXETER,AMSTERDAM,4934,4934,0,4255,4150,105,15.957697
17/12/2019 16:42,201909,WESTERN EUROPE-EU,NETHERLANDS,GLASGOW,AMSTERDAM,37750,37750,0,37500,37500,0,0.666667
17/12/2019 16:42,201909,WESTERN EUROPE-EU,NETHERLANDS,GLASGOW,ROTTERDAM,360,0,360,0,0,0,0
17/12/2019 16:42,201909,WESTERN EUROPE-EU,NETHERLANDS,GUERNSEY,ROTTERDAM,224,0,224,220,0,220,1.818182
17/12/2019 16:42,201909,WESTERN EUROPE-EU,NETHERLANDS,HUMBERSIDE,AMSTERDAM,11633,11633,0,11288,11288,0,3.056343
17/12/2019 16:42,201909,WESTERN EUROPE-EU,NETHERLANDS,INVERNESS,AMSTERDAM,11160,11160,0,7342,7342,0,52.002179
17/12/2019 16:42,201909,WESTERN EUROPE-EU,NETHERLANDS,INVERNESS,ROTTERDAM,98,0,98,0,0,0,0
17/12/2019 16:42,201909,WESTERN EUROPE-EU,NETHERLANDS,JERSEY,ROTTERDAM,32,0,32,113,0,113,-71.681416
17/12/2019 16:42,201909,WESTERN EUROPE-EU,NETHERLANDS,LEEDS BRADFORD,AMSTERDAM,22609,22609,0,21419,21419,0,5.555815
17/12/2019 16:42,201909,WESTERN EUROPE-EU,NETHERLANDS,LIVERPOOL (JOHN LENNON),AMSTERDAM,17683,17683,0,18104,18104,0,-2.325453
17/12/2019 16:42,201909,WESTERN EUROPE-EU,NETHERLANDS,MANCHESTER,AMSTERDAM,85756,85756,0,83204,83204,0,3.06716
17/12/2019 16:42,201909,WESTERN EUROPE-EU,NETHERLANDS,MANCHESTER,EINDHOVEN,5926,5926,0,5629,5629,0,5.276248
17/12/2019 16:42,201909,WESTERN EUROPE-EU,NETHERLANDS,NEWCASTLE,AMSTERDAM,29828,29828,0,29753,29753,0,0.252075
17/12/2019 16:42,201909,WESTERN EUROPE-EU,NETHERLANDS,NORWICH,AMSTERDAM,15897,15897,0,13611,13611,0,16.795239
17/12/2019 16:42,201909,WESTERN EUROPE-EU,NETHERLANDS,SOUTHAMPTON,AMSTERDAM,14019,14019,0,20161,20161,0,-30.464759
17/12/2019 16:42,201909,WESTERN EUROPE-EU,PORTUGAL(EXCLUDING MADEIRA),GATWICK,AZORES PONTA DELGADA,524,524,0,941,941,0,-44.314559
17/12/2019 16:42,201909,WESTERN EUROPE-EU,PORTUGAL(EXCLUDING MADEIRA),GATWICK,FARO,82847,78190,4657,88154,81703,6451,-6.020147
17/12/2019 16:42,201909,WESTERN EUROPE-EU,PORTUGAL(EXCLUDING MADEIRA),GATWICK,LISBON,33787,33787,0,31021,31021,0,8.91654
17/12/2019 16:42,201909,WESTERN EUROPE-EU,PORTUGAL(EXCLUDING MADEIRA),GATWICK,OPORTO (PORTUGAL),36093,36093,0,36411,36411,0,-0.873362
17/12/2019 16:42,201909,WESTERN EUROPE-EU,PORTUGAL(EXCLUDING MADEIRA),HEATHROW,FARO,10766,10766,0,4689,4689,0,129.601194
17/12/2019 16:42,201909,WESTERN EUROPE-EU,PORTUGAL(EXCLUDING MADEIRA),HEATHROW,LISBON,82573,82573,0,78390,78390,0,5.33614
17/12/2019 16:42,201909,WESTERN EUROPE-EU,PORTUGAL(EXCLUDING MADEIRA),LONDON CITY,FARO,929,929,0,775,775,0,19.870968
17/12/2019 16:42,201909,WESTERN EUROPE-EU,PORTUGAL(EXCLUDING MADEIRA),LONDON CITY,LISBON,7866,7866,0,8003,8003,0,-1.711858
17/12/2019 16:42,201909,WESTERN EUROPE-EU,PORTUGAL(EXCLUDING MADEIRA),LONDON CITY,OPORTO (PORTUGAL),3752,3752,0,3517,3517,0,6.681831
17/12/2019 16:42,201909,WESTERN EUROPE-EU,PORTUGAL(EXCLUDING MADEIRA),LUTON,FARO,33735,33220,515,35915,32597,3318,-6.069887
17/12/2019 16:42,201909,WESTERN EUROPE-EU,PORTUGAL(EXCLUDING MADEIRA),LUTON,LISBON,39041,39041,0,26462,26462,0,47.536089
17/12/2019 16:42,201909,WESTERN EUROPE-EU,PORTUGAL(EXCLUDING MADEIRA),LUTON,OPORTO (PORTUGAL),10865,10865,0,5335,5335,0,103.655108
17/12/2019 16:42,201909,WESTERN EUROPE-EU,PORTUGAL(EXCLUDING MADEIRA),SOUTHEND,FARO,20221,20221,0,13148,13148,0,53.795254
17/12/2019 16:42,201909,WESTERN EUROPE-EU,PORTUGAL(EXCLUDING MADEIRA),STANSTED,AZORES PONTA DELGADA,1432,1432,0,1822,1822,0,-21.405049
17/12/2019 16:42,201909,WESTERN EUROPE-EU,PORTUGAL(EXCLUDING MADEIRA),STANSTED,FARO,55410,52324,3086,50294,47095,3199,10.172188
17/12/2019 16:42,201909,WESTERN EUROPE-EU,PORTUGAL(EXCLUDING MADEIRA),STANSTED,LISBON,41791,41791,0,31898,31898,0,31.014484
17/12/2019 16:42,201909,WESTERN EUROPE-EU,PORTUGAL(EXCLUDING MADEIRA),STANSTED,OPORTO (PORTUGAL),29410,29410,0,28319,28319,0,3.852537
17/12/2019 16:42,201909,WESTERN EUROPE-EU,PORTUGAL(EXCLUDING MADEIRA),ABERDEEN,FARO,2888,2888,0,3158,3158,0,-8.549715
17/12/2019 16:42,201909,WESTERN EUROPE-EU,PORTUGAL(EXCLUDING MADEIRA),BELFAST CITY (GEORGE BEST),FARO,3516,3516,0,7828,7828,0,-55.084313
17/12/2019 16:42,201909,WESTERN EUROPE-EU,PORTUGAL(EXCLUDING MADEIRA),BELFAST INTERNATIONAL,FARO,28787,28787,0,24778,24778,0,16.179676
17/12/2019 16:42,201909,WESTERN EUROPE-EU,PORTUGAL(EXCLUDING MADEIRA),BIGGIN HILL,FARO,0,0,0,10,0,10,-100
17/12/2019 16:42,201909,WESTERN EUROPE-EU,PORTUGAL(EXCLUDING MADEIRA),BIRMINGHAM,FARO,35635,32037,3598,34471,29635,4836,3.376751
17/12/2019 16:42,201909,WESTERN EUROPE-EU,PORTUGAL(EXCLUDING MADEIRA),BIRMINGHAM,OPORTO (PORTUGAL),3395,3139,256,3159,3159,0,7.470719
17/12/2019 16:42,201909,WESTERN EUROPE-EU,PORTUGAL(EXCLUDING MADEIRA),BOURNEMOUTH,FARO,6456,6456,0,5946,5946,0,8.577195
17/12/2019 16:42,201909,WESTERN EUROPE-EU,PORTUGAL(EXCLUDING MADEIRA),BRISTOL,FARO,34980,33152,1828,34736,32926,1810,0.702441
17/12/2019 16:42,201909,WESTERN EUROPE-EU,PORTUGAL(EXCLUDING MADEIRA),BRISTOL,LISBON,7172,7172,0,6840,6840,0,4.853801
17/12/2019 16:42,201909,WESTERN EUROPE-EU,PORTUGAL(EXCLUDING MADEIRA),BRISTOL,OPORTO (PORTUGAL),3992,3992,0,3799,3799,0,5.080284
17/12/2019 16:42,201909,WESTERN EUROPE-EU,PORTUGAL(EXCLUDING MADEIRA),CARDIFF WALES,FARO,6625,5206,1419,8935,7368,1567,-25.853386
17/12/2019 16:42,201909,WESTERN EUROPE-EU,PORTUGAL(EXCLUDING MADEIRA),DONCASTER SHEFFIELD,FARO,3203,1325,1878,5438,2145,3293,-41.099669
17/12/2019 16:42,201909,WESTERN EUROPE-EU,PORTUGAL(EXCLUDING MADEIRA),EAST MIDLANDS INTERNATIONAL,FARO,35220,33367,1853,33117,33117,0,6.350213
17/12/2019 16:42,201909,WESTERN EUROPE-EU,PORTUGAL(EXCLUDING MADEIRA),EDINBURGH,FARO,16615,16615,0,15370,15370,0,8.100195
17/12/2019 16:42,201909,WESTERN EUROPE-EU,PORTUGAL(EXCLUDING MADEIRA),EDINBURGH,LISBON,7181,7181,0,4450,4450,0,61.370787
17/12/2019 16:42,201909,WESTERN EUROPE-EU,PORTUGAL(EXCLUDING MADEIRA),EDINBURGH,OPORTO (PORTUGAL),2838,2838,0,3178,3178,0,-10.698553
17/12/2019 16:42,201909,WESTERN EUROPE-EU,PORTUGAL(EXCLUDING MADEIRA),EXETER,FARO,3109,1717,1392,3356,1959,1397,-7.359952
17/12/2019 16:42,201909,WESTERN EUROPE-EU,PORTUGAL(EXCLUDING MADEIRA),GLASGOW,FARO,12874,12874,0,14353,13435,918,-10.304466
17/12/2019 16:42,201909,WESTERN EUROPE-EU,PORTUGAL(EXCLUDING MADEIRA),GLASGOW,LISBON,0,0,0,1566,1566,0,-100
17/12/2019 16:42,201909,WESTERN EUROPE-EU,PORTUGAL(EXCLUDING MADEIRA),LEEDS BRADFORD,FARO,26753,26753,0,26079,26079,0,2.584455
17/12/2019 16:42,201909,WESTERN EUROPE-EU,PORTUGAL(EXCLUDING MADEIRA),LIVERPOOL (JOHN LENNON),FARO,22761,22761,0,23426,23426,0,-2.838726
17/12/2019 16:42,201909,WESTERN EUROPE-EU,PORTUGAL(EXCLUDING MADEIRA),LIVERPOOL (JOHN LENNON),LISBON,0,0,0,5564,5564,0,-100
17/12/2019 16:42,201909,WESTERN EUROPE-EU,PORTUGAL(EXCLUDING MADEIRA),LIVERPOOL (JOHN LENNON),OPORTO (PORTUGAL),2767,2767,0,2839,2839,0,-2.536104
17/12/2019 16:42,201909,WESTERN EUROPE-EU,PORTUGAL(EXCLUDING MADEIRA),MANCHESTER,AZORES PONTA DELGADA,1298,1298,0,1288,1288,0,0.776398
17/12/2019 16:42,201909,WESTERN EUROPE-EU,PORTUGAL(EXCLUDING MADEIRA),MANCHESTER,FARO,68521,64996,3525,58115,52578,5537,17.905876
17/12/2019 16:42,201909,WESTERN EUROPE-EU,PORTUGAL(EXCLUDING MADEIRA),MANCHESTER,LISBON,31506,31506,0,22920,22920,0,37.460733
17/12/2019 16:42,201909,WESTERN EUROPE-EU,PORTUGAL(EXCLUDING MADEIRA),MANCHESTER,OPORTO (PORTUGAL),8761,8761,0,8927,8927,0,-1.859527
17/12/2019 16:42,201909,WESTERN EUROPE-EU,PORTUGAL(EXCLUDING MADEIRA),NEWCASTLE,FARO,24555,24555,0,23294,23294,0,5.413411
17/12/2019 16:42,201909,WESTERN EUROPE-EU,PORTUGAL(EXCLUDING MADEIRA),NEWQUAY,FARO,2911,2911,0,3175,3175,0,-8.314961
17/12/2019 16:42,201909,WESTERN EUROPE-EU,PORTUGAL(EXCLUDING MADEIRA),PRESTWICK,FARO,8015,8015,0,7733,7733,0,3.646709
17/12/2019 16:42,201909,WESTERN EUROPE-EU,PORTUGAL(EXCLUDING MADEIRA),SOUTHAMPTON,FARO,2583,2583,0,2997,2997,0,-13.813814
17/12/2019 16:42,201909,WESTERN EUROPE-EU,PORTUGAL(MADEIRA),GATWICK,FUNCHAL,21855,18227,3628,24502,21502,3000,-10.8032
17/12/2019 16:42,201909,WESTERN EUROPE-EU,PORTUGAL(MADEIRA),GATWICK,PORTO SANTO,1883,0,1883,1482,0,1482,27.05803
17/12/2019 16:42,201909,WESTERN EUROPE-EU,PORTUGAL(MADEIRA),LUTON,FUNCHAL,192,0,192,1468,0,1468,-86.920981
17/12/2019 16:42,201909,WESTERN EUROPE-EU,PORTUGAL(MADEIRA),STANSTED,FUNCHAL,6673,6673,0,4664,4664,0,43.074614
17/12/2019 16:42,201909,WESTERN EUROPE-EU,PORTUGAL(MADEIRA),BELFAST INTERNATIONAL,FUNCHAL,1406,1406,0,1459,1459,0,-3.632625
17/12/2019 16:42,201909,WESTERN EUROPE-EU,PORTUGAL(MADEIRA),BIRMINGHAM,FUNCHAL,1834,1834,0,3187,1460,1727,-42.453718
17/12/2019 16:42,201909,WESTERN EUROPE-EU,PORTUGAL(MADEIRA),BIRMINGHAM,PORTO SANTO,220,0,220,1233,0,1233,-82.15734
17/12/2019 16:42,201909,WESTERN EUROPE-EU,PORTUGAL(MADEIRA),BRISTOL,FUNCHAL,3202,3202,0,2871,2871,0,11.529084
17/12/2019 16:42,201909,WESTERN EUROPE-EU,PORTUGAL(MADEIRA),EAST MIDLANDS INTERNATIONAL,FUNCHAL,3707,1844,1863,2836,1365,1471,30.712271
17/12/2019 16:42,201909,WESTERN EUROPE-EU,PORTUGAL(MADEIRA),EDINBURGH,FUNCHAL,1843,1843,0,1459,1459,0,26.319397
17/12/2019 16:42,201909,WESTERN EUROPE-EU,PORTUGAL(MADEIRA),GLASGOW,FUNCHAL,1829,1829,0,1463,1463,0,25.017088
17/12/2019 16:42,201909,WESTERN EUROPE-EU,PORTUGAL(MADEIRA),JERSEY,FUNCHAL,1287,0,1287,0,0,0,0
17/12/2019 16:42,201909,WESTERN EUROPE-EU,PORTUGAL(MADEIRA),LEEDS BRADFORD,FUNCHAL,1843,1843,0,1414,1414,0,30.339463
17/12/2019 16:42,201909,WESTERN EUROPE-EU,PORTUGAL(MADEIRA),MANCHESTER,FUNCHAL,9428,6651,2777,12423,9520,2903,-24.108508
17/12/2019 16:42,201909,WESTERN EUROPE-EU,PORTUGAL(MADEIRA),MANCHESTER,PORTO SANTO,1613,0,1613,1333,0,1333,21.005251
17/12/2019 16:42,201909,WESTERN EUROPE-EU,PORTUGAL(MADEIRA),NEWCASTLE,FUNCHAL,1817,1817,0,1451,1451,0,25.223983
17/12/2019 16:42,201909,WESTERN EUROPE-EU,SLOVENIA,GATWICK,LJUBLJANA,5623,5623,0,5284,5284,0,6.415594
17/12/2019 16:42,201909,WESTERN EUROPE-EU,SLOVENIA,HEATHROW,LJUBLJANA,290,290,0,0,0,0,0
17/12/2019 16:42,201909,WESTERN EUROPE-EU,SLOVENIA,LUTON,LJUBLJANA,5223,5223,0,6653,6653,0,-21.494063
17/12/2019 16:42,201909,WESTERN EUROPE-EU,SLOVENIA,STANSTED,LJUBLJANA,13032,13032,0,11546,11546,0,12.870258
17/12/2019 16:42,201909,WESTERN EUROPE-EU,SLOVENIA,MANCHESTER,LJUBLJANA,464,464,0,454,454,0,2.202643
17/12/2019 16:42,201909,WESTERN EUROPE-EU,SPAIN,GATWICK,ALICANTE,96426,92614,3812,90818,84029,6789,6.174987
17/12/2019 16:42,201909,WESTERN EUROPE-EU,SPAIN,GATWICK,ALMERIA,18074,16376,1698,14951,13480,1471,20.888235
17/12/2019 16:42,201909,WESTERN EUROPE-EU,SPAIN,GATWICK,ASTURIAS,3946,3946,0,3190,3190,0,23.69906
17/12/2019 16:42,201909,WESTERN EUROPE-EU,SPAIN,GATWICK,BARCELONA,145814,145814,0,149304,149304,0,-2.337513
17/12/2019 16:42,201909,WESTERN EUROPE-EU,SPAIN,GATWICK,BILBAO,22491,22491,0,9284,9284,0,142.255493
17/12/2019 16:42,201909,WESTERN EUROPE-EU,SPAIN,GATWICK,GIRONA,2609,0,2609,2844,0,2844,-8.26301
17/12/2019 16:42,201909,WESTERN EUROPE-EU,SPAIN,GATWICK,GRANADA,3894,3894,0,4482,4482,0,-13.119143
17/12/2019 16:42,201909,WESTERN EUROPE-EU,SPAIN,GATWICK,IBIZA,49704,40730,8974,57660,45777,11883,-13.798127
17/12/2019 16:42,201909,WESTERN EUROPE-EU,SPAIN,GATWICK,JEREZ,4994,3496,1498,1369,0,1369,264.791819
17/12/2019 16:42,201909,WESTERN EUROPE-EU,SPAIN,GATWICK,MADRID,91948,91948,0,82020,82020,0,12.104365
17/12/2019 16:42,201909,WESTERN EUROPE-EU,SPAIN,GATWICK,MAHON,37902,29611,8291,44761,31383,13378,-15.323608
17/12/2019 16:42,201909,WESTERN EUROPE-EU,SPAIN,GATWICK,MALAGA,114909,110443,4466,118089,109250,8839,-2.692884
17/12/2019 16:42,201909,WESTERN EUROPE-EU,SPAIN,GATWICK,MURCIA INTERNATIONAL,19323,19323,0,0,0,0,0
17/12/2019 16:42,201909,WESTERN EUROPE-EU,SPAIN,GATWICK,MURCIA SAN JAVIER,0,0,0,19562,19562,0,-100
17/12/2019 16:42,201909,WESTERN EUROPE-EU,SPAIN,GATWICK,PALMA DE MALLORCA,96904,81543,15361,111549,87233,24316,-13.12876
17/12/2019 16:42,201909,WESTERN EUROPE-EU,SPAIN,GATWICK,REUS,7090,2802,4288,7785,3243,4542,-8.927425
17/12/2019 16:42,201909,WESTERN EUROPE-EU,SPAIN,GATWICK,SANTIAGO DE COMPOSTELA (SPAIN),2110,2110,0,4319,4319,0,-51.146099
17/12/2019 16:42,201909,WESTERN EUROPE-EU,SPAIN,GATWICK,SEVILLE,19772,19037,735,18576,18576,0,6.438415
17/12/2019 16:42,201909,WESTERN EUROPE-EU,SPAIN,GATWICK,VALENCIA,25300,25252,48,35564,35564,0,-28.860646
17/12/2019 16:42,201909,WESTERN EUROPE-EU,SPAIN,HEATHROW,A CORUNA,9259,9259,0,9571,9571,0,-3.259847
17/12/2019 16:42,201909,WESTERN EUROPE-EU,SPAIN,HEATHROW,ALMERIA,0,0,0,2743,2743,0,-100
17/12/2019 16:42,201909,WESTERN EUROPE-EU,SPAIN,HEATHROW,ASTURIAS,0,0,0,2661,2661,0,-100
17/12/2019 16:42,201909,WESTERN EUROPE-EU,SPAIN,HEATHROW,BARCELONA,60837,60837,0,64911,64911,0,-6.276286
17/12/2019 16:42,201909,WESTERN EUROPE-EU,SPAIN,HEATHROW,BILBAO,0,0,0,16875,16875,0,-100
17/12/2019 16:42,201909,WESTERN EUROPE-EU,SPAIN,HEATHROW,IBIZA,12183,12183,0,5688,5688,0,114.187764
17/12/2019 16:42,201909,WESTERN EUROPE-EU,SPAIN,HEATHROW,MADRID,123155,123155,0,124323,124323,0,-0.939488
17/12/2019 16:42,201909,WESTERN EUROPE-EU,SPAIN,HEATHROW,MAHON,0,0,0,2417,2417,0,-100
17/12/2019 16:42,201909,WESTERN EUROPE-EU,SPAIN,HEATHROW,MALAGA,12253,12253,0,11465,11465,0,6.873092
17/12/2019 16:42,201909,WESTERN EUROPE-EU,SPAIN,HEATHROW,MURCIA SAN JAVIER,0,0,0,2588,2588,0,-100
17/12/2019 16:42,201909,WESTERN EUROPE-EU,SPAIN,HEATHROW,PALMA DE MALLORCA,20250,20250,0,16598,16598,0,22.002651
17/12/2019 16:42,201909,WESTERN EUROPE-EU,SPAIN,HEATHROW,VALENCIA,11005,11005,0,0,0,0,0
17/12/2019 16:42,201909,WESTERN EUROPE-EU,SPAIN,LONDON CITY,GRANADA,2400,2400,0,2238,2238,0,7.238606
17/12/2019 16:42,201909,WESTERN EUROPE-EU,SPAIN,LONDON CITY,IBIZA,10941,10941,0,9062,9062,0,20.734937
17/12/2019 16:42,201909,WESTERN EUROPE-EU,SPAIN,LONDON CITY,MAHON,223,223,0,181,181,0,23.20442
17/12/2019 16:42,201909,WESTERN EUROPE-EU,SPAIN,LONDON CITY,MALAGA,6749,6749,0,5994,5994,0,12.595929
17/12/2019 16:42,201909,WESTERN EUROPE-EU,SPAIN,LONDON CITY,PALMA DE MALLORCA,4972,4972,0,4638,4638,0,7.20138
17/12/2019 16:42,201909,WESTERN EUROPE-EU,SPAIN,LUTON,ALICANTE,32378,32378,0,20207,20207,0,60.231603
17/12/2019 16:42,201909,WESTERN EUROPE-EU,SPAIN,LUTON,ALMERIA,0,0,0,123,0,123,-100
17/12/2019 16:42,201909,WESTERN EUROPE-EU,SPAIN,LUTON,BARCELONA,40253,40253,0,28876,28876,0,39.399501
17/12/2019 16:42,201909,WESTERN EUROPE-EU,SPAIN,LUTON,GIRONA,4401,4401,0,3667,3667,0,20.016362
17/12/2019 16:42,201909,WESTERN EUROPE-EU,SPAIN,LUTON,IBIZA,14818,12742,2076,16077,12378,3699,-7.831063
17/12/2019 16:42,201909,WESTERN EUROPE-EU,SPAIN,LUTON,MADRID,12452,12452,0,12229,12229,0,1.823534
17/12/2019 16:42,201909,WESTERN EUROPE-EU,SPAIN,LUTON,MAHON,4719,4528,191,7689,4501,3188,-38.626609
17/12/2019 16:42,201909,WESTERN EUROPE-EU,SPAIN,LUTON,MALAGA,40920,40287,633,33627,30080,3547,21.687929
17/12/2019 16:42,201909,WESTERN EUROPE-EU,SPAIN,LUTON,MURCIA INTERNATIONAL,10178,10178,0,0,0,0,0
17/12/2019 16:42,201909,WESTERN EUROPE-EU,SPAIN,LUTON,MURCIA SAN JAVIER,0,0,0,10719,10719,0,-100
17/12/2019 16:42,201909,WESTERN EUROPE-EU,SPAIN,LUTON,PALMA DE MALLORCA,29470,25731,3739,33351,25493,7858,-11.636832
17/12/2019 16:42,201909,WESTERN EUROPE-EU,SPAIN,LUTON,REUS,2650,2457,193,3894,2481,1413,-31.946584
17/12/2019 16:42,201909,WESTERN EUROPE-EU,SPAIN,LUTON,SEVILLE,4337,4337,0,3861,3861,0,12.328412
17/12/2019 16:42,201909,WESTERN EUROPE-EU,SPAIN,LUTON,VALENCIA,3759,3759,0,3740,3740,0,0.508021
17/12/2019 16:42,201909,WESTERN EUROPE-EU,SPAIN,LUTON,VIGO,0,0,0,818,818,0,-100
17/12/2019 16:42,201909,WESTERN EUROPE-EU,SPAIN,SOUTHEND,ALICANTE,21350,21350,0,12381,12381,0,72.441644
17/12/2019 16:42,201909,WESTERN EUROPE-EU,SPAIN,SOUTHEND,BARCELONA,5409,5409,0,4978,4978,0,8.658096
17/12/2019 16:42,201909,WESTERN EUROPE-EU,SPAIN,SOUTHEND,BILBAO,4773,4773,0,0,0,0,0
17/12/2019 16:42,201909,WESTERN EUROPE-EU,SPAIN,SOUTHEND,GIRONA,0,0,0,4,4,0,-100
17/12/2019 16:42,201909,WESTERN EUROPE-EU,SPAIN,SOUTHEND,IBIZA,3956,3956,0,3607,3607,0,9.675631
17/12/2019 16:42,201909,WESTERN EUROPE-EU,SPAIN,SOUTHEND,MAHON,3104,3104,0,2652,2652,0,17.043741
17/12/2019 16:42,201909,WESTERN EUROPE-EU,SPAIN,SOUTHEND,MALAGA,17442,17442,0,9234,9234,0,88.888889
17/12/2019 16:42,201909,WESTERN EUROPE-EU,SPAIN,SOUTHEND,MURCIA INTERNATIONAL,2320,2320,0,0,0,0,0
17/12/2019 16:42,201909,WESTERN EUROPE-EU,SPAIN,SOUTHEND,MURCIA SAN JAVIER,0,0,0,2492,2492,0,-100
17/12/2019 16:42,201909,WESTERN EUROPE-EU,SPAIN,SOUTHEND,PALMA DE MALLORCA,20876,20876,0,9797,9797,0,113.085638
17/12/2019 16:42,201909,WESTERN EUROPE-EU,SPAIN,SOUTHEND,REUS,3005,3005,0,0,0,0,0
17/12/2019 16:42,201909,WESTERN EUROPE-EU,SPAIN,STANSTED,ALICANTE,42142,42142,0,46167,46167,0,-8.718349
17/12/2019 16:42,201909,WESTERN EUROPE-EU,SPAIN,STANSTED,ALMERIA,6348,6348,0,6159,6159,0,3.06868
17/12/2019 16:42,201909,WESTERN EUROPE-EU,SPAIN,STANSTED,ASTURIAS,0,0,0,5023,5023,0,-100
17/12/2019 16:42,201909,WESTERN EUROPE-EU,SPAIN,STANSTED,BARCELONA,41860,41860,0,42009,42009,0,-0.354686
17/12/2019 16:42,201909,WESTERN EUROPE-EU,SPAIN,STANSTED,BILBAO,14125,14125,0,13170,13170,0,7.251329
17/12/2019 16:42,201909,WESTERN EUROPE-EU,SPAIN,STANSTED,CASTELLON COSTA AZAHAR,2805,2805,0,3194,3194,0,-12.179086
17/12/2019 16:42,201909,WESTERN EUROPE-EU,SPAIN,STANSTED,CASTELLON DE LA PLANA AIRPORT,1426,1426,0,1407,1407,0,1.350391
17/12/2019 16:42,201909,WESTERN EUROPE-EU,SPAIN,STANSTED,GIRONA,13027,13027,0,13096,13096,0,-0.526878
17/12/2019 16:42,201909,WESTERN EUROPE-EU,SPAIN,STANSTED,IBIZA,45256,42553,2703,46364,43248,3116,-2.389785
17/12/2019 16:42,201909,WESTERN EUROPE-EU,SPAIN,STANSTED,JEREZ,6195,6195,0,5960,5960,0,3.942953
17/12/2019 16:42,201909,WESTERN EUROPE-EU,SPAIN,STANSTED,MADRID,38258,38258,0,41337,41337,0,-7.448533
17/12/2019 16:42,201909,WESTERN EUROPE-EU,SPAIN,STANSTED,MAHON,14079,10953,3126,14532,11652,2880,-3.117258
17/12/2019 16:42,201909,WESTERN EUROPE-EU,SPAIN,STANSTED,MALAGA,51863,51863,0,56243,56243,0,-7.787636
17/12/2019 16:42,201909,WESTERN EUROPE-EU,SPAIN,STANSTED,MURCIA INTERNATIONAL,15813,14936,877,0,0,0,0
17/12/2019 16:42,201909,WESTERN EUROPE-EU,SPAIN,STANSTED,MURCIA SAN JAVIER,0,0,0,14936,14936,0,-100
17/12/2019 16:42,201909,WESTERN EUROPE-EU,SPAIN,STANSTED,PALMA DE MALLORCA,65172,60751,4421,65329,61999,3330,-0.240322
17/12/2019 16:42,201909,WESTERN EUROPE-EU,SPAIN,STANSTED,REUS,10792,10792,0,11856,11856,0,-8.974359
17/12/2019 16:42,201909,WESTERN EUROPE-EU,SPAIN,STANSTED,SANTANDER,7429,7429,0,6718,6718,0,10.583507
17/12/2019 16:42,201909,WESTERN EUROPE-EU,SPAIN,STANSTED,SANTIAGO DE COMPOSTELA (SPAIN),12696,12696,0,7139,7139,0,77.840034
17/12/2019 16:42,201909,WESTERN EUROPE-EU,SPAIN,STANSTED,SEVILLE,13836,13836,0,10823,10823,0,27.838862
17/12/2019 16:42,201909,WESTERN EUROPE-EU,SPAIN,STANSTED,VALENCIA,14719,14719,0,11795,11795,0,24.790165
17/12/2019 16:42,201909,WESTERN EUROPE-EU,SPAIN,STANSTED,ZARAGOZA,7313,7313,0,7507,7507,0,-2.584255
17/12/2019 16:42,201909,WESTERN EUROPE-EU,SPAIN,ABERDEEN,ALICANTE,3236,3236,0,3273,3273,0,-1.130461
17/12/2019 16:42,201909,WESTERN EUROPE-EU,SPAIN,ABERDEEN,IBIZA,1308,0,1308,1380,0,1380,-5.217391
17/12/2019 16:42,201909,WESTERN EUROPE-EU,SPAIN,ABERDEEN,MALAGA,3271,3271,0,3217,3217,0,1.678583
17/12/2019 16:42,201909,WESTERN EUROPE-EU,SPAIN,ABERDEEN,PALMA DE MALLORCA,4967,0,4967,4648,0,4648,6.863167
17/12/2019 16:42,201909,WESTERN EUROPE-EU,SPAIN,ABERDEEN,REUS,1916,0,1916,1889,0,1889,1.429328
17/12/2019 16:42,201909,WESTERN EUROPE-EU,SPAIN,BELFAST CITY (GEORGE BEST),MALAGA,3463,3463,0,7991,7991,0,-56.663747
17/12/2019 16:42,201909,WESTERN EUROPE-EU,SPAIN,BELFAST INTERNATIONAL,ALICANTE,29133,29097,36,28437,28437,0,2.447516
17/12/2019 16:42,201909,WESTERN EUROPE-EU,SPAIN,BELFAST INTERNATIONAL,ALMERIA,1000,1000,0,1407,1407,0,-28.926795
17/12/2019 16:42,201909,WESTERN EUROPE-EU,SPAIN,BELFAST INTERNATIONAL,BARCELONA,7182,7182,0,6659,6659,0,7.854032
17/12/2019 16:42,201909,WESTERN EUROPE-EU,SPAIN,BELFAST INTERNATIONAL,GIRONA,4860,4860,0,4324,4324,0,12.39593
17/12/2019 16:42,201909,WESTERN EUROPE-EU,SPAIN,BELFAST INTERNATIONAL,IBIZA,7610,5988,1622,7501,6139,1362,1.45314
17/12/2019 16:42,201909,WESTERN EUROPE-EU,SPAIN,BELFAST INTERNATIONAL,MAHON,2899,1932,967,2958,1930,1028,-1.994591
17/12/2019 16:42,201909,WESTERN EUROPE-EU,SPAIN,BELFAST INTERNATIONAL,MALAGA,24430,22454,1976,26673,24975,1698,-8.409253
17/12/2019 16:42,201909,WESTERN EUROPE-EU,SPAIN,BELFAST INTERNATIONAL,PALMA DE MALLORCA,27594,23388,4206,30399,23342,7057,-9.227277
17/12/2019 16:42,201909,WESTERN EUROPE-EU,SPAIN,BELFAST INTERNATIONAL,REUS,10662,4216,6446,11538,4193,7345,-7.592304
17/12/2019 16:42,201909,WESTERN EUROPE-EU,SPAIN,BELFAST INTERNATIONAL,VALENCIA,2356,2356,0,2938,2938,0,-19.809394
17/12/2019 16:42,201909,WESTERN EUROPE-EU,SPAIN,BIGGIN HILL,GIRONA,0,0,0,2,0,2,-100
17/12/2019 16:42,201909,WESTERN EUROPE-EU,SPAIN,BIGGIN HILL,IBIZA,26,0,26,6,0,6,333.333333
17/12/2019 16:42,201909,WESTERN EUROPE-EU,SPAIN,BIGGIN HILL,MALAGA,7,0,7,3,0,3,133.333333
17/12/2019 16:42,201909,WESTERN EUROPE-EU,SPAIN,BIRMINGHAM,ALICANTE,43380,40206,3174,40238,36286,3952,7.808539
17/12/2019 16:42,201909,WESTERN EUROPE-EU,SPAIN,BIRMINGHAM,ALMERIA,6341,6006,335,6792,6792,0,-6.640165
17/12/2019 16:42,201909,WESTERN EUROPE-EU,SPAIN,BIRMINGHAM,BARCELONA,23129,23129,0,21989,21989,0,5.18441
17/12/2019 16:42,201909,WESTERN EUROPE-EU,SPAIN,BIRMINGHAM,GIRONA,10419,8767,1652,12823,10012,2811,-18.747563
17/12/2019 16:42,201909,WESTERN EUROPE-EU,SPAIN,BIRMINGHAM,IBIZA,22235,15394,6841,24034,15109,8925,-7.485229
17/12/2019 16:42,201909,WESTERN EUROPE-EU,SPAIN,BIRMINGHAM,MADRID,10946,10946,0,10826,10826,0,1.108443
17/12/2019 16:42,201909,WESTERN EUROPE-EU,SPAIN,BIRMINGHAM,MAHON,13531,8075,5456,14890,8226,6664,-9.126931
17/12/2019 16:42,201909,WESTERN EUROPE-EU,SPAIN,BIRMINGHAM,MALAGA,41630,38078,3552,42919,35511,7408,-3.003332
17/12/2019 16:42,201909,WESTERN EUROPE-EU,SPAIN,BIRMINGHAM,MURCIA INTERNATIONAL,5936,5936,0,0,0,0,0
17/12/2019 16:42,201909,WESTERN EUROPE-EU,SPAIN,BIRMINGHAM,MURCIA SAN JAVIER,0,0,0,6087,6087,0,-100
17/12/2019 16:42,201909,WESTERN EUROPE-EU,SPAIN,BIRMINGHAM,PALMA DE MALLORCA,56617,41453,15164,59853,44787,15066,-5.406579
17/12/2019 16:42,201909,WESTERN EUROPE-EU,SPAIN,BIRMINGHAM,REUS,10669,7747,2922,10554,7683,2871,1.089634
17/12/2019 16:42,201909,WESTERN EUROPE-EU,SPAIN,BIRMINGHAM,VALENCIA,165,0,165,0,0,0,0
17/12/2019 16:42,201909,WESTERN EUROPE-EU,SPAIN,BOURNEMOUTH,ALICANTE,7756,7756,0,5986,5986,0,29.568994
17/12/2019 16:42,201909,WESTERN EUROPE-EU,SPAIN,BOURNEMOUTH,GIRONA,5896,5896,0,5873,5873,0,0.391623
17/12/2019 16:42,201909,WESTERN EUROPE-EU,SPAIN,BOURNEMOUTH,IBIZA,1490,0,1490,1447,0,1447,2.971666
17/12/2019 16:42,201909,WESTERN EUROPE-EU,SPAIN,BOURNEMOUTH,MAHON,1861,177,1684,1498,0,1498,24.23231
17/12/2019 16:42,201909,WESTERN EUROPE-EU,SPAIN,BOURNEMOUTH,MALAGA,8924,8924,0,9096,9096,0,-1.890941
17/12/2019 16:42,201909,WESTERN EUROPE-EU,SPAIN,BOURNEMOUTH,MURCIA INTERNATIONAL,6014,6014,0,0,0,0,0
17/12/2019 16:42,201909,WESTERN EUROPE-EU,SPAIN,BOURNEMOUTH,MURCIA SAN JAVIER,0,0,0,5634,5634,0,-100
17/12/2019 16:42,201909,WESTERN EUROPE-EU,SPAIN,BOURNEMOUTH,PALMA DE MALLORCA,18291,11947,6344,17958,11452,6506,1.854327
17/12/2019 16:42,201909,WESTERN EUROPE-EU,SPAIN,BRISTOL,ALICANTE,39963,38430,1533,37238,35058,2180,7.317794
17/12/2019 16:42,201909,WESTERN EUROPE-EU,SPAIN,BRISTOL,ALMERIA,1079,1079,0,1501,1501,0,-28.11459
17/12/2019 16:42,201909,WESTERN EUROPE-EU,SPAIN,BRISTOL,BARCELONA,19966,19966,0,20181,20181,0,-1.065359
17/12/2019 16:42,201909,WESTERN EUROPE-EU,SPAIN,BRISTOL,BILBAO,3500,3500,0,3671,3671,0,-4.658131
17/12/2019 16:42,201909,WESTERN EUROPE-EU,SPAIN,BRISTOL,GIRONA,11662,10157,1505,10073,8866,1207,15.774844
17/12/2019 16:42,201909,WESTERN EUROPE-EU,SPAIN,BRISTOL,IBIZA,15759,10268,5491,16548,10536,6012,-4.767948
17/12/2019 16:42,201909,WESTERN EUROPE-EU,SPAIN,BRISTOL,MADRID,9017,9017,0,8899,8899,0,1.325992
17/12/2019 16:42,201909,WESTERN EUROPE-EU,SPAIN,BRISTOL,MAHON,10939,7856,3083,11642,8377,3265,-6.038481
17/12/2019 16:42,201909,WESTERN EUROPE-EU,SPAIN,BRISTOL,MALAGA,35711,32197,3514,38319,34760,3559,-6.806023
17/12/2019 16:42,201909,WESTERN EUROPE-EU,SPAIN,BRISTOL,MURCIA INTERNATIONAL,9433,9433,0,0,0,0,0
17/12/2019 16:42,201909,WESTERN EUROPE-EU,SPAIN,BRISTOL,MURCIA SAN JAVIER,0,0,0,9885,9885,0,-100
17/12/2019 16:42,201909,WESTERN EUROPE-EU,SPAIN,BRISTOL,PALMA DE MALLORCA,51542,45294,6248,51991,43691,8300,-0.863611
17/12/2019 16:42,201909,WESTERN EUROPE-EU,SPAIN,BRISTOL,REUS,1504,0,1504,1828,0,1828,-17.724289
17/12/2019 16:42,201909,WESTERN EUROPE-EU,SPAIN,BRISTOL,SEVILLE,6755,6755,0,3002,3002,0,125.016656
17/12/2019 16:42,201909,WESTERN EUROPE-EU,SPAIN,BRISTOL,VALENCIA,3087,3087,0,2389,2389,0,29.217246
17/12/2019 16:42,201909,WESTERN EUROPE-EU,SPAIN,CARDIFF WALES,ALICANTE,11541,8591,2950,10538,7227,3311,9.517935
17/12/2019 16:42,201909,WESTERN EUROPE-EU,SPAIN,CARDIFF WALES,BARCELONA,2709,2709,0,3545,3545,0,-23.582511
17/12/2019 16:42,201909,WESTERN EUROPE-EU,SPAIN,CARDIFF WALES,IBIZA,3542,0,3542,6189,0,6189,-42.76943
17/12/2019 16:42,201909,WESTERN EUROPE-EU,SPAIN,CARDIFF WALES,MADRID,0,0,0,1049,1049,0,-100
17/12/2019 16:42,201909,WESTERN EUROPE-EU,SPAIN,CARDIFF WALES,MAHON,4706,0,4706,2640,0,2640,78.257576
17/12/2019 16:42,201909,WESTERN EUROPE-EU,SPAIN,CARDIFF WALES,MALAGA,14662,11236,3426,10197,6914,3283,43.787388
17/12/2019 16:42,201909,WESTERN EUROPE-EU,SPAIN,CARDIFF WALES,PALMA DE MALLORCA,16679,5762,10917,17578,4476,13102,-5.114347
17/12/2019 16:42,201909,WESTERN EUROPE-EU,SPAIN,CARDIFF WALES,REUS,3191,0,3191,3049,0,3049,4.657265
17/12/2019 16:42,201909,WESTERN EUROPE-EU,SPAIN,DONCASTER SHEFFIELD,ALICANTE,6874,2281,4593,5739,2316,3423,19.776965
17/12/2019 16:42,201909,WESTERN EUROPE-EU,SPAIN,DONCASTER SHEFFIELD,IBIZA,1950,0,1950,2508,0,2508,-22.248804
17/12/2019 16:42,201909,WESTERN EUROPE-EU,SPAIN,DONCASTER SHEFFIELD,MAHON,3071,0,3071,3131,0,3131,-1.916321
17/12/2019 16:42,201909,WESTERN EUROPE-EU,SPAIN,DONCASTER SHEFFIELD,MALAGA,4963,1466,3497,5685,2236,3449,-12.700088
17/12/2019 16:42,201909,WESTERN EUROPE-EU,SPAIN,DONCASTER SHEFFIELD,PALMA DE MALLORCA,8185,405,7780,8784,1076,7708,-6.819217
17/12/2019 16:42,201909,WESTERN EUROPE-EU,SPAIN,DONCASTER SHEFFIELD,REUS,1541,0,1541,1515,0,1515,1.716172
17/12/2019 16:42,201909,WESTERN EUROPE-EU,SPAIN,EAST MIDLANDS INTERNATIONAL,ALICANTE,44474,41523,2951,43917,40811,3106,1.268302
17/12/2019 16:42,201909,WESTERN EUROPE-EU,SPAIN,EAST MIDLANDS INTERNATIONAL,ALMERIA,2502,2502,0,2277,2277,0,9.881423
17/12/2019 16:42,201909,WESTERN EUROPE-EU,SPAIN,EAST MIDLANDS INTERNATIONAL,BARCELONA,10611,10611,0,10599,10599,0,0.113218
17/12/2019 16:42,201909,WESTERN EUROPE-EU,SPAIN,EAST MIDLANDS INTERNATIONAL,GIRONA,5502,5502,0,5448,5448,0,0.991189
17/12/2019 16:42,201909,WESTERN EUROPE-EU,SPAIN,EAST MIDLANDS INTERNATIONAL,IBIZA,16684,13733,2951,17098,13776,3322,-2.421336
17/12/2019 16:42,201909,WESTERN EUROPE-EU,SPAIN,EAST MIDLANDS INTERNATIONAL,MAHON,13787,10361,3426,13503,10562,2941,2.103236
17/12/2019 16:42,201909,WESTERN EUROPE-EU,SPAIN,EAST MIDLANDS INTERNATIONAL,MALAGA,34225,30864,3361,33818,30493,3325,1.203501
17/12/2019 16:42,201909,WESTERN EUROPE-EU,SPAIN,EAST MIDLANDS INTERNATIONAL,MURCIA INTERNATIONAL,10601,10601,0,0,0,0,0
17/12/2019 16:42,201909,WESTERN EUROPE-EU,SPAIN,EAST MIDLANDS INTERNATIONAL,MURCIA SAN JAVIER,0,0,0,10907,10907,0,-100
17/12/2019 16:42,201909,WESTERN EUROPE-EU,SPAIN,EAST MIDLANDS INTERNATIONAL,PALMA DE MALLORCA,47206,41133,6073,46867,42260,4607,0.723323
17/12/2019 16:42,201909,WESTERN EUROPE-EU,SPAIN,EAST MIDLANDS INTERNATIONAL,REUS,7106,7106,0,6558,6558,0,8.356206
17/12/2019 16:42,201909,WESTERN EUROPE-EU,SPAIN,EAST MIDLANDS INTERNATIONAL,SEVILLE,2804,2804,0,2776,2776,0,1.008646
17/12/2019 16:42,201909,WESTERN EUROPE-EU,SPAIN,EAST MIDLANDS INTERNATIONAL,VALENCIA,5955,5955,0,6075,6075,0,-1.975309
17/12/2019 16:42,201909,WESTERN EUROPE-EU,SPAIN,EDINBURGH,ALICANTE,22437,22437,0,20916,20916,0,7.271945
17/12/2019 16:42,201909,WESTERN EUROPE-EU,SPAIN,EDINBURGH,ALMERIA,1378,1378,0,2424,2424,0,-43.151815
17/12/2019 16:42,201909,WESTERN EUROPE-EU,SPAIN,EDINBURGH,BARCELONA,16392,16392,0,19206,19206,0,-14.651671
17/12/2019 16:42,201909,WESTERN EUROPE-EU,SPAIN,EDINBURGH,BILBAO,3090,3090,0,3038,3038,0,1.711652
17/12/2019 16:42,201909,WESTERN EUROPE-EU,SPAIN,EDINBURGH,GIRONA,4819,4819,0,5352,5352,0,-9.958894
17/12/2019 16:42,201909,WESTERN EUROPE-EU,SPAIN,EDINBURGH,IBIZA,8194,8194,0,6699,6699,0,22.316764
17/12/2019 16:42,201909,WESTERN EUROPE-EU,SPAIN,EDINBURGH,MADRID,18576,18576,0,18179,18179,0,2.183838
17/12/2019 16:42,201909,WESTERN EUROPE-EU,SPAIN,EDINBURGH,MAHON,1936,1460,476,2944,2301,643,-34.23913
17/12/2019 16:42,201909,WESTERN EUROPE-EU,SPAIN,EDINBURGH,MALAGA,21135,20371,764,20191,19433,758,4.67535
17/12/2019 16:42,201909,WESTERN EUROPE-EU,SPAIN,EDINBURGH,MURCIA SAN JAVIER,0,0,0,2205,2205,0,-100
17/12/2019 16:42,201909,WESTERN EUROPE-EU,SPAIN,EDINBURGH,PALMA DE MALLORCA,32388,27395,4993,30677,24359,6318,5.577468
17/12/2019 16:42,201909,WESTERN EUROPE-EU,SPAIN,EDINBURGH,REUS,4183,4183,0,3564,3564,0,17.368126
17/12/2019 16:42,201909,WESTERN EUROPE-EU,SPAIN,EDINBURGH,SANTANDER,3132,3132,0,3139,3139,0,-0.223001
17/12/2019 16:42,201909,WESTERN EUROPE-EU,SPAIN,EDINBURGH,SEVILLE,6025,6025,0,2717,2717,0,121.751932
17/12/2019 16:42,201909,WESTERN EUROPE-EU,SPAIN,EDINBURGH,VALENCIA,4359,4298,61,4540,4540,0,-3.986784
17/12/2019 16:42,201909,WESTERN EUROPE-EU,SPAIN,EDINBURGH,VIGO,0,0,0,3165,3165,0,-100
17/12/2019 16:42,201909,WESTERN EUROPE-EU,SPAIN,EXETER,ALICANTE,3824,3824,0,3751,3751,0,1.946148
17/12/2019 16:42,201909,WESTERN EUROPE-EU,SPAIN,EXETER,IBIZA,1513,0,1513,1444,0,1444,4.778393
17/12/2019 16:42,201909,WESTERN EUROPE-EU,SPAIN,EXETER,MAHON,2970,0,2970,2616,0,2616,13.53211
17/12/2019 16:42,201909,WESTERN EUROPE-EU,SPAIN,EXETER,MALAGA,7307,7307,0,4142,4142,0,76.412361
17/12/2019 16:42,201909,WESTERN EUROPE-EU,SPAIN,EXETER,PALMA DE MALLORCA,6825,2330,4495,8605,2377,6228,-20.685648
17/12/2019 16:42,201909,WESTERN EUROPE-EU,SPAIN,GLASGOW,ALICANTE,30305,28134,2171,30785,29823,962,-1.559201
17/12/2019 16:42,201909,WESTERN EUROPE-EU,SPAIN,GLASGOW,BARCELONA,3959,3199,760,5447,4663,784,-27.31779
17/12/2019 16:42,201909,WESTERN EUROPE-EU,SPAIN,GLASGOW,CASTELLON COSTA AZAHAR,0,0,0,650,0,650,-100
17/12/2019 16:42,201909,WESTERN EUROPE-EU,SPAIN,GLASGOW,GIRONA,2862,2862,0,3250,3250,0,-11.938462
17/12/2019 16:42,201909,WESTERN EUROPE-EU,SPAIN,GLASGOW,IBIZA,13180,10059,3121,14973,11424,3549,-11.974888
17/12/2019 16:42,201909,WESTERN EUROPE-EU,SPAIN,GLASGOW,MADRID,0,0,0,6257,6257,0,-100
17/12/2019 16:42,201909,WESTERN EUROPE-EU,SPAIN,GLASGOW,MAHON,5588,5119,469,6760,6089,671,-17.337278
17/12/2019 16:42,201909,WESTERN EUROPE-EU,SPAIN,GLASGOW,MALAGA,25775,23876,1899,24812,22918,1894,3.881187
17/12/2019 16:42,201909,WESTERN EUROPE-EU,SPAIN,GLASGOW,PALMA DE MALLORCA,28378,22647,5731,32013,25494,6519,-11.354762
17/12/2019 16:42,201909,WESTERN EUROPE-EU,SPAIN,GLASGOW,REUS,11530,8245,3285,12054,9771,2283,-4.347105
17/12/2019 16:42,201909,WESTERN EUROPE-EU,SPAIN,GLASGOW,VALENCIA,0,0,0,2871,2871,0,-100
17/12/2019 16:42,201909,WESTERN EUROPE-EU,SPAIN,HUMBERSIDE,PALMA DE MALLORCA,1464,0,1464,1490,0,1490,-1.744966
17/12/2019 16:42,201909,WESTERN EUROPE-EU,SPAIN,ISLE OF MAN,PALMA DE MALLORCA,447,0,447,536,0,536,-16.604478
17/12/2019 16:42,201909,WESTERN EUROPE-EU,SPAIN,JERSEY,MALAGA,79,0,79,0,0,0,0
17/12/2019 16:42,201909,WESTERN EUROPE-EU,SPAIN,JERSEY,PALMA DE MALLORCA,950,0,950,1030,0,1030,-7.76699
17/12/2019 16:42,201909,WESTERN EUROPE-EU,SPAIN,LEEDS BRADFORD,ALICANTE,35484,35484,0,35696,35696,0,-0.593904
17/12/2019 16:42,201909,WESTERN EUROPE-EU,SPAIN,LEEDS BRADFORD,ALMERIA,2514,2514,0,2480,2480,0,1.370968
17/12/2019 16:42,201909,WESTERN EUROPE-EU,SPAIN,LEEDS BRADFORD,BARCELONA,5218,5218,0,5233,5233,0,-0.286642
17/12/2019 16:42,201909,WESTERN EUROPE-EU,SPAIN,LEEDS BRADFORD,GIRONA,6336,6336,0,6395,6395,0,-0.922596
17/12/2019 16:42,201909,WESTERN EUROPE-EU,SPAIN,LEEDS BRADFORD,IBIZA,16063,16063,0,17264,15866,1398,-6.956673
17/12/2019 16:42,201909,WESTERN EUROPE-EU,SPAIN,LEEDS BRADFORD,MAHON,6889,6889,0,8045,6742,1303,-14.369173
17/12/2019 16:42,201909,WESTERN EUROPE-EU,SPAIN,LEEDS BRADFORD,MALAGA,31509,31509,0,33688,31835,1853,-6.468179
17/12/2019 16:42,201909,WESTERN EUROPE-EU,SPAIN,LEEDS BRADFORD,MURCIA INTERNATIONAL,6510,6510,0,0,0,0,0
17/12/2019 16:42,201909,WESTERN EUROPE-EU,SPAIN,LEEDS BRADFORD,MURCIA SAN JAVIER,0,0,0,7159,7159,0,-100
17/12/2019 16:42,201909,WESTERN EUROPE-EU,SPAIN,LEEDS BRADFORD,PALMA DE MALLORCA,32930,29971,2959,35880,27169,8711,-8.221851
17/12/2019 16:42,201909,WESTERN EUROPE-EU,SPAIN,LEEDS BRADFORD,REUS,3784,3784,0,4222,4222,0,-10.37423
17/12/2019 16:42,201909,WESTERN EUROPE-EU,SPAIN,LIVERPOOL (JOHN LENNON),ALICANTE,25948,25948,0,29436,29436,0,-11.849436
17/12/2019 16:42,201909,WESTERN EUROPE-EU,SPAIN,LIVERPOOL (JOHN LENNON),BARCELONA,23401,23401,0,25663,25663,0,-8.814246
17/12/2019 16:42,201909,WESTERN EUROPE-EU,SPAIN,LIVERPOOL (JOHN LENNON),GIRONA,2615,2615,0,3063,3063,0,-14.626183
17/12/2019 16:42,201909,WESTERN EUROPE-EU,SPAIN,LIVERPOOL (JOHN LENNON),IBIZA,4156,4156,0,5692,4226,1466,-26.985242
17/12/2019 16:42,201909,WESTERN EUROPE-EU,SPAIN,LIVERPOOL (JOHN LENNON),MADRID,5646,5646,0,5247,5247,0,7.604345
17/12/2019 16:42,201909,WESTERN EUROPE-EU,SPAIN,LIVERPOOL (JOHN LENNON),MALAGA,27327,27327,0,29328,29328,0,-6.822831
17/12/2019 16:42,201909,WESTERN EUROPE-EU,SPAIN,LIVERPOOL (JOHN LENNON),PALMA DE MALLORCA,27634,27634,0,31956,30588,1368,-13.524847
17/12/2019 16:42,201909,WESTERN EUROPE-EU,SPAIN,LIVERPOOL (JOHN LENNON),REUS,2820,2820,0,3170,3170,0,-11.041009
17/12/2019 16:42,201909,WESTERN EUROPE-EU,SPAIN,MANCHESTER,ALICANTE,77177,71527,5650,81460,73626,7834,-5.257795
17/12/2019 16:42,201909,WESTERN EUROPE-EU,SPAIN,MANCHESTER,ALMERIA,11594,10130,1464,14601,13105,1496,-20.59448
17/12/2019 16:42,201909,WESTERN EUROPE-EU,SPAIN,MANCHESTER,BARCELONA,53213,53213,0,39487,39487,0,34.760807
17/12/2019 16:42,201909,WESTERN EUROPE-EU,SPAIN,MANCHESTER,BILBAO,8871,8871,0,8083,8083,0,9.748856
17/12/2019 16:42,201909,WESTERN EUROPE-EU,SPAIN,MANCHESTER,GIRONA,14031,10995,3036,15523,12175,3348,-9.611544
17/12/2019 16:42,201909,WESTERN EUROPE-EU,SPAIN,MANCHESTER,GRANADA,2749,2749,0,2703,2703,0,1.701813
17/12/2019 16:42,201909,WESTERN EUROPE-EU,SPAIN,MANCHESTER,IBIZA,46459,35300,11159,51452,39011,12441,-9.70419
17/12/2019 16:42,201909,WESTERN EUROPE-EU,SPAIN,MANCHESTER,JEREZ,3690,3690,0,0,0,0,0
17/12/2019 16:42,201909,WESTERN EUROPE-EU,SPAIN,MANCHESTER,MADRID,16438,16438,0,14580,14580,0,12.743484
17/12/2019 16:42,201909,WESTERN EUROPE-EU,SPAIN,MANCHESTER,MAHON,22404,12344,10060,27058,12508,14550,-17.200089
17/12/2019 16:42,201909,WESTERN EUROPE-EU,SPAIN,MANCHESTER,MALAGA,61542,56278,5264,62646,53304,9342,-1.762283
17/12/2019 16:42,201909,WESTERN EUROPE-EU,SPAIN,MANCHESTER,MURCIA INTERNATIONAL,14691,14691,0,0,0,0,0
17/12/2019 16:42,201909,WESTERN EUROPE-EU,SPAIN,MANCHESTER,MURCIA SAN JAVIER,0,0,0,16953,16953,0,-100
17/12/2019 16:42,201909,WESTERN EUROPE-EU,SPAIN,MANCHESTER,PALMA DE MALLORCA,106325,88559,17766,106173,85622,20551,0.143163
17/12/2019 16:42,201909,WESTERN EUROPE-EU,SPAIN,MANCHESTER,REUS,18665,13330,5335,20478,13999,6479,-8.853404
17/12/2019 16:42,201909,WESTERN EUROPE-EU,SPAIN,MANCHESTER,SEVILLE,4927,4667,260,4321,4321,0,14.024531
17/12/2019 16:42,201909,WESTERN EUROPE-EU,SPAIN,MANCHESTER,VALENCIA,4688,4621,67,4235,4235,0,10.696576
17/12/2019 16:42,201909,WESTERN EUROPE-EU,SPAIN,NEWCASTLE,ALICANTE,39404,39404,0,37661,37661,0,4.62813
17/12/2019 16:42,201909,WESTERN EUROPE-EU,SPAIN,NEWCASTLE,ALMERIA,2799,2799,0,2415,2415,0,15.900621
17/12/2019 16:42,201909,WESTERN EUROPE-EU,SPAIN,NEWCASTLE,BARCELONA,7705,7705,0,7167,7167,0,7.506628
17/12/2019 16:42,201909,WESTERN EUROPE-EU,SPAIN,NEWCASTLE,GIRONA,5971,5971,0,5597,5597,0,6.682151
17/12/2019 16:42,201909,WESTERN EUROPE-EU,SPAIN,NEWCASTLE,IBIZA,15149,15149,0,16039,16039,0,-5.548974
17/12/2019 16:42,201909,WESTERN EUROPE-EU,SPAIN,NEWCASTLE,MADRID,0,0,0,2762,2762,0,-100
17/12/2019 16:42,201909,WESTERN EUROPE-EU,SPAIN,NEWCASTLE,MAHON,5713,5713,0,6877,6877,0,-16.925985
17/12/2019 16:42,201909,WESTERN EUROPE-EU,SPAIN,NEWCASTLE,MALAGA,27700,27700,0,28616,28616,0,-3.201006
17/12/2019 16:42,201909,WESTERN EUROPE-EU,SPAIN,NEWCASTLE,MURCIA SAN JAVIER,0,0,0,2217,2217,0,-100
17/12/2019 16:42,201909,WESTERN EUROPE-EU,SPAIN,NEWCASTLE,PALMA DE MALLORCA,46670,46670,0,44281,44281,0,5.39509
17/12/2019 16:42,201909,WESTERN EUROPE-EU,SPAIN,NEWCASTLE,REUS,8473,8473,0,10139,10139,0,-16.431601
17/12/2019 16:42,201909,WESTERN EUROPE-EU,SPAIN,NEWQUAY,ALICANTE,3182,3182,0,3199,3199,0,-0.531416
17/12/2019 16:42,201909,WESTERN EUROPE-EU,SPAIN,NORWICH,ALICANTE,1736,1736,0,1752,1752,0,-0.913242
17/12/2019 16:42,201909,WESTERN EUROPE-EU,SPAIN,NORWICH,IBIZA,1455,0,1455,1477,0,1477,-1.489506
17/12/2019 16:42,201909,WESTERN EUROPE-EU,SPAIN,NORWICH,MAHON,1631,0,1631,1684,0,1684,-3.147268
17/12/2019 16:42,201909,WESTERN EUROPE-EU,SPAIN,NORWICH,MALAGA,1933,1933,0,1753,1753,0,10.268112
17/12/2019 16:42,201909,WESTERN EUROPE-EU,SPAIN,NORWICH,PALMA DE MALLORCA,4794,0,4794,5121,0,5121,-6.385472
17/12/2019 16:42,201909,WESTERN EUROPE-EU,SPAIN,PRESTWICK,ALICANTE,7959,7959,0,7441,7441,0,6.96143
17/12/2019 16:42,201909,WESTERN EUROPE-EU,SPAIN,PRESTWICK,BARCELONA,9044,9044,0,10367,10367,0,-12.761648
17/12/2019 16:42,201909,WESTERN EUROPE-EU,SPAIN,PRESTWICK,GIRONA,2600,2600,0,3035,3035,0,-14.332784
17/12/2019 16:42,201909,WESTERN EUROPE-EU,SPAIN,PRESTWICK,IBIZA,2967,2967,0,2951,2951,0,0.542189
17/12/2019 16:42,201909,WESTERN EUROPE-EU,SPAIN,PRESTWICK,MALAGA,8960,8960,0,9029,9029,0,-0.764204
17/12/2019 16:42,201909,WESTERN EUROPE-EU,SPAIN,PRESTWICK,MURCIA INTERNATIONAL,3040,3040,0,0,0,0,0
17/12/2019 16:42,201909,WESTERN EUROPE-EU,SPAIN,PRESTWICK,MURCIA SAN JAVIER,0,0,0,2907,2907,0,-100
17/12/2019 16:42,201909,WESTERN EUROPE-EU,SPAIN,PRESTWICK,PALMA DE MALLORCA,10225,10225,0,9101,9101,0,12.350291
17/12/2019 16:42,201909,WESTERN EUROPE-EU,SPAIN,SOUTHAMPTON,ALICANTE,5096,5096,0,4894,4894,0,4.127503
17/12/2019 16:42,201909,WESTERN EUROPE-EU,SPAIN,SOUTHAMPTON,IBIZA,883,0,883,894,0,894,-1.230425
17/12/2019 16:42,201909,WESTERN EUROPE-EU,SPAIN,SOUTHAMPTON,MAHON,218,0,218,346,0,346,-36.99422
17/12/2019 16:42,201909,WESTERN EUROPE-EU,SPAIN,SOUTHAMPTON,MALAGA,3585,3585,0,3686,3686,0,-2.740098
17/12/2019 16:42,201909,WESTERN EUROPE-EU,SPAIN,SOUTHAMPTON,PALMA DE MALLORCA,4179,2346,1833,3936,1902,2034,6.17378
17/12/2019 16:42,201909,WESTERN EUROPE-EU,SPAIN(CANARY ISLANDS),GATWICK,ARRECIFE,30395,23386,7009,30452,24628,5824,-0.18718
17/12/2019 16:42,201909,WESTERN EUROPE-EU,SPAIN(CANARY ISLANDS),GATWICK,FUERTEVENTURA,15496,11184,4312,17751,13063,4688,-12.70351
17/12/2019 16:42,201909,WESTERN EUROPE-EU,SPAIN(CANARY ISLANDS),GATWICK,LAS PALMAS,20855,14311,6544,28029,19645,8384,-25.59492
17/12/2019 16:42,201909,WESTERN EUROPE-EU,SPAIN(CANARY ISLANDS),GATWICK,SANTA CRUZ DE LA PALMA,1512,0,1512,2637,1172,1465,-42.662116
17/12/2019 16:42,201909,WESTERN EUROPE-EU,SPAIN(CANARY ISLANDS),GATWICK,TENERIFE (SURREINA SOFIA),57116,45991,11125,65180,52547,12633,-12.371893
17/12/2019 16:42,201909,WESTERN EUROPE-EU,SPAIN(CANARY ISLANDS),HEATHROW,LAS PALMAS,1165,1165,0,1350,1350,0,-13.703704
17/12/2019 16:42,201909,WESTERN EUROPE-EU,SPAIN(CANARY ISLANDS),HEATHROW,TENERIFE (SURREINA SOFIA),1127,1127,0,1439,1439,0,-21.681723
17/12/2019 16:42,201909,WESTERN EUROPE-EU,SPAIN(CANARY ISLANDS),LUTON,ARRECIFE,9938,6067,3871,9365,6002,3363,6.118526
17/12/2019 16:42,201909,WESTERN EUROPE-EU,SPAIN(CANARY ISLANDS),LUTON,FUERTEVENTURA,2930,2930,0,5158,3290,1868,-43.195037
17/12/2019 16:42,201909,WESTERN EUROPE-EU,SPAIN(CANARY ISLANDS),LUTON,LAS PALMAS,5214,3220,1994,4620,2871,1749,12.857143
17/12/2019 16:42,201909,WESTERN EUROPE-EU,SPAIN(CANARY ISLANDS),LUTON,TENERIFE (SURREINA SOFIA),9709,7517,2192,11069,7831,3238,-12.286566
17/12/2019 16:42,201909,WESTERN EUROPE-EU,SPAIN(CANARY ISLANDS),STANSTED,ARRECIFE,23367,23367,0,25125,24976,149,-6.997015
17/12/2019 16:42,201909,WESTERN EUROPE-EU,SPAIN(CANARY ISLANDS),STANSTED,FUERTEVENTURA,11677,11677,0,16197,14713,1484,-27.906402
17/12/2019 16:42,201909,WESTERN EUROPE-EU,SPAIN(CANARY ISLANDS),STANSTED,LAS PALMAS,17746,15968,1778,17529,16060,1469,1.237949
17/12/2019 16:42,201909,WESTERN EUROPE-EU,SPAIN(CANARY ISLANDS),STANSTED,TENERIFE (SURREINA SOFIA),34566,33067,1499,30257,28766,1491,14.241333
17/12/2019 16:42,201909,WESTERN EUROPE-EU,SPAIN(CANARY ISLANDS),ABERDEEN,LAS PALMAS,0,0,0,1495,0,1495,-100
17/12/2019 16:42,201909,WESTERN EUROPE-EU,SPAIN(CANARY ISLANDS),ABERDEEN,TENERIFE (SURREINA SOFIA),1888,0,1888,1704,0,1704,10.798122
17/12/2019 16:42,201909,WESTERN EUROPE-EU,SPAIN(CANARY ISLANDS),BELFAST INTERNATIONAL,ARRECIFE,9200,6443,2757,11111,6126,4985,-17.199172
17/12/2019 16:42,201909,WESTERN EUROPE-EU,SPAIN(CANARY ISLANDS),BELFAST INTERNATIONAL,FUERTEVENTURA,2915,2915,0,3008,3008,0,-3.091755
17/12/2019 16:42,201909,WESTERN EUROPE-EU,SPAIN(CANARY ISLANDS),BELFAST INTERNATIONAL,LAS PALMAS,4803,3320,1483,4852,3122,1730,-1.009893
17/12/2019 16:42,201909,WESTERN EUROPE-EU,SPAIN(CANARY ISLANDS),BELFAST INTERNATIONAL,TENERIFE (SURREINA SOFIA),10735,6338,4397,11047,6093,4954,-2.824296
17/12/2019 16:42,201909,WESTERN EUROPE-EU,SPAIN(CANARY ISLANDS),BIRMINGHAM,ARRECIFE,20596,15823,4773,19763,14775,4988,4.214947
17/12/2019 16:42,201909,WESTERN EUROPE-EU,SPAIN(CANARY ISLANDS),BIRMINGHAM,FUERTEVENTURA,14139,10265,3874,13049,9608,3441,8.353131
17/12/2019 16:42,201909,WESTERN EUROPE-EU,SPAIN(CANARY ISLANDS),BIRMINGHAM,LAS PALMAS,16765,11702,5063,17616,12680,4936,-4.830836
17/12/2019 16:42,201909,WESTERN EUROPE-EU,SPAIN(CANARY ISLANDS),BIRMINGHAM,TENERIFE (SURREINA SOFIA),31161,24008,7153,27288,20665,6623,14.193052
17/12/2019 16:42,201909,WESTERN EUROPE-EU,SPAIN(CANARY ISLANDS),BOURNEMOUTH,ARRECIFE,3396,0,3396,3266,0,3266,3.980404
17/12/2019 16:42,201909,WESTERN EUROPE-EU,SPAIN(CANARY ISLANDS),BOURNEMOUTH,LAS PALMAS,3293,1427,1866,3189,1786,1403,3.26121
17/12/2019 16:42,201909,WESTERN EUROPE-EU,SPAIN(CANARY ISLANDS),BOURNEMOUTH,TENERIFE (SURREINA SOFIA),2725,1464,1261,2896,1414,1482,-5.904696
17/12/2019 16:42,201909,WESTERN EUROPE-EU,SPAIN(CANARY ISLANDS),BRISTOL,ARRECIFE,12404,8438,3966,12879,9453,3426,-3.688175
17/12/2019 16:42,201909,WESTERN EUROPE-EU,SPAIN(CANARY ISLANDS),BRISTOL,FUERTEVENTURA,4570,2814,1756,4733,3357,1376,-3.443905
17/12/2019 16:42,201909,WESTERN EUROPE-EU,SPAIN(CANARY ISLANDS),BRISTOL,LAS PALMAS,7842,4574,3268,7580,4494,3086,3.456464
17/12/2019 16:42,201909,WESTERN EUROPE-EU,SPAIN(CANARY ISLANDS),BRISTOL,TENERIFE (SURREINA SOFIA),16194,12924,3270,16571,13651,2920,-2.275059
17/12/2019 16:42,201909,WESTERN EUROPE-EU,SPAIN(CANARY ISLANDS),CARDIFF WALES,ARRECIFE,3398,0,3398,4487,0,4487,-24.270114
17/12/2019 16:42,201909,WESTERN EUROPE-EU,SPAIN(CANARY ISLANDS),CARDIFF WALES,LAS PALMAS,1494,0,1494,1855,0,1855,-19.460916
17/12/2019 16:42,201909,WESTERN EUROPE-EU,SPAIN(CANARY ISLANDS),CARDIFF WALES,TENERIFE (SURREINA SOFIA),6951,1435,5516,7477,1420,6057,-7.034907
17/12/2019 16:42,201909,WESTERN EUROPE-EU,SPAIN(CANARY ISLANDS),DONCASTER SHEFFIELD,ARRECIFE,3504,0,3504,3216,0,3216,8.955224
17/12/2019 16:42,201909,WESTERN EUROPE-EU,SPAIN(CANARY ISLANDS),DONCASTER SHEFFIELD,LAS PALMAS,1757,0,1757,1942,0,1942,-9.526262
17/12/2019 16:42,201909,WESTERN EUROPE-EU,SPAIN(CANARY ISLANDS),DONCASTER SHEFFIELD,TENERIFE (SURREINA SOFIA),3092,0,3092,3013,0,3013,2.621971
17/12/2019 16:42,201909,WESTERN EUROPE-EU,SPAIN(CANARY ISLANDS),EAST MIDLANDS INTERNATIONAL,ARRECIFE,15096,13637,1459,15589,14347,1242,-3.162486
17/12/2019 16:42,201909,WESTERN EUROPE-EU,SPAIN(CANARY ISLANDS),EAST MIDLANDS INTERNATIONAL,FUERTEVENTURA,9214,7730,1484,9808,8584,1224,-6.056281
17/12/2019 16:42,201909,WESTERN EUROPE-EU,SPAIN(CANARY ISLANDS),EAST MIDLANDS INTERNATIONAL,LAS PALMAS,5969,5969,0,8093,8093,0,-26.244903
17/12/2019 16:42,201909,WESTERN EUROPE-EU,SPAIN(CANARY ISLANDS),EAST MIDLANDS INTERNATIONAL,TENERIFE (SURREINA SOFIA),26373,21539,4834,26576,21811,4765,-0.763847
17/12/2019 16:42,201909,WESTERN EUROPE-EU,SPAIN(CANARY ISLANDS),EDINBURGH,ARRECIFE,9606,8100,1506,7527,6050,1477,27.620566
17/12/2019 16:42,201909,WESTERN EUROPE-EU,SPAIN(CANARY ISLANDS),EDINBURGH,FUERTEVENTURA,5961,5961,0,6035,6035,0,-1.226181
17/12/2019 16:42,201909,WESTERN EUROPE-EU,SPAIN(CANARY ISLANDS),EDINBURGH,LAS PALMAS,6059,6059,0,7900,6400,1500,-23.303797
17/12/2019 16:42,201909,WESTERN EUROPE-EU,SPAIN(CANARY ISLANDS),EDINBURGH,TENERIFE (SURREINA SOFIA),19333,16555,2778,21707,18572,3135,-10.936564
17/12/2019 16:42,201909,WESTERN EUROPE-EU,SPAIN(CANARY ISLANDS),EXETER,ARRECIFE,3360,0,3360,3185,0,3185,5.494505
17/12/2019 16:42,201909,WESTERN EUROPE-EU,SPAIN(CANARY ISLANDS),EXETER,LAS PALMAS,0,0,0,1494,0,1494,-100
17/12/2019 16:42,201909,WESTERN EUROPE-EU,SPAIN(CANARY ISLANDS),EXETER,TENERIFE (SURREINA SOFIA),1447,0,1447,1659,0,1659,-12.778782
17/12/2019 16:42,201909,WESTERN EUROPE-EU,SPAIN(CANARY ISLANDS),GLASGOW,ARRECIFE,11697,10171,1526,10292,8608,1684,13.65138
17/12/2019 16:42,201909,WESTERN EUROPE-EU,SPAIN(CANARY ISLANDS),GLASGOW,FUERTEVENTURA,4416,4416,0,5489,5489,0,-19.548187
17/12/2019 16:42,201909,WESTERN EUROPE-EU,SPAIN(CANARY ISLANDS),GLASGOW,LAS PALMAS,8038,6174,1864,8012,8012,0,0.324513
17/12/2019 16:42,201909,WESTERN EUROPE-EU,SPAIN(CANARY ISLANDS),GLASGOW,TENERIFE (SURREINA SOFIA),16863,13623,3240,15716,13800,1916,7.298295
17/12/2019 16:42,201909,WESTERN EUROPE-EU,SPAIN(CANARY ISLANDS),LEEDS BRADFORD,ARRECIFE,13042,13042,0,13099,13099,0,-0.435148
17/12/2019 16:42,201909,WESTERN EUROPE-EU,SPAIN(CANARY ISLANDS),LEEDS BRADFORD,FUERTEVENTURA,7453,7453,0,6510,6510,0,14.485407
17/12/2019 16:42,201909,WESTERN EUROPE-EU,SPAIN(CANARY ISLANDS),LEEDS BRADFORD,LAS PALMAS,9734,9734,0,9742,9742,0,-0.082119
17/12/2019 16:42,201909,WESTERN EUROPE-EU,SPAIN(CANARY ISLANDS),LEEDS BRADFORD,TENERIFE (SURREINA SOFIA),16567,16567,0,18133,16501,1632,-8.636188
17/12/2019 16:42,201909,WESTERN EUROPE-EU,SPAIN(CANARY ISLANDS),LIVERPOOL (JOHN LENNON),ARRECIFE,5683,5683,0,6294,6294,0,-9.707658
17/12/2019 16:42,201909,WESTERN EUROPE-EU,SPAIN(CANARY ISLANDS),LIVERPOOL (JOHN LENNON),FUERTEVENTURA,3011,3011,0,4332,4332,0,-30.493998
17/12/2019 16:42,201909,WESTERN EUROPE-EU,SPAIN(CANARY ISLANDS),LIVERPOOL (JOHN LENNON),LAS PALMAS,2847,2847,0,3180,3180,0,-10.471698
17/12/2019 16:42,201909,WESTERN EUROPE-EU,SPAIN(CANARY ISLANDS),LIVERPOOL (JOHN LENNON),TENERIFE (SURREINA SOFIA),4573,4573,0,4256,4256,0,7.448308
17/12/2019 16:42,201909,WESTERN EUROPE-EU,SPAIN(CANARY ISLANDS),MANCHESTER,ARRECIFE,42430,33621,8809,36354,28377,7977,16.713429
17/12/2019 16:42,201909,WESTERN EUROPE-EU,SPAIN(CANARY ISLANDS),MANCHESTER,FUERTEVENTURA,19233,13515,5718,21049,16246,4803,-8.627488
17/12/2019 16:42,201909,WESTERN EUROPE-EU,SPAIN(CANARY ISLANDS),MANCHESTER,LAS PALMAS,23351,14493,8858,27730,18919,8811,-15.791561
17/12/2019 16:42,201909,WESTERN EUROPE-EU,SPAIN(CANARY ISLANDS),MANCHESTER,SANTA CRUZ DE LA PALMA,1499,0,1499,1461,0,1461,2.600958
17/12/2019 16:42,201909,WESTERN EUROPE-EU,SPAIN(CANARY ISLANDS),MANCHESTER,TENERIFE (SURREINA SOFIA),71377,58023,13354,67077,54648,12429,6.410543
17/12/2019 16:42,201909,WESTERN EUROPE-EU,SPAIN(CANARY ISLANDS),NEWCASTLE,ARRECIFE,12263,12263,0,12849,12849,0,-4.560666
17/12/2019 16:42,201909,WESTERN EUROPE-EU,SPAIN(CANARY ISLANDS),NEWCASTLE,FUERTEVENTURA,4189,4189,0,6124,6124,0,-31.596995
17/12/2019 16:42,201909,WESTERN EUROPE-EU,SPAIN(CANARY ISLANDS),NEWCASTLE,LAS PALMAS,4998,4998,0,6784,6784,0,-26.326651
17/12/2019 16:42,201909,WESTERN EUROPE-EU,SPAIN(CANARY ISLANDS),NEWCASTLE,TENERIFE (SURREINA SOFIA),15351,15351,0,19001,19001,0,-19.209515
17/12/2019 16:42,201909,WESTERN EUROPE-EU,SPAIN(CANARY ISLANDS),NORWICH,LAS PALMAS,0,0,0,1315,0,1315,-100
17/12/2019 16:42,201909,WESTERN EUROPE-EU,SPAIN(CANARY ISLANDS),NORWICH,TENERIFE (SURREINA SOFIA),1709,0,1709,1715,0,1715,-0.349854
17/12/2019 16:42,201909,WESTERN EUROPE-EU,SPAIN(CANARY ISLANDS),PRESTWICK,ARRECIFE,2908,2908,0,3285,3285,0,-11.476408
17/12/2019 16:42,201909,WESTERN EUROPE-EU,SPAIN(CANARY ISLANDS),PRESTWICK,FUERTEVENTURA,0,0,0,1400,1400,0,-100
17/12/2019 16:42,201909,WESTERN EUROPE-EU,SPAIN(CANARY ISLANDS),PRESTWICK,LAS PALMAS,2866,2866,0,3175,3175,0,-9.732283
17/12/2019 16:42,201909,WESTERN EUROPE-EU,SPAIN(CANARY ISLANDS),PRESTWICK,TENERIFE (SURREINA SOFIA),9507,9507,0,9433,9433,0,0.78448
17/12/2019 16:42,201909,WESTERN EUROPE-EU,SWEDEN,GATWICK,GOTEBORG (LANDVETTER),14851,14851,0,13632,13632,0,8.942195
17/12/2019 16:42,201909,WESTERN EUROPE-EU,SWEDEN,GATWICK,STOCKHOLM (ARLANDA),35602,35602,0,39818,39818,0,-10.588176
17/12/2019 16:42,201909,WESTERN EUROPE-EU,SWEDEN,HEATHROW,GOTEBORG (LANDVETTER),16571,16571,0,19861,19861,0,-16.565128
17/12/2019 16:42,201909,WESTERN EUROPE-EU,SWEDEN,HEATHROW,STOCKHOLM (ARLANDA),82120,82120,0,80996,80996,0,1.387723
17/12/2019 16:42,201909,WESTERN EUROPE-EU,SWEDEN,LUTON,STOCKHOLM (ARLANDA),2412,2412,0,4524,4524,0,-46.68435
17/12/2019 16:42,201909,WESTERN EUROPE-EU,SWEDEN,STANSTED,GOTEBORG (LANDVETTER),13237,13237,0,12587,12587,0,5.164058
17/12/2019 16:42,201909,WESTERN EUROPE-EU,SWEDEN,STANSTED,STOCKHOLM (SKAVSTA),16985,16985,0,20788,20788,0,-18.294208
17/12/2019 16:42,201909,WESTERN EUROPE-EU,SWEDEN,STANSTED,VASTERAS,4407,4407,0,5462,5462,0,-19.315269
17/12/2019 16:42,201909,WESTERN EUROPE-EU,SWEDEN,BIRMINGHAM,GOTEBORG (LANDVETTER),0,0,0,158,0,158,-100
17/12/2019 16:42,201909,WESTERN EUROPE-EU,SWEDEN,BIRMINGHAM,STOCKHOLM (ARLANDA),0,0,0,10,0,10,-100
17/12/2019 16:42,201909,WESTERN EUROPE-EU,SWEDEN,BRISTOL,GOTEBORG (LANDVETTER),0,0,0,229,229,0,-100
17/12/2019 16:42,201909,WESTERN EUROPE-EU,SWEDEN,BRISTOL,STOCKHOLM (ARLANDA),2558,2558,0,2549,2549,0,0.35308
17/12/2019 16:42,201909,WESTERN EUROPE-EU,SWEDEN,EDINBURGH,GOTEBORG (LANDVETTER),3826,3826,0,2780,2780,0,37.625899
17/12/2019 16:42,201909,WESTERN EUROPE-EU,SWEDEN,EDINBURGH,STOCKHOLM (ARLANDA),11606,11606,0,12571,12571,0,-7.676398
17/12/2019 16:42,201909,WESTERN EUROPE-EU,SWEDEN,EDINBURGH,STOCKHOLM (SKAVSTA),2750,2750,0,0,0,0,0
17/12/2019 16:42,201909,WESTERN EUROPE-EU,SWEDEN,MANCHESTER,GOTEBORG (LANDVETTER),3114,3114,0,238,238,0,1208.403361
17/12/2019 16:42,201909,WESTERN EUROPE-EU,SWEDEN,MANCHESTER,STOCKHOLM (ARLANDA),15376,15376,0,13753,13753,0,11.801062
17/12/2019 16:42,201909,WESTERN EUROPE-OTHER,BOSNIA-HERZEGOVINA,BELFAST INTERNATIONAL,SARAJEVO,0,0,0,127,0,127,-100
17/12/2019 16:42,201909,WESTERN EUROPE-OTHER,FAROE ISLANDS,EDINBURGH,VAGAR,1442,1442,0,1452,1452,0,-0.688705
17/12/2019 16:42,201909,WESTERN EUROPE-OTHER,ICELAND,GATWICK,KEFLAVIK,9306,9306,0,35801,35801,0,-74.006313
17/12/2019 16:42,201909,WESTERN EUROPE-OTHER,ICELAND,HEATHROW,KEFLAVIK,28479,28479,0,29942,29942,0,-4.886113
17/12/2019 16:42,201909,WESTERN EUROPE-OTHER,ICELAND,LUTON,KEFLAVIK,18529,18529,0,12125,12125,0,52.816495
17/12/2019 16:42,201909,WESTERN EUROPE-OTHER,ICELAND,STANSTED,KEFLAVIK,0,0,0,11480,11480,0,-100
17/12/2019 16:42,201909,WESTERN EUROPE-OTHER,ICELAND,EDINBURGH,KEFLAVIK,3079,3079,0,7092,7092,0,-56.584884
17/12/2019 16:42,201909,WESTERN EUROPE-OTHER,ICELAND,GLASGOW,KEFLAVIK,10076,10076,0,10173,10121,52,-0.953504
17/12/2019 16:42,201909,WESTERN EUROPE-OTHER,ICELAND,MANCHESTER,KEFLAVIK,8616,8616,0,11290,11290,0,-23.684677
17/12/2019 16:42,201909,WESTERN EUROPE-OTHER,KOSOVO,LUTON,PRISTINA,5910,5910,0,4458,4458,0,32.570659
17/12/2019 16:42,201909,WESTERN EUROPE-OTHER,KOSOVO,BOURNEMOUTH,PRISTINA,138,0,138,0,0,0,0
17/12/2019 16:42,201909,WESTERN EUROPE-OTHER,MACEDONIA,LUTON,OHRID,2371,2371,0,2635,2635,0,-10.018975
17/12/2019 16:42,201909,WESTERN EUROPE-OTHER,MACEDONIA,LUTON,SKOPJE,5826,5826,0,6485,6485,0,-10.161912
17/12/2019 16:42,201909,WESTERN EUROPE-OTHER,NORWAY,GATWICK,BERGEN,17010,17010,0,17063,17063,0,-0.310614
17/12/2019 16:42,201909,WESTERN EUROPE-OTHER,NORWAY,GATWICK,OSLO (GARDERMOEN),31452,31452,0,38243,38243,0,-17.757498
17/12/2019 16:42,201909,WESTERN EUROPE-OTHER,NORWAY,GATWICK,STAVANGER,7203,7203,0,8449,8449,0,-14.747307
17/12/2019 16:42,201909,WESTERN EUROPE-OTHER,NORWAY,GATWICK,TRONDHEIM (VAERNES),5526,5526,0,4454,4454,0,24.068253
17/12/2019 16:42,201909,WESTERN EUROPE-OTHER,NORWAY,HEATHROW,OSLO (GARDERMOEN),59486,59486,0,56172,56172,0,5.899737
17/12/2019 16:42,201909,WESTERN EUROPE-OTHER,NORWAY,HEATHROW,STAVANGER,5898,5898,0,8539,8539,0,-30.92868
17/12/2019 16:42,201909,WESTERN EUROPE-OTHER,NORWAY,LUTON,BERGEN,5553,5553,0,0,0,0,0
17/12/2019 16:42,201909,WESTERN EUROPE-OTHER,NORWAY,LUTON,OSLO (GARDERMOEN),3992,3992,0,0,0,0,0
17/12/2019 16:42,201909,WESTERN EUROPE-OTHER,NORWAY,LUTON,STAVANGER,2605,2605,0,0,0,0,0
17/12/2019 16:42,201909,WESTERN EUROPE-OTHER,NORWAY,STANSTED,KRISTIANSAND (KJEVIK),2148,2148,0,1542,1542,0,39.299611
17/12/2019 16:42,201909,WESTERN EUROPE-OTHER,NORWAY,STANSTED,OSLO (GARDERMOEN),19434,19332,102,23966,23966,0,-18.910123
17/12/2019 16:42,201909,WESTERN EUROPE-OTHER,NORWAY,STANSTED,SANDEFJORD(TORP),5620,5620,0,5205,5205,0,7.973103
17/12/2019 16:42,201909,WESTERN EUROPE-OTHER,NORWAY,ABERDEEN,BERGEN,4383,4383,0,3865,3865,0,13.402329
17/12/2019 16:42,201909,WESTERN EUROPE-OTHER,NORWAY,ABERDEEN,OSLO (GARDERMOEN),3137,3137,0,3468,3468,0,-9.544406
17/12/2019 16:42,201909,WESTERN EUROPE-OTHER,NORWAY,ABERDEEN,STAVANGER,10128,10128,0,8427,8427,0,20.185119
17/12/2019 16:42,201909,WESTERN EUROPE-OTHER,NORWAY,BIGGIN HILL,OSLO (GARDERMOEN),3,0,3,0,0,0,0
17/12/2019 16:42,201909,WESTERN EUROPE-OTHER,NORWAY,DUNDEE,OSLO (GARDERMOEN),22,0,22,32,0,32,-31.25
17/12/2019 16:42,201909,WESTERN EUROPE-OTHER,NORWAY,EDINBURGH,ALESUND,262,0,262,0,0,0,0
17/12/2019 16:42,201909,WESTERN EUROPE-OTHER,NORWAY,EDINBURGH,BERGEN,646,646,0,0,0,0,0
17/12/2019 16:42,201909,WESTERN EUROPE-OTHER,NORWAY,EDINBURGH,OSLO (GARDERMOEN),12332,12332,0,11916,11827,89,3.491104
17/12/2019 16:42,201909,WESTERN EUROPE-OTHER,NORWAY,EDINBURGH,STAVANGER,950,950,0,0,0,0,0
17/12/2019 16:42,201909,WESTERN EUROPE-OTHER,NORWAY,GLASGOW,BERGEN,0,0,0,125,125,0,-100
17/12/2019 16:42,201909,WESTERN EUROPE-OTHER,NORWAY,GLASGOW,OSLO (GARDERMOEN),0,0,0,20,20,0,-100
17/12/2019 16:42,201909,WESTERN EUROPE-OTHER,NORWAY,GLASGOW,TRONDHEIM (VAERNES),0,0,0,145,0,145,-100
17/12/2019 16:42,201909,WESTERN EUROPE-OTHER,NORWAY,INVERNESS,BERGEN,144,144,0,534,534,0,-73.033708
17/12/2019 16:42,201909,WESTERN EUROPE-OTHER,NORWAY,LIVERPOOL (JOHN LENNON),BERGEN,907,907,0,346,346,0,162.138728
17/12/2019 16:42,201909,WESTERN EUROPE-OTHER,NORWAY,MANCHESTER,BERGEN,1866,1866,0,1783,1783,0,4.655076
17/12/2019 16:42,201909,WESTERN EUROPE-OTHER,NORWAY,MANCHESTER,OSLO (GARDERMOEN),12915,12915,0,12386,12386,0,4.270951
17/12/2019 16:42,201909,WESTERN EUROPE-OTHER,NORWAY,MANCHESTER,SANDEFJORD(TORP),5790,5790,0,5917,5917,0,-2.146358
17/12/2019 16:42,201909,WESTERN EUROPE-OTHER,NORWAY,MANCHESTER,STAVANGER,2367,2367,0,2030,2030,0,16.600985
17/12/2019 16:42,201909,WESTERN EUROPE-OTHER,NORWAY,NEWCASTLE,STAVANGER,1169,1169,0,859,859,0,36.088475
17/12/2019 16:42,201909,WESTERN EUROPE-OTHER,NORWAY,SUMBURGH,ALESUND,0,0,0,200,0,200,-100
17/12/2019 16:42,201909,WESTERN EUROPE-OTHER,REPUBLIC OF MONTENEGRO,GATWICK,PODGORICA,3164,0,3164,3150,0,3150,0.444444
17/12/2019 16:42,201909,WESTERN EUROPE-OTHER,REPUBLIC OF MONTENEGRO,GATWICK,TIVAT,6192,6192,0,5072,5072,0,22.082019
17/12/2019 16:42,201909,WESTERN EUROPE-OTHER,REPUBLIC OF MONTENEGRO,STANSTED,PODGORICA,3111,3111,0,3248,3248,0,-4.21798
17/12/2019 16:42,201909,WESTERN EUROPE-OTHER,REPUBLIC OF MONTENEGRO,STANSTED,TIVAT,0,0,0,284,284,0,-100
17/12/2019 16:42,201909,WESTERN EUROPE-OTHER,REPUBLIC OF MONTENEGRO,BIRMINGHAM,PODGORICA,899,0,899,1308,0,1308,-31.269113
17/12/2019 16:42,201909,WESTERN EUROPE-OTHER,REPUBLIC OF MONTENEGRO,MANCHESTER,PODGORICA,2008,0,2008,1801,0,1801,11.493615
17/12/2019 16:42,201909,WESTERN EUROPE-OTHER,REPUBLIC OF MONTENEGRO,MANCHESTER,TIVAT,3096,3096,0,3070,3070,0,0.846906
17/12/2019 16:42,201909,WESTERN EUROPE-OTHER,REPUBLIC OF SERBIA,HEATHROW,BELGRADE,11982,11982,0,8955,8955,0,33.802345
17/12/2019 16:42,201909,WESTERN EUROPE-OTHER,REPUBLIC OF SERBIA,LUTON,BELGRADE,6622,6622,0,4558,4426,132,45.283019
17/12/2019 16:42,201909,WESTERN EUROPE-OTHER,SWITZERLAND,GATWICK,BALE MULHOUSE,21915,21915,0,23115,23115,0,-5.191434
17/12/2019 16:42,201909,WESTERN EUROPE-OTHER,SWITZERLAND,GATWICK,GENEVA,46019,46019,0,48539,48539,0,-5.191702
17/12/2019 16:42,201909,WESTERN EUROPE-OTHER,SWITZERLAND,GATWICK,ZURICH,12879,12879,0,13064,13064,0,-1.416105
17/12/2019 16:42,201909,WESTERN EUROPE-OTHER,SWITZERLAND,HEATHROW,BALE MULHOUSE,20151,20151,0,23353,23353,0,-13.7113
17/12/2019 16:42,201909,WESTERN EUROPE-OTHER,SWITZERLAND,HEATHROW,GENEVA,74482,74482,0,74283,74283,0,0.267894
17/12/2019 16:42,201909,WESTERN EUROPE-OTHER,SWITZERLAND,HEATHROW,ZURICH,94416,94416,0,94459,94459,0,-0.045522
17/12/2019 16:42,201909,WESTERN EUROPE-OTHER,SWITZERLAND,LONDON CITY,GENEVA,16555,16555,0,14515,14515,0,14.054426
17/12/2019 16:42,201909,WESTERN EUROPE-OTHER,SWITZERLAND,LONDON CITY,ZURICH,37851,37851,0,34299,34299,0,10.355987
17/12/2019 16:42,201909,WESTERN EUROPE-OTHER,SWITZERLAND,LUTON,BALE MULHOUSE,8020,8020,0,7168,7168,0,11.886161
17/12/2019 16:42,201909,WESTERN EUROPE-OTHER,SWITZERLAND,LUTON,GENEVA,15732,15732,0,16148,16148,0,-2.57617
17/12/2019 16:42,201909,WESTERN EUROPE-OTHER,SWITZERLAND,LUTON,ZURICH,17017,17017,0,16333,16333,0,4.187841
17/12/2019 16:42,201909,WESTERN EUROPE-OTHER,SWITZERLAND,STANSTED,BALE MULHOUSE,0,0,0,9553,9553,0,-100
17/12/2019 16:42,201909,WESTERN EUROPE-OTHER,SWITZERLAND,BELFAST CITY (GEORGE BEST),GENEVA,0,0,0,1,0,1,-100
17/12/2019 16:42,201909,WESTERN EUROPE-OTHER,SWITZERLAND,BIGGIN HILL,SION,1,0,1,0,0,0,0
17/12/2019 16:42,201909,WESTERN EUROPE-OTHER,SWITZERLAND,BIGGIN HILL,ZURICH,3,0,3,0,0,0,0
17/12/2019 16:42,201909,WESTERN EUROPE-OTHER,SWITZERLAND,BIRMINGHAM,GENEVA,3775,3775,0,3131,3131,0,20.568508
17/12/2019 16:42,201909,WESTERN EUROPE-OTHER,SWITZERLAND,BIRMINGHAM,ZURICH,8516,8516,0,9053,8824,229,-5.931735
17/12/2019 16:42,201909,WESTERN EUROPE-OTHER,SWITZERLAND,BRISTOL,BALE MULHOUSE,4910,4910,0,4985,4985,0,-1.504514
17/12/2019 16:42,201909,WESTERN EUROPE-OTHER,SWITZERLAND,BRISTOL,GENEVA,11512,11512,0,11771,11771,0,-2.200323
17/12/2019 16:42,201909,WESTERN EUROPE-OTHER,SWITZERLAND,CARDIFF WALES,BALE MULHOUSE,0,0,0,43,0,43,-100
17/12/2019 16:42,201909,WESTERN EUROPE-OTHER,SWITZERLAND,EDINBURGH,BALE MULHOUSE,11420,11420,0,11562,11562,0,-1.228161
17/12/2019 16:42,201909,WESTERN EUROPE-OTHER,SWITZERLAND,EDINBURGH,GENEVA,13512,13512,0,13084,13084,0,3.271171
17/12/2019 16:42,201909,WESTERN EUROPE-OTHER,SWITZERLAND,EDINBURGH,ZURICH,6359,6265,94,4810,4554,256,32.203742
17/12/2019 16:42,201909,WESTERN EUROPE-OTHER,SWITZERLAND,GUERNSEY,ZURICH,35,35,0,83,83,0,-57.831325
17/12/2019 16:42,201909,WESTERN EUROPE-OTHER,SWITZERLAND,JERSEY,ALTENRHEIN,300,0,300,0,0,0,0
17/12/2019 16:42,201909,WESTERN EUROPE-OTHER,SWITZERLAND,JERSEY,ZURICH,26,26,0,180,93,87,-85.555556
17/12/2019 16:42,201909,WESTERN EUROPE-OTHER,SWITZERLAND,LIVERPOOL (JOHN LENNON),GENEVA,5284,5284,0,5592,5592,0,-5.507868
17/12/2019 16:42,201909,WESTERN EUROPE-OTHER,SWITZERLAND,MANCHESTER,BALE MULHOUSE,7975,7975,0,8272,8168,104,-3.590426
17/12/2019 16:42,201909,WESTERN EUROPE-OTHER,SWITZERLAND,MANCHESTER,BERNE,0,0,0,99,0,99,-100
17/12/2019 16:42,201909,WESTERN EUROPE-OTHER,SWITZERLAND,MANCHESTER,GENEVA,17744,17744,0,17412,17412,0,1.906731
17/12/2019 16:42,201909,WESTERN EUROPE-OTHER,SWITZERLAND,MANCHESTER,ZURICH,12303,12303,0,10411,10411,0,18.173086
17/12/2019 16:42,201909,WESTERN EUROPE-OTHER,SWITZERLAND,NEWCASTLE,GENEVA,2915,2915,0,2888,2888,0,0.934903
17/12/2019 16:42,201909,WESTERN EUROPE-OTHER,TURKEY,GATWICK,ANKARA (ESENBOGA),1952,1952,0,0,0,0,0
17/12/2019 16:42,201909,WESTERN EUROPE-OTHER,TURKEY,GATWICK,ANTALYA,48967,35584,13383,46300,34977,11323,5.760259
17/12/2019 16:42,201909,WESTERN EUROPE-OTHER,TURKEY,GATWICK,BODRUM (MILAS),18835,15438,3397,16244,13421,2823,15.950505
17/12/2019 16:42,201909,WESTERN EUROPE-OTHER,TURKEY,GATWICK,DALAMAN,57937,44197,13740,56391,46170,10221,2.741572
17/12/2019 16:42,201909,WESTERN EUROPE-OTHER,TURKEY,GATWICK,ISTANBUL,20555,20555,0,0,0,0,0
17/12/2019 16:42,201909,WESTERN EUROPE-OTHER,TURKEY,GATWICK,ISTANBUL (SABIHA GOKCEN),8610,8610,0,8656,8656,0,-0.531423
17/12/2019 16:42,201909,WESTERN EUROPE-OTHER,TURKEY,GATWICK,ISTANBUL ATATURK,0,0,0,20522,20522,0,-100
17/12/2019 16:42,201909,WESTERN EUROPE-OTHER,TURKEY,GATWICK,IZMIR (ADNAN MENDERES),8730,5635,3095,10132,8230,1902,-13.837347
17/12/2019 16:42,201909,WESTERN EUROPE-OTHER,TURKEY,HEATHROW,ISTANBUL,46087,46087,0,0,0,0,0
17/12/2019 16:42,201909,WESTERN EUROPE-OTHER,TURKEY,HEATHROW,ISTANBUL ATATURK,45806,45806,0,94808,94808,0,-51.685512
17/12/2019 16:42,201909,WESTERN EUROPE-OTHER,TURKEY,HEATHROW,IZMIR (ADNAN MENDERES),1256,0,1256,0,0,0,0
17/12/2019 16:42,201909,WESTERN EUROPE-OTHER,TURKEY,LUTON,ANKARA (ESENBOGA),1282,1282,0,2555,2555,0,-49.823875
17/12/2019 16:42,201909,WESTERN EUROPE-OTHER,TURKEY,LUTON,ANTALYA,6594,5932,662,8886,8701,185,-25.793383
17/12/2019 16:42,201909,WESTERN EUROPE-OTHER,TURKEY,LUTON,BODRUM (MILAS),5687,5687,0,5724,5724,0,-0.646401
17/12/2019 16:42,201909,WESTERN EUROPE-OTHER,TURKEY,LUTON,DALAMAN,4449,3213,1236,7974,6490,1484,-44.20617
17/12/2019 16:42,201909,WESTERN EUROPE-OTHER,TURKEY,LUTON,GAZIANTEP,600,600,0,751,751,0,-20.106525
17/12/2019 16:42,201909,WESTERN EUROPE-OTHER,TURKEY,LUTON,IZMIR (ADNAN MENDERES),3349,3349,0,2851,2851,0,17.467555
17/12/2019 16:42,201909,WESTERN EUROPE-OTHER,TURKEY,STANSTED,ANTALYA,23440,20631,2809,21427,19753,1674,9.394689
17/12/2019 16:42,201909,WESTERN EUROPE-OTHER,TURKEY,STANSTED,BODRUM (MILAS),8516,8516,0,7488,7488,0,13.728632
17/12/2019 16:42,201909,WESTERN EUROPE-OTHER,TURKEY,STANSTED,DALAMAN,30710,27373,3337,24370,21628,2742,26.015593
17/12/2019 16:42,201909,WESTERN EUROPE-OTHER,TURKEY,STANSTED,ISTANBUL,10986,10986,0,0,0,0,0
17/12/2019 16:42,201909,WESTERN EUROPE-OTHER,TURKEY,STANSTED,ISTANBUL (SABIHA GOKCEN),45224,45224,0,34942,34942,0,29.425906
17/12/2019 16:42,201909,WESTERN EUROPE-OTHER,TURKEY,STANSTED,ISTANBUL ATATURK,0,0,0,7462,7462,0,-100
17/12/2019 16:42,201909,WESTERN EUROPE-OTHER,TURKEY,STANSTED,IZMIR (ADNAN MENDERES),9400,9400,0,5295,5295,0,77.525968
17/12/2019 16:42,201909,WESTERN EUROPE-OTHER,TURKEY,ABERDEEN,DALAMAN,1335,0,1335,1488,0,1488,-10.282258
17/12/2019 16:42,201909,WESTERN EUROPE-OTHER,TURKEY,BELFAST INTERNATIONAL,ANTALYA,4099,1388,2711,2939,1355,1584,39.469207
17/12/2019 16:42,201909,WESTERN EUROPE-OTHER,TURKEY,BELFAST INTERNATIONAL,DALAMAN,5282,1786,3496,4478,1187,3291,17.954444
17/12/2019 16:42,201909,WESTERN EUROPE-OTHER,TURKEY,BIGGIN HILL,DALAMAN,0,0,0,12,0,12,-100
17/12/2019 16:42,201909,WESTERN EUROPE-OTHER,TURKEY,BIRMINGHAM,ANTALYA,19632,13786,5846,20245,15720,4525,-3.027908
17/12/2019 16:42,201909,WESTERN EUROPE-OTHER,TURKEY,BIRMINGHAM,BODRUM (MILAS),5668,3506,2162,3547,3073,474,59.797012
17/12/2019 16:42,201909,WESTERN EUROPE-OTHER,TURKEY,BIRMINGHAM,DALAMAN,22069,14205,7864,21863,15648,6215,0.942231
17/12/2019 16:42,201909,WESTERN EUROPE-OTHER,TURKEY,BIRMINGHAM,ISTANBUL,16020,16020,0,0,0,0,0
17/12/2019 16:42,201909,WESTERN EUROPE-OTHER,TURKEY,BIRMINGHAM,ISTANBUL ATATURK,0,0,0,14029,14029,0,-100
17/12/2019 16:42,201909,WESTERN EUROPE-OTHER,TURKEY,BIRMINGHAM,IZMIR (ADNAN MENDERES),3907,2476,1431,1158,1158,0,237.392055
17/12/2019 16:42,201909,WESTERN EUROPE-OTHER,TURKEY,BOURNEMOUTH,ANTALYA,1006,0,1006,0,0,0,0
17/12/2019 16:42,201909,WESTERN EUROPE-OTHER,TURKEY,BOURNEMOUTH,DALAMAN,1193,0,1193,1171,0,1171,1.878736
17/12/2019 16:42,201909,WESTERN EUROPE-OTHER,TURKEY,BRISTOL,ANTALYA,9832,6824,3008,8359,6908,1451,17.621725
17/12/2019 16:42,201909,WESTERN EUROPE-OTHER,TURKEY,BRISTOL,BODRUM (MILAS),7130,5843,1287,5798,5614,184,22.973439
17/12/2019 16:42,201909,WESTERN EUROPE-OTHER,TURKEY,BRISTOL,DALAMAN,14946,11243,3703,15430,12626,2804,-3.136747
17/12/2019 16:42,201909,WESTERN EUROPE-OTHER,TURKEY,CARDIFF WALES,ANTALYA,2898,0,2898,2790,0,2790,3.870968
17/12/2019 16:42,201909,WESTERN EUROPE-OTHER,TURKEY,CARDIFF WALES,DALAMAN,7161,0,7161,7076,0,7076,1.201244
17/12/2019 16:42,201909,WESTERN EUROPE-OTHER,TURKEY,DONCASTER SHEFFIELD,ANTALYA,1716,0,1716,1122,0,1122,52.941176
17/12/2019 16:42,201909,WESTERN EUROPE-OTHER,TURKEY,DONCASTER SHEFFIELD,BODRUM (MILAS),1721,0,1721,0,0,0,0
17/12/2019 16:42,201909,WESTERN EUROPE-OTHER,TURKEY,DONCASTER SHEFFIELD,DALAMAN,3247,0,3247,2650,0,2650,22.528302
17/12/2019 16:42,201909,WESTERN EUROPE-OTHER,TURKEY,EAST MIDLANDS INTERNATIONAL,ANTALYA,6086,6086,0,5594,4386,1208,8.795138
17/12/2019 16:42,201909,WESTERN EUROPE-OTHER,TURKEY,EAST MIDLANDS INTERNATIONAL,BODRUM (MILAS),1377,1377,0,224,224,0,514.732143
17/12/2019 16:42,201909,WESTERN EUROPE-OTHER,TURKEY,EAST MIDLANDS INTERNATIONAL,DALAMAN,11539,8731,2808,8138,6733,1405,41.791595
17/12/2019 16:42,201909,WESTERN EUROPE-OTHER,TURKEY,EDINBURGH,ANTALYA,3766,3766,0,5282,5282,0,-28.70125
17/12/2019 16:42,201909,WESTERN EUROPE-OTHER,TURKEY,EDINBURGH,BODRUM (MILAS),4402,4402,0,3161,3161,0,39.259728
17/12/2019 16:42,201909,WESTERN EUROPE-OTHER,TURKEY,EDINBURGH,DALAMAN,10215,7080,3135,6725,5214,1511,51.895911
17/12/2019 16:42,201909,WESTERN EUROPE-OTHER,TURKEY,EDINBURGH,ISTANBUL,8431,8431,0,0,0,0,0
17/12/2019 16:42,201909,WESTERN EUROPE-OTHER,TURKEY,EDINBURGH,ISTANBUL ATATURK,0,0,0,8506,8506,0,-100
17/12/2019 16:42,201909,WESTERN EUROPE-OTHER,TURKEY,EXETER,ANTALYA,113,0,113,0,0,0,0
17/12/2019 16:42,201909,WESTERN EUROPE-OTHER,TURKEY,EXETER,DALAMAN,2736,0,2736,2708,0,2708,1.033973
17/12/2019 16:42,201909,WESTERN EUROPE-OTHER,TURKEY,GLASGOW,ANTALYA,11760,9768,1992,9568,9568,0,22.909699
17/12/2019 16:42,201909,WESTERN EUROPE-OTHER,TURKEY,GLASGOW,BODRUM (MILAS),2609,2609,0,1441,1441,0,81.054823
17/12/2019 16:42,201909,WESTERN EUROPE-OTHER,TURKEY,GLASGOW,DALAMAN,20235,16254,3981,17856,14584,3272,13.323253
17/12/2019 16:42,201909,WESTERN EUROPE-OTHER,TURKEY,GLASGOW,IZMIR (ADNAN MENDERES),1421,1421,0,0,0,0,0
17/12/2019 16:42,201909,WESTERN EUROPE-OTHER,TURKEY,LEEDS BRADFORD,ANTALYA,6991,6991,0,10082,10082,0,-30.658599
17/12/2019 16:42,201909,WESTERN EUROPE-OTHER,TURKEY,LEEDS BRADFORD,BODRUM (MILAS),1496,1496,0,1771,1771,0,-15.52795
17/12/2019 16:42,201909,WESTERN EUROPE-OTHER,TURKEY,LEEDS BRADFORD,DALAMAN,9082,9082,0,11922,10446,1476,-23.821506
17/12/2019 16:42,201909,WESTERN EUROPE-OTHER,TURKEY,LEEDS BRADFORD,IZMIR (ADNAN MENDERES),1421,1421,0,0,0,0,0
17/12/2019 16:42,201909,WESTERN EUROPE-OTHER,TURKEY,LIVERPOOL (JOHN LENNON),BODRUM (MILAS),2785,2785,0,2651,2651,0,5.054696
17/12/2019 16:42,201909,WESTERN EUROPE-OTHER,TURKEY,LIVERPOOL (JOHN LENNON),DALAMAN,3139,3139,0,2708,2708,0,15.915805
17/12/2019 16:42,201909,WESTERN EUROPE-OTHER,TURKEY,MANCHESTER,ANTALYA,49469,38763,10706,43511,34995,8516,13.693089
17/12/2019 16:42,201909,WESTERN EUROPE-OTHER,TURKEY,MANCHESTER,BODRUM (MILAS),13711,10698,3013,13002,10291,2711,5.453007
17/12/2019 16:42,201909,WESTERN EUROPE-OTHER,TURKEY,MANCHESTER,DALAMAN,58844,45612,13232,54272,45025,9247,8.424233
17/12/2019 16:42,201909,WESTERN EUROPE-OTHER,TURKEY,MANCHESTER,ISTANBUL,20511,20511,0,0,0,0,0
17/12/2019 16:42,201909,WESTERN EUROPE-OTHER,TURKEY,MANCHESTER,ISTANBUL (SABIHA GOKCEN),11688,11688,0,0,0,0,0
17/12/2019 16:42,201909,WESTERN EUROPE-OTHER,TURKEY,MANCHESTER,ISTANBUL ATATURK,0,0,0,21457,21457,0,-100
17/12/2019 16:42,201909,WESTERN EUROPE-OTHER,TURKEY,MANCHESTER,IZMIR (ADNAN MENDERES),11616,8593,3023,8668,5403,3265,34.010152
17/12/2019 16:42,201909,WESTERN EUROPE-OTHER,TURKEY,NEWCASTLE,ANTALYA,10365,10365,0,12366,12366,0,-16.181465
17/12/2019 16:42,201909,WESTERN EUROPE-OTHER,TURKEY,NEWCASTLE,BODRUM (MILAS),1421,1421,0,3081,3081,0,-53.878611
17/12/2019 16:42,201909,WESTERN EUROPE-OTHER,TURKEY,NEWCASTLE,DALAMAN,19500,19500,0,18278,18278,0,6.685633
17/12/2019 16:42,201909,WESTERN EUROPE-OTHER,TURKEY,NEWCASTLE,IZMIR (ADNAN MENDERES),1425,1425,0,0,0,0,0
17/12/2019 16:42,201909,WESTERN EUROPE-OTHER,TURKEY,NORWICH,DALAMAN,1859,0,1859,2728,0,2728,-31.854839
17/12/2019 16:42,201909,EASTERN EUROPE-EU,BULGARIA,GATWICK,BURGAS,8729,2643,6086,11013,3901,7112,-20.739126
17/12/2019 16:42,201909,EASTERN EUROPE-EU,BULGARIA,GATWICK,SOFIA,7406,7406,0,8808,8808,0,-15.917348
17/12/2019 16:42,201909,EASTERN EUROPE-EU,BULGARIA,GATWICK,VARNA,4855,2359,2496,3495,1492,2003,38.912732
17/12/2019 16:42,201909,EASTERN EUROPE-EU,BULGARIA,HEATHROW,SOFIA,14528,14528,0,14627,14627,0,-0.676831
17/12/2019 16:42,201909,EASTERN EUROPE-EU,BULGARIA,LUTON,BURGAS,10933,10933,0,10401,10401,0,5.114893
17/12/2019 16:42,201909,EASTERN EUROPE-EU,BULGARIA,LUTON,SOFIA,28374,28254,120,26113,26113,0,8.658523
17/12/2019 16:42,201909,EASTERN EUROPE-EU,BULGARIA,LUTON,VARNA,13914,13914,0,10014,9868,146,38.945476
17/12/2019 16:42,201909,EASTERN EUROPE-EU,BULGARIA,STANSTED,BURGAS,3898,2612,1286,1589,0,1589,145.311517
17/12/2019 16:42,201909,EASTERN EUROPE-EU,BULGARIA,STANSTED,PLOVDIV,4725,4725,0,4306,4306,0,9.730608
17/12/2019 16:42,201909,EASTERN EUROPE-EU,BULGARIA,STANSTED,SOFIA,21032,21032,0,20803,20803,0,1.100803
17/12/2019 16:42,201909,EASTERN EUROPE-EU,BULGARIA,ABERDEEN,BURGAS,945,0,945,1095,0,1095,-13.69863
17/12/2019 16:42,201909,EASTERN EUROPE-EU,BULGARIA,BELFAST INTERNATIONAL,BURGAS,3006,1026,1980,3249,0,3249,-7.479224
17/12/2019 16:42,201909,EASTERN EUROPE-EU,BULGARIA,BIRMINGHAM,BURGAS,10708,5099,5609,8345,3089,5256,28.316357
17/12/2019 16:42,201909,EASTERN EUROPE-EU,BULGARIA,BIRMINGHAM,SOFIA,4297,4297,0,4602,4602,0,-6.627553
17/12/2019 16:42,201909,EASTERN EUROPE-EU,BULGARIA,BIRMINGHAM,VARNA,0,0,0,1179,1179,0,-100
17/12/2019 16:42,201909,EASTERN EUROPE-EU,BULGARIA,BRISTOL,BURGAS,5303,1241,4062,5462,1221,4241,-2.911022
17/12/2019 16:42,201909,EASTERN EUROPE-EU,BULGARIA,CARDIFF WALES,BURGAS,2462,0,2462,4216,0,4216,-41.603416
17/12/2019 16:42,201909,EASTERN EUROPE-EU,BULGARIA,DONCASTER SHEFFIELD,BURGAS,3379,0,3379,3423,0,3423,-1.285422
17/12/2019 16:42,201909,EASTERN EUROPE-EU,BULGARIA,DURHAM TEES VALLEY,BURGAS,829,0,829,0,0,0,0
17/12/2019 16:42,201909,EASTERN EUROPE-EU,BULGARIA,EAST MIDLANDS INTERNATIONAL,BURGAS,4971,2425,2546,4331,1385,2946,14.777188
17/12/2019 16:42,201909,EASTERN EUROPE-EU,BULGARIA,EDINBURGH,BURGAS,2788,1313,1475,2192,0,2192,27.189781
17/12/2019 16:42,201909,EASTERN EUROPE-EU,BULGARIA,EDINBURGH,SOFIA,3402,3254,148,0,0,0,0
17/12/2019 16:42,201909,EASTERN EUROPE-EU,BULGARIA,GLASGOW,BURGAS,4919,2534,2385,4298,1479,2819,14.448581
17/12/2019 16:42,201909,EASTERN EUROPE-EU,BULGARIA,GLASGOW,SOFIA,0,0,0,3269,3269,0,-100
17/12/2019 16:42,201909,EASTERN EUROPE-EU,BULGARIA,HUMBERSIDE,BURGAS,1700,0,1700,1234,0,1234,37.763371
17/12/2019 16:42,201909,EASTERN EUROPE-EU,BULGARIA,LEEDS BRADFORD,BURGAS,3171,2526,645,2648,0,2648,19.750755
17/12/2019 16:42,201909,EASTERN EUROPE-EU,BULGARIA,LIVERPOOL (JOHN LENNON),SOFIA,0,0,0,3057,3057,0,-100
17/12/2019 16:42,201909,EASTERN EUROPE-EU,BULGARIA,LIVERPOOL (JOHN LENNON),VARNA,3574,3574,0,0,0,0,0
17/12/2019 16:42,201909,EASTERN EUROPE-EU,BULGARIA,MANCHESTER,BURGAS,18453,8221,10232,17936,6087,11849,2.882471
17/12/2019 16:42,201909,EASTERN EUROPE-EU,BULGARIA,MANCHESTER,SOFIA,3974,3974,0,4337,4337,0,-8.369841
17/12/2019 16:42,201909,EASTERN EUROPE-EU,BULGARIA,MANCHESTER,VARNA,3790,1349,2441,4480,1526,2954,-15.401786
17/12/2019 16:42,201909,EASTERN EUROPE-EU,BULGARIA,NEWCASTLE,BURGAS,6755,6755,0,6516,6516,0,3.667894
17/12/2019 16:42,201909,EASTERN EUROPE-EU,BULGARIA,NORWICH,BURGAS,746,0,746,1076,0,1076,-30.669145
17/12/2019 16:42,201909,EASTERN EUROPE-EU,CZECH REPUBLIC,GATWICK,PRAGUE,22342,22342,0,21434,21434,0,4.23626
17/12/2019 16:42,201909,EASTERN EUROPE-EU,CZECH REPUBLIC,HEATHROW,PRAGUE,33468,33468,0,38454,38454,0,-12.966141
17/12/2019 16:42,201909,EASTERN EUROPE-EU,CZECH REPUBLIC,LONDON CITY,PRAGUE,3880,3880,0,3368,3368,0,15.2019
17/12/2019 16:42,201909,EASTERN EUROPE-EU,CZECH REPUBLIC,LUTON,PRAGUE,11003,11003,0,11987,11987,0,-8.208893
17/12/2019 16:42,201909,EASTERN EUROPE-EU,CZECH REPUBLIC,SOUTHEND,PRAGUE,4626,4626,0,8789,8789,0,-47.366026
17/12/2019 16:42,201909,EASTERN EUROPE-EU,CZECH REPUBLIC,STANSTED,BRNO (TURANY),10650,10650,0,10417,10417,0,2.236728
17/12/2019 16:42,201909,EASTERN EUROPE-EU,CZECH REPUBLIC,STANSTED,OSTRAVA,4251,4251,0,4648,4648,0,-8.541308
17/12/2019 16:42,201909,EASTERN EUROPE-EU,CZECH REPUBLIC,STANSTED,PARDUBICE,0,0,0,4201,4201,0,-100
17/12/2019 16:42,201909,EASTERN EUROPE-EU,CZECH REPUBLIC,STANSTED,PRAGUE,38408,38408,0,32921,32921,0,16.667173
17/12/2019 16:42,201909,EASTERN EUROPE-EU,CZECH REPUBLIC,BIRMINGHAM,PRAGUE,11361,11361,0,6577,6577,0,72.738331
17/12/2019 16:42,201909,EASTERN EUROPE-EU,CZECH REPUBLIC,BOURNEMOUTH,PRAGUE,3048,3048,0,0,0,0,0
17/12/2019 16:42,201909,EASTERN EUROPE-EU,CZECH REPUBLIC,BRISTOL,PRAGUE,7255,7255,0,7035,7035,0,3.127221
17/12/2019 16:42,201909,EASTERN EUROPE-EU,CZECH REPUBLIC,EAST MIDLANDS INTERNATIONAL,PRAGUE,2418,2418,0,2222,2222,0,8.820882
17/12/2019 16:42,201909,EASTERN EUROPE-EU,CZECH REPUBLIC,EDINBURGH,PRAGUE,12938,12938,0,14447,14447,0,-10.445075
17/12/2019 16:42,201909,EASTERN EUROPE-EU,CZECH REPUBLIC,GLASGOW,PRAGUE,3288,3193,95,2855,2855,0,15.166375
17/12/2019 16:42,201909,EASTERN EUROPE-EU,CZECH REPUBLIC,LEEDS BRADFORD,PRAGUE,2466,2466,0,2424,2424,0,1.732673
17/12/2019 16:42,201909,EASTERN EUROPE-EU,CZECH REPUBLIC,LIVERPOOL (JOHN LENNON),PRAGUE,4436,4436,0,6010,6010,0,-26.189684
17/12/2019 16:42,201909,EASTERN EUROPE-EU,CZECH REPUBLIC,MANCHESTER,PRAGUE,15936,15936,0,14527,14527,0,9.699181
17/12/2019 16:42,201909,EASTERN EUROPE-EU,CZECH REPUBLIC,NEWCASTLE,PRAGUE,2873,2873,0,2273,2273,0,26.396832
17/12/2019 16:42,201909,EASTERN EUROPE-EU,ESTONIA,GATWICK,TALLIN,6957,6957,0,4368,4368,0,59.271978
17/12/2019 16:42,201909,EASTERN EUROPE-EU,ESTONIA,HEATHROW,TALLIN,0,0,0,2322,2322,0,-100
17/12/2019 16:42,201909,EASTERN EUROPE-EU,ESTONIA,LUTON,TALLIN,3081,3081,0,2293,2293,0,34.36546
17/12/2019 16:42,201909,EASTERN EUROPE-EU,ESTONIA,STANSTED,TALLIN,5837,5837,0,5610,5610,0,4.046346
17/12/2019 16:42,201909,EASTERN EUROPE-EU,ESTONIA,CARDIFF WALES,TALLIN,42,0,42,0,0,0,0
17/12/2019 16:42,201909,EASTERN EUROPE-EU,ESTONIA,EDINBURGH,TALLIN,2950,2950,0,0,0,0,0
17/12/2019 16:42,201909,EASTERN EUROPE-EU,HUNGARY,GATWICK,BUDAPEST,27297,27297,0,13379,13379,0,104.028702
17/12/2019 16:42,201909,EASTERN EUROPE-EU,HUNGARY,HEATHROW,BUDAPEST,31190,31190,0,33878,33878,0,-7.934353
17/12/2019 16:42,201909,EASTERN EUROPE-EU,HUNGARY,LONDON CITY,BUDAPEST,7315,7315,0,0,0,0,0
17/12/2019 16:42,201909,EASTERN EUROPE-EU,HUNGARY,LUTON,BUDAPEST,49047,49047,0,50511,50511,0,-2.898379
17/12/2019 16:42,201909,EASTERN EUROPE-EU,HUNGARY,LUTON,DEBRECEN,13550,13550,0,13649,13649,0,-0.725328
17/12/2019 16:42,201909,EASTERN EUROPE-EU,HUNGARY,SOUTHEND,BUDAPEST,0,0,0,2220,2220,0,-100
17/12/2019 16:42,201909,EASTERN EUROPE-EU,HUNGARY,STANSTED,BUDAPEST,36259,36259,0,36764,36764,0,-1.373626
17/12/2019 16:42,201909,EASTERN EUROPE-EU,HUNGARY,BIRMINGHAM,BUDAPEST,4088,4088,0,4316,4316,0,-5.282669
17/12/2019 16:42,201909,EASTERN EUROPE-EU,HUNGARY,BRISTOL,BUDAPEST,4302,4302,0,4523,4523,0,-4.886138
17/12/2019 16:42,201909,EASTERN EUROPE-EU,HUNGARY,DONCASTER SHEFFIELD,BUDAPEST,3364,3364,0,0,0,0,0
17/12/2019 16:42,201909,EASTERN EUROPE-EU,HUNGARY,DONCASTER SHEFFIELD,DEBRECEN,2884,2884,0,0,0,0,0
17/12/2019 16:42,201909,EASTERN EUROPE-EU,HUNGARY,EAST MIDLANDS INTERNATIONAL,BUDAPEST,6858,6858,0,6318,6318,0,8.547009
17/12/2019 16:42,201909,EASTERN EUROPE-EU,HUNGARY,EDINBURGH,BUDAPEST,7935,7935,0,9496,9496,0,-16.4385
17/12/2019 16:42,201909,EASTERN EUROPE-EU,HUNGARY,GLASGOW,BUDAPEST,3100,3100,0,3036,3036,0,2.108037
17/12/2019 16:42,201909,EASTERN EUROPE-EU,HUNGARY,LEEDS BRADFORD,BUDAPEST,2857,2857,0,2494,2494,0,14.554932
17/12/2019 16:42,201909,EASTERN EUROPE-EU,HUNGARY,LIVERPOOL (JOHN LENNON),BUDAPEST,3884,3884,0,4194,4194,0,-7.391512
17/12/2019 16:42,201909,EASTERN EUROPE-EU,HUNGARY,MANCHESTER,BUDAPEST,17726,17726,0,12788,12788,0,38.614326
17/12/2019 16:42,201909,EASTERN EUROPE-EU,LATVIA,GATWICK,RIGA,13910,13910,0,13191,13191,0,5.450686
17/12/2019 16:42,201909,EASTERN EUROPE-EU,LATVIA,LUTON,RIGA,16773,16773,0,17100,17100,0,-1.912281
17/12/2019 16:42,201909,EASTERN EUROPE-EU,LATVIA,STANSTED,RIGA,20335,20335,0,20676,20676,0,-1.649255
17/12/2019 16:42,201909,EASTERN EUROPE-EU,LATVIA,ABERDEEN,RIGA,1569,1569,0,401,401,0,291.27182
17/12/2019 16:42,201909,EASTERN EUROPE-EU,LATVIA,BIRMINGHAM,RIGA,0,0,0,45,0,45,-100
17/12/2019 16:42,201909,EASTERN EUROPE-EU,LATVIA,DONCASTER SHEFFIELD,RIGA,3766,3766,0,3519,3519,0,7.019039
17/12/2019 16:42,201909,EASTERN EUROPE-EU,LATVIA,EAST MIDLANDS INTERNATIONAL,RIGA,4547,4547,0,4110,4110,0,10.632603
17/12/2019 16:42,201909,EASTERN EUROPE-EU,LATVIA,EDINBURGH,RIGA,1431,1431,0,0,0,0,0
17/12/2019 16:42,201909,EASTERN EUROPE-EU,LATVIA,GLASGOW,RIGA,0,0,0,3181,3181,0,-100
17/12/2019 16:42,201909,EASTERN EUROPE-EU,LATVIA,LEEDS BRADFORD,RIGA,2990,2990,0,3017,3017,0,-0.894929
17/12/2019 16:42,201909,EASTERN EUROPE-EU,LATVIA,MANCHESTER,RIGA,4170,4170,0,4475,4475,0,-6.815642
17/12/2019 16:42,201909,EASTERN EUROPE-EU,LATVIA,NORWICH,RIGA,0,0,0,45,0,45,-100
17/12/2019 16:42,201909,EASTERN EUROPE-EU,LITHUANIA,LONDON CITY,VILNIUS,7408,7408,0,0,0,0,0
17/12/2019 16:42,201909,EASTERN EUROPE-EU,LITHUANIA,LUTON,KAUNAS,20402,20402,0,20028,20028,0,1.867386
17/12/2019 16:42,201909,EASTERN EUROPE-EU,LITHUANIA,LUTON,PALANGA,6013,6013,0,5541,5541,0,8.518318
17/12/2019 16:42,201909,EASTERN EUROPE-EU,LITHUANIA,LUTON,VILNIUS,26762,26762,0,29903,29903,0,-10.503963
17/12/2019 16:42,201909,EASTERN EUROPE-EU,LITHUANIA,STANSTED,KAUNAS,5801,5801,0,7374,7374,0,-21.331706
17/12/2019 16:42,201909,EASTERN EUROPE-EU,LITHUANIA,STANSTED,PALANGA,2900,2900,0,3158,3158,0,-8.169728
17/12/2019 16:42,201909,EASTERN EUROPE-EU,LITHUANIA,STANSTED,VILNIUS,10315,10315,0,10300,10300,0,0.145631
17/12/2019 16:42,201909,EASTERN EUROPE-EU,LITHUANIA,BELFAST INTERNATIONAL,VILNIUS,3384,3384,0,3009,3009,0,12.462612
17/12/2019 16:42,201909,EASTERN EUROPE-EU,LITHUANIA,BIRMINGHAM,VILNIUS,0,0,0,2968,2968,0,-100
17/12/2019 16:42,201909,EASTERN EUROPE-EU,LITHUANIA,BRISTOL,KAUNAS,2867,2867,0,4697,4697,0,-38.961039
17/12/2019 16:42,201909,EASTERN EUROPE-EU,LITHUANIA,DONCASTER SHEFFIELD,VILNIUS,5325,5325,0,3244,3244,0,64.149199
17/12/2019 16:42,201909,EASTERN EUROPE-EU,LITHUANIA,EDINBURGH,KAUNAS,2892,2892,0,3246,3246,0,-10.90573
17/12/2019 16:42,201909,EASTERN EUROPE-EU,LITHUANIA,LEEDS BRADFORD,VILNIUS,2997,2997,0,2681,2681,0,11.786647
17/12/2019 16:42,201909,EASTERN EUROPE-EU,LITHUANIA,LIVERPOOL (JOHN LENNON),VILNIUS,3031,3031,0,2716,2716,0,11.597938
17/12/2019 16:42,201909,EASTERN EUROPE-EU,POLAND,GATWICK,GDANSK,11412,11412,0,0,0,0,0
17/12/2019 16:42,201909,EASTERN EUROPE-EU,POLAND,GATWICK,KRAKOW,13647,13647,0,11272,11272,0,21.069908
17/12/2019 16:42,201909,EASTERN EUROPE-EU,POLAND,HEATHROW,KRAKOW,8381,8381,0,9096,9096,0,-7.860598
17/12/2019 16:42,201909,EASTERN EUROPE-EU,POLAND,HEATHROW,WARSAW (CHOPIN),36163,36163,0,47732,47732,0,-24.237409
17/12/2019 16:42,201909,EASTERN EUROPE-EU,POLAND,LONDON CITY,WARSAW (CHOPIN),8269,8269,0,0,0,0,0
17/12/2019 16:42,201909,EASTERN EUROPE-EU,POLAND,LUTON,BYDGOSZCZ,4458,4458,0,5609,5609,0,-20.520592
17/12/2019 16:42,201909,EASTERN EUROPE-EU,POLAND,LUTON,GDANSK,26464,26464,0,29780,29780,0,-11.13499
17/12/2019 16:42,201909,EASTERN EUROPE-EU,POLAND,LUTON,KATOWICE,23691,23691,0,31187,31187,0,-24.035656
17/12/2019 16:42,201909,EASTERN EUROPE-EU,POLAND,LUTON,KRAKOW,28030,28030,0,0,0,0,0
17/12/2019 16:42,201909,EASTERN EUROPE-EU,POLAND,LUTON,LUBLIN (PORT LOTNICZY),15491,15491,0,11168,11168,0,38.708811
17/12/2019 16:42,201909,EASTERN EUROPE-EU,POLAND,LUTON,POZNAN,12824,12824,0,15071,15071,0,-14.909429
17/12/2019 16:42,201909,EASTERN EUROPE-EU,POLAND,LUTON,RZESZOW,4384,4384,0,4724,4724,0,-7.19729
17/12/2019 16:42,201909,EASTERN EUROPE-EU,POLAND,LUTON,SZYMANY (MAZURY),3942,3942,0,4258,4258,0,-7.421325
17/12/2019 16:42,201909,EASTERN EUROPE-EU,POLAND,LUTON,WARSAW (CHOPIN),43435,43435,0,41113,41113,0,5.647849
17/12/2019 16:42,201909,EASTERN EUROPE-EU,POLAND,LUTON,WROCLAW,13784,13784,0,13743,13743,0,0.298334
17/12/2019 16:42,201909,EASTERN EUROPE-EU,POLAND,STANSTED,BYDGOSZCZ,10106,10106,0,9941,9941,0,1.659793
17/12/2019 16:42,201909,EASTERN EUROPE-EU,POLAND,STANSTED,GDANSK,16134,16134,0,17209,17209,0,-6.246731
17/12/2019 16:42,201909,EASTERN EUROPE-EU,POLAND,STANSTED,KATOWICE,8950,8950,0,10388,10388,0,-13.842896
17/12/2019 16:42,201909,EASTERN EUROPE-EU,POLAND,STANSTED,KRAKOW,29835,29835,0,29319,29319,0,1.759951
17/12/2019 16:42,201909,EASTERN EUROPE-EU,POLAND,STANSTED,LODZ LUBLINEK,9196,9196,0,9216,9216,0,-0.217014
17/12/2019 16:42,201909,EASTERN EUROPE-EU,POLAND,STANSTED,LUBLIN (PORT LOTNICZY),0,0,0,5985,5985,0,-100
17/12/2019 16:42,201909,EASTERN EUROPE-EU,POLAND,STANSTED,POZNAN,13350,13350,0,13268,13268,0,0.618028
17/12/2019 16:42,201909,EASTERN EUROPE-EU,POLAND,STANSTED,RZESZOW,13994,13994,0,14309,14309,0,-2.201412
17/12/2019 16:42,201909,EASTERN EUROPE-EU,POLAND,STANSTED,SZCZECIN (GOLENOW),10443,10443,0,10138,10138,0,3.008483
17/12/2019 16:42,201909,EASTERN EUROPE-EU,POLAND,STANSTED,SZYMANY (MAZURY),3974,3974,0,4245,4245,0,-6.383981
17/12/2019 16:42,201909,EASTERN EUROPE-EU,POLAND,STANSTED,WARSAW (MODLIN MASOVIA),26832,26832,0,36666,36666,0,-26.820488
17/12/2019 16:42,201909,EASTERN EUROPE-EU,POLAND,STANSTED,WROCLAW,18273,18273,0,18198,18198,0,0.412133
17/12/2019 16:42,201909,EASTERN EUROPE-EU,POLAND,ABERDEEN,GDANSK,4088,4088,0,3047,3047,0,34.164752
17/12/2019 16:42,201909,EASTERN EUROPE-EU,POLAND,BELFAST INTERNATIONAL,GDANSK,2784,2784,0,3133,3133,0,-11.139483
17/12/2019 16:42,201909,EASTERN EUROPE-EU,POLAND,BELFAST INTERNATIONAL,KRAKOW,8436,8436,0,8654,8654,0,-2.519066
17/12/2019 16:42,201909,EASTERN EUROPE-EU,POLAND,BELFAST INTERNATIONAL,WARSAW (MODLIN MASOVIA),0,0,0,3085,3085,0,-100
17/12/2019 16:42,201909,EASTERN EUROPE-EU,POLAND,BELFAST INTERNATIONAL,WROCLAW,3007,3007,0,2664,2664,0,12.875375
17/12/2019 16:42,201909,EASTERN EUROPE-EU,POLAND,BIRMINGHAM,BYDGOSZCZ,4213,4213,0,4669,4669,0,-9.766545
17/12/2019 16:42,201909,EASTERN EUROPE-EU,POLAND,BIRMINGHAM,GDANSK,3078,3078,0,3155,3155,0,-2.440571
17/12/2019 16:42,201909,EASTERN EUROPE-EU,POLAND,BIRMINGHAM,KATOWICE,3096,3096,0,2807,2807,0,10.295689
17/12/2019 16:42,201909,EASTERN EUROPE-EU,POLAND,BIRMINGHAM,KRAKOW,10228,10228,0,5979,5979,0,71.065396
17/12/2019 16:42,201909,EASTERN EUROPE-EU,POLAND,BIRMINGHAM,POZNAN,1530,1530,0,2829,2829,0,-45.917285
17/12/2019 16:42,201909,EASTERN EUROPE-EU,POLAND,BIRMINGHAM,WARSAW (CHOPIN),4197,4197,0,4476,4476,0,-6.233244
17/12/2019 16:42,201909,EASTERN EUROPE-EU,POLAND,BIRMINGHAM,WARSAW (MODLIN MASOVIA),2920,2920,0,4466,4466,0,-34.617107
17/12/2019 16:42,201909,EASTERN EUROPE-EU,POLAND,BIRMINGHAM,WROCLAW,2768,2768,0,2763,2763,0,0.180963
17/12/2019 16:42,201909,EASTERN EUROPE-EU,POLAND,BOURNEMOUTH,KRAKOW,3261,3261,0,2852,2852,0,14.340813
17/12/2019 16:42,201909,EASTERN EUROPE-EU,POLAND,BRISTOL,GDANSK,3241,3241,0,4142,4142,0,-21.752776
17/12/2019 16:42,201909,EASTERN EUROPE-EU,POLAND,BRISTOL,KATOWICE,4515,4515,0,3614,3614,0,24.930825
17/12/2019 16:42,201909,EASTERN EUROPE-EU,POLAND,BRISTOL,KRAKOW,10019,10019,0,9548,9548,0,4.93297
17/12/2019 16:42,201909,EASTERN EUROPE-EU,POLAND,BRISTOL,POZNAN,3258,3258,0,3132,3132,0,4.022989
17/12/2019 16:42,201909,EASTERN EUROPE-EU,POLAND,BRISTOL,RZESZOW,3336,3336,0,2799,2799,0,19.185423
17/12/2019 16:42,201909,EASTERN EUROPE-EU,POLAND,BRISTOL,WARSAW (MODLIN MASOVIA),6129,6129,0,5971,5971,0,2.646123
17/12/2019 16:42,201909,EASTERN EUROPE-EU,POLAND,BRISTOL,WROCLAW,3280,3280,0,3180,3180,0,3.144654
17/12/2019 16:42,201909,EASTERN EUROPE-EU,POLAND,CARDIFF WALES,WROCLAW,0,0,0,54,0,54,-100
17/12/2019 16:42,201909,EASTERN EUROPE-EU,POLAND,DONCASTER SHEFFIELD,GDANSK,7580,7580,0,6409,6409,0,18.271181
17/12/2019 16:42,201909,EASTERN EUROPE-EU,POLAND,DONCASTER SHEFFIELD,KATOWICE,7273,7273,0,7387,7387,0,-1.543252
17/12/2019 16:42,201909,EASTERN EUROPE-EU,POLAND,DONCASTER SHEFFIELD,KRAKOW,4878,4878,0,0,0,0,0
17/12/2019 16:42,201909,EASTERN EUROPE-EU,POLAND,DONCASTER SHEFFIELD,POZNAN,4123,4123,0,4149,4149,0,-0.626657
17/12/2019 16:42,201909,EASTERN EUROPE-EU,POLAND,DONCASTER SHEFFIELD,WARSAW (CHOPIN),7834,7834,0,6486,6486,0,20.783225
17/12/2019 16:42,201909,EASTERN EUROPE-EU,POLAND,DONCASTER SHEFFIELD,WROCLAW,2664,2664,0,2788,2788,0,-4.447633
17/12/2019 16:42,201909,EASTERN EUROPE-EU,POLAND,EAST MIDLANDS INTERNATIONAL,KRAKOW,4644,4644,0,4330,4330,0,7.251732
17/12/2019 16:42,201909,EASTERN EUROPE-EU,POLAND,EAST MIDLANDS INTERNATIONAL,LODZ LUBLINEK,2785,2785,0,3170,3170,0,-12.14511
17/12/2019 16:42,201909,EASTERN EUROPE-EU,POLAND,EAST MIDLANDS INTERNATIONAL,RZESZOW,4265,4265,0,4709,4709,0,-9.428753
17/12/2019 16:42,201909,EASTERN EUROPE-EU,POLAND,EAST MIDLANDS INTERNATIONAL,WARSAW (MODLIN MASOVIA),2589,2589,0,4210,4210,0,-38.503563
17/12/2019 16:42,201909,EASTERN EUROPE-EU,POLAND,EAST MIDLANDS INTERNATIONAL,WROCLAW,6142,6142,0,7243,7243,0,-15.200884
17/12/2019 16:42,201909,EASTERN EUROPE-EU,POLAND,EDINBURGH,GDANSK,4387,4387,0,4784,4784,0,-8.298495
17/12/2019 16:42,201909,EASTERN EUROPE-EU,POLAND,EDINBURGH,KATOWICE,3283,3283,0,3205,3205,0,2.433697
17/12/2019 16:42,201909,EASTERN EUROPE-EU,POLAND,EDINBURGH,KRAKOW,12169,12169,0,11715,11715,0,3.875373
17/12/2019 16:42,201909,EASTERN EUROPE-EU,POLAND,EDINBURGH,POZNAN,3252,3252,0,2871,2871,0,13.270637
17/12/2019 16:42,201909,EASTERN EUROPE-EU,POLAND,EDINBURGH,SZCZECIN (GOLENOW),0,0,0,2952,2952,0,-100
17/12/2019 16:42,201909,EASTERN EUROPE-EU,POLAND,EDINBURGH,WARSAW (MODLIN MASOVIA),4361,4361,0,4650,4650,0,-6.215054
17/12/2019 16:42,201909,EASTERN EUROPE-EU,POLAND,EDINBURGH,WROCLAW,2919,2919,0,2913,2913,0,0.205973
17/12/2019 16:42,201909,EASTERN EUROPE-EU,POLAND,GLASGOW,KATOWICE,1323,1323,0,3762,3762,0,-64.832536
17/12/2019 16:42,201909,EASTERN EUROPE-EU,POLAND,GLASGOW,KRAKOW,3246,3246,0,3236,3236,0,0.309023
17/12/2019 16:42,201909,EASTERN EUROPE-EU,POLAND,GLASGOW,WARSAW (MODLIN MASOVIA),3202,3202,0,1436,1436,0,122.980501
17/12/2019 16:42,201909,EASTERN EUROPE-EU,POLAND,GLASGOW,WROCLAW,3273,3273,0,2926,2926,0,11.859193
17/12/2019 16:42,201909,EASTERN EUROPE-EU,POLAND,LEEDS BRADFORD,GDANSK,5147,5147,0,5537,5537,0,-7.043525
17/12/2019 16:42,201909,EASTERN EUROPE-EU,POLAND,LEEDS BRADFORD,KRAKOW,8370,8370,0,6442,6442,0,29.928594
17/12/2019 16:42,201909,EASTERN EUROPE-EU,POLAND,LEEDS BRADFORD,WARSAW (MODLIN MASOVIA),3006,3006,0,3058,3058,0,-1.700458
17/12/2019 16:42,201909,EASTERN EUROPE-EU,POLAND,LEEDS BRADFORD,WROCLAW,3036,3036,0,2997,2997,0,1.301301
17/12/2019 16:42,201909,EASTERN EUROPE-EU,POLAND,LIVERPOOL (JOHN LENNON),GDANSK,6589,6589,0,4718,4718,0,39.656634
17/12/2019 16:42,201909,EASTERN EUROPE-EU,POLAND,LIVERPOOL (JOHN LENNON),KATOWICE,3735,3735,0,3498,3498,0,6.7753
17/12/2019 16:42,201909,EASTERN EUROPE-EU,POLAND,LIVERPOOL (JOHN LENNON),KRAKOW,8295,8295,0,8374,8374,0,-0.943396
17/12/2019 16:42,201909,EASTERN EUROPE-EU,POLAND,LIVERPOOL (JOHN LENNON),POZNAN,2691,2691,0,3080,3080,0,-12.62987
17/12/2019 16:42,201909,EASTERN EUROPE-EU,POLAND,LIVERPOOL (JOHN LENNON),SZCZECIN (GOLENOW),2805,2805,0,3178,3178,0,-11.736941
17/12/2019 16:42,201909,EASTERN EUROPE-EU,POLAND,LIVERPOOL (JOHN LENNON),WARSAW (CHOPIN),4921,4921,0,3855,3855,0,27.652399
17/12/2019 16:42,201909,EASTERN EUROPE-EU,POLAND,LIVERPOOL (JOHN LENNON),WARSAW (MODLIN MASOVIA),4149,4149,0,5693,5693,0,-27.121026
17/12/2019 16:42,201909,EASTERN EUROPE-EU,POLAND,LIVERPOOL (JOHN LENNON),WROCLAW,2764,2764,0,4419,4419,0,-37.451912
17/12/2019 16:42,201909,EASTERN EUROPE-EU,POLAND,MANCHESTER,GDANSK,4496,4496,0,4178,4178,0,7.611297
17/12/2019 16:42,201909,EASTERN EUROPE-EU,POLAND,MANCHESTER,KRAKOW,16070,16070,0,12998,12998,0,23.634405
17/12/2019 16:42,201909,EASTERN EUROPE-EU,POLAND,MANCHESTER,RZESZOW,3197,3197,0,3206,3206,0,-0.280724
17/12/2019 16:42,201909,EASTERN EUROPE-EU,POLAND,MANCHESTER,WARSAW (MODLIN MASOVIA),4553,4553,0,4688,4688,0,-2.879693
17/12/2019 16:42,201909,EASTERN EUROPE-EU,POLAND,MANCHESTER,WROCLAW,4367,4367,0,4094,4094,0,6.668295
17/12/2019 16:42,201909,EASTERN EUROPE-EU,POLAND,NEWCASTLE,GDANSK,2933,2933,0,2632,2632,0,11.43617
17/12/2019 16:42,201909,EASTERN EUROPE-EU,POLAND,NEWCASTLE,KRAKOW,3210,3210,0,2323,2323,0,38.183384
17/12/2019 16:42,201909,EASTERN EUROPE-EU,POLAND,NEWCASTLE,WARSAW (MODLIN MASOVIA),0,0,0,2609,2609,0,-100
17/12/2019 16:42,201909,EASTERN EUROPE-EU,POLAND,NEWCASTLE,WROCLAW,2936,2936,0,2921,2921,0,0.513523
17/12/2019 16:42,201909,EASTERN EUROPE-EU,POLAND,PRESTWICK,BYDGOSZCZ,2846,2846,0,0,0,0,0
17/12/2019 16:42,201909,EASTERN EUROPE-EU,POLAND,PRESTWICK,RZESZOW,0,0,0,3172,3172,0,-100
17/12/2019 16:42,201909,EASTERN EUROPE-EU,ROMANIA,GATWICK,BUCHAREST (OTOPENI),12890,12890,0,12937,12937,0,-0.363299
17/12/2019 16:42,201909,EASTERN EUROPE-EU,ROMANIA,GATWICK,CLUJ NAPOCA,9423,9423,0,0,0,0,0
17/12/2019 16:42,201909,EASTERN EUROPE-EU,ROMANIA,HEATHROW,BUCHAREST (OTOPENI),23233,23233,0,24207,24207,0,-4.02363
17/12/2019 16:42,201909,EASTERN EUROPE-EU,ROMANIA,LUTON,BACAU,9491,9491,0,9917,9917,0,-4.295654
17/12/2019 16:42,201909,EASTERN EUROPE-EU,ROMANIA,LUTON,BUCHAREST (OTOPENI),63820,63820,0,61208,61208,0,4.267416
17/12/2019 16:42,201909,EASTERN EUROPE-EU,ROMANIA,LUTON,CLUJ NAPOCA,25408,25408,0,27511,27511,0,-7.644215
17/12/2019 16:42,201909,EASTERN EUROPE-EU,ROMANIA,LUTON,CONSTANTA,8624,8624,0,5586,5586,0,54.385965
17/12/2019 16:42,201909,EASTERN EUROPE-EU,ROMANIA,LUTON,CRAIOVA,13612,13612,0,10695,10695,0,27.274427
17/12/2019 16:42,201909,EASTERN EUROPE-EU,ROMANIA,LUTON,IASI,18143,18143,0,20652,20652,0,-12.148944
17/12/2019 16:42,201909,EASTERN EUROPE-EU,ROMANIA,LUTON,SATU MARE,6075,6075,0,2860,2860,0,112.412587
17/12/2019 16:42,201909,EASTERN EUROPE-EU,ROMANIA,LUTON,SIBIU,12820,12820,0,10002,10002,0,28.174365
17/12/2019 16:42,201909,EASTERN EUROPE-EU,ROMANIA,LUTON,SUCEAVA,16470,16470,0,11309,11309,0,45.636219
17/12/2019 16:42,201909,EASTERN EUROPE-EU,ROMANIA,LUTON,TIMISOARA,16389,16389,0,10660,10660,0,53.742964
17/12/2019 16:42,201909,EASTERN EUROPE-EU,ROMANIA,LUTON,TIRGU MURES,4235,4235,0,2484,2484,0,70.491143
17/12/2019 16:42,201909,EASTERN EUROPE-EU,ROMANIA,SOUTHEND,CLUJ NAPOCA,3323,3323,0,0,0,0,0
17/12/2019 16:42,201909,EASTERN EUROPE-EU,ROMANIA,STANSTED,BUCHAREST (OTOPENI),17120,17120,0,21441,21441,0,-20.152978
17/12/2019 16:42,201909,EASTERN EUROPE-EU,ROMANIA,BIGGIN HILL,BUCHAREST (BANEASA),1,0,1,0,0,0,0
17/12/2019 16:42,201909,EASTERN EUROPE-EU,ROMANIA,BIRMINGHAM,BUCHAREST (OTOPENI),10803,10803,0,9310,9310,0,16.03652
17/12/2019 16:42,201909,EASTERN EUROPE-EU,ROMANIA,BIRMINGHAM,CLUJ NAPOCA,2940,2940,0,0,0,0,0
17/12/2019 16:42,201909,EASTERN EUROPE-EU,ROMANIA,BRISTOL,BUCHAREST (OTOPENI),1431,1431,0,3209,3209,0,-55.406669
17/12/2019 16:42,201909,EASTERN EUROPE-EU,ROMANIA,DONCASTER SHEFFIELD,BUCHAREST (OTOPENI),9646,9646,0,6110,6110,0,57.87234
17/12/2019 16:42,201909,EASTERN EUROPE-EU,ROMANIA,DONCASTER SHEFFIELD,CLUJ NAPOCA,3793,3793,0,2851,2851,0,33.041038
17/12/2019 16:42,201909,EASTERN EUROPE-EU,ROMANIA,DONCASTER SHEFFIELD,TIMISOARA,2463,2463,0,0,0,0,0
17/12/2019 16:42,201909,EASTERN EUROPE-EU,ROMANIA,GLASGOW,BUCHAREST (OTOPENI),4690,4690,0,4527,4527,0,3.600619
17/12/2019 16:42,201909,EASTERN EUROPE-EU,ROMANIA,LIVERPOOL (JOHN LENNON),BACAU,2482,2482,0,2644,2644,0,-6.12708
17/12/2019 16:42,201909,EASTERN EUROPE-EU,ROMANIA,LIVERPOOL (JOHN LENNON),BUCHAREST (OTOPENI),8511,8511,0,5118,5118,0,66.295428
17/12/2019 16:42,201909,EASTERN EUROPE-EU,ROMANIA,LIVERPOOL (JOHN LENNON),CLUJ NAPOCA,2421,2421,0,2588,2588,0,-6.452859
17/12/2019 16:42,201909,EASTERN EUROPE-EU,ROMANIA,LIVERPOOL (JOHN LENNON),IASI,3090,3090,0,0,0,0,0
17/12/2019 16:42,201909,EASTERN EUROPE-EU,SLOVAK REPUBLIC,LUTON,BRATISLAVA,11628,11628,0,9567,9567,0,21.542803
17/12/2019 16:42,201909,EASTERN EUROPE-EU,SLOVAK REPUBLIC,LUTON,KOSICE,12600,12600,0,12643,12643,0,-0.340109
17/12/2019 16:42,201909,EASTERN EUROPE-EU,SLOVAK REPUBLIC,LUTON,TATRY-POPRAD,4611,4611,0,5236,5236,0,-11.936593
17/12/2019 16:42,201909,EASTERN EUROPE-EU,SLOVAK REPUBLIC,SOUTHEND,KOSICE,3524,3524,0,0,0,0,0
17/12/2019 16:42,201909,EASTERN EUROPE-EU,SLOVAK REPUBLIC,STANSTED,BRATISLAVA,14838,14838,0,17801,17801,0,-16.645132
17/12/2019 16:42,201909,EASTERN EUROPE-EU,SLOVAK REPUBLIC,BIGGIN HILL,BRATISLAVA,0,0,0,2,0,2,-100
17/12/2019 16:42,201909,EASTERN EUROPE-EU,SLOVAK REPUBLIC,BIRMINGHAM,BRATISLAVA,4880,4127,753,4497,4497,0,8.516789
17/12/2019 16:42,201909,EASTERN EUROPE-EU,SLOVAK REPUBLIC,EDINBURGH,BRATISLAVA,3254,3254,0,3214,3214,0,1.244555
17/12/2019 16:42,201909,EASTERN EUROPE-EU,SLOVAK REPUBLIC,LEEDS BRADFORD,BRATISLAVA,3026,3026,0,2733,2733,0,10.72082
17/12/2019 16:42,201909,EASTERN EUROPE-EU,SLOVAK REPUBLIC,MANCHESTER,BRATISLAVA,4474,4474,0,4573,4573,0,-2.164881
17/12/2019 16:42,201909,EASTERN EUROPE -OTHER,ALBANIA,GATWICK,TIRANA,7427,7427,0,9583,8517,1066,-22.498174
17/12/2019 16:42,201909,EASTERN EUROPE -OTHER,ALBANIA,LUTON,TIRANA,11019,11019,0,4805,4805,0,129.323621
17/12/2019 16:42,201909,EASTERN EUROPE -OTHER,ALBANIA,BELFAST CITY (GEORGE BEST),TIRANA,0,0,0,47,0,47,-100
17/12/2019 16:42,201909,EASTERN EUROPE -OTHER,ALBANIA,GLASGOW,TIRANA,0,0,0,62,0,62,-100
17/12/2019 16:42,201909,EASTERN EUROPE -OTHER,AZERBAIJAN,HEATHROW,BAKU (HEYDER ALIYEV INT'L),3625,3625,0,3640,3640,0,-0.412088
17/12/2019 16:42,201909,EASTERN EUROPE -OTHER,AZERBAIJAN,CARDIFF WALES,BAKU (HEYDER ALIYEV INT'L),123,0,123,0,0,0,0
17/12/2019 16:42,201909,EASTERN EUROPE -OTHER,BELARUS,GATWICK,MINSK INT'L ,3291,3291,0,2719,2719,0,21.037146
17/12/2019 16:42,201909,EASTERN EUROPE -OTHER,BELARUS,LUTON,MINSK INT'L ,77,0,77,0,0,0,0
17/12/2019 16:42,201909,EASTERN EUROPE -OTHER,BELARUS,CARDIFF WALES,MINSK INT'L ,41,0,41,0,0,0,0
17/12/2019 16:42,201909,EASTERN EUROPE -OTHER,BELARUS,MANCHESTER,MINSK INT'L ,0,0,0,170,170,0,-100
17/12/2019 16:42,201909,EASTERN EUROPE -OTHER,GEORGIA,GATWICK,TBILISI,2712,2712,0,1749,1749,0,55.060034
17/12/2019 16:42,201909,EASTERN EUROPE -OTHER,GEORGIA,LUTON,KUTAISI,2825,2825,0,2435,2435,0,16.016427
17/12/2019 16:42,201909,EASTERN EUROPE -OTHER,KAZAKHSTAN,HEATHROW,ASTANA,4547,4547,0,4685,4685,0,-2.945571
17/12/2019 16:42,201909,EASTERN EUROPE -OTHER,KAZAKHSTAN,MANCHESTER,ASTANA,111,0,111,0,0,0,0
17/12/2019 16:42,201909,EASTERN EUROPE -OTHER,REPUBLIC OF MOLDOVA,LUTON,CHISINAU (KISHINEV),15525,15525,0,10387,10387,0,49.465678
17/12/2019 16:42,201909,EASTERN EUROPE -OTHER,REPUBLIC OF MOLDOVA,STANSTED,CHISINAU (KISHINEV),7415,7415,0,6993,6993,0,6.034606
17/12/2019 16:42,201909,EASTERN EUROPE -OTHER,RUSSIA,GATWICK,ST PETERSBURG,6497,6497,0,4968,4968,0,30.776973
17/12/2019 16:42,201909,EASTERN EUROPE -OTHER,RUSSIA,HEATHROW,MOSCOW (DOMODEDOVO),15678,15678,0,24577,24577,0,-36.20865
17/12/2019 16:42,201909,EASTERN EUROPE -OTHER,RUSSIA,HEATHROW,MOSCOW (SHEREMETYEVO),49150,49150,0,42710,42710,0,15.078436
17/12/2019 16:42,201909,EASTERN EUROPE -OTHER,RUSSIA,HEATHROW,ST PETERSBURG,6067,6067,0,6879,6879,0,-11.804041
17/12/2019 16:42,201909,EASTERN EUROPE -OTHER,RUSSIA,LUTON,ADLER / SOCHI,626,0,626,400,0,400,56.5
17/12/2019 16:42,201909,EASTERN EUROPE -OTHER,RUSSIA,BIGGIN HILL,MOSCOW (VNUKOVO),0,0,0,12,0,12,-100
17/12/2019 16:42,201909,EASTERN EUROPE -OTHER,RUSSIA,EDINBURGH,MOSCOW (SHEREMETYEVO),0,0,0,98,0,98,-100
17/12/2019 16:42,201909,EASTERN EUROPE -OTHER,RUSSIA,GLASGOW,KALININGRAD,69,0,69,0,0,0,0
17/12/2019 16:42,201909,EASTERN EUROPE -OTHER,RUSSIA,GLASGOW,MOSCOW (SHEREMETYEVO),66,0,66,0,0,0,0
17/12/2019 16:42,201909,EASTERN EUROPE -OTHER,TURKMENISTAN,HEATHROW,ASHKHABAD,0,0,0,1236,1236,0,-100
17/12/2019 16:42,201909,EASTERN EUROPE -OTHER,TURKMENISTAN,BIRMINGHAM,ASHKHABAD,0,0,0,3362,3362,0,-100
17/12/2019 16:42,201909,EASTERN EUROPE -OTHER,UKRAINE,GATWICK,KIEV (BORISPOL),19202,19202,0,18781,18781,0,2.241627
17/12/2019 16:42,201909,EASTERN EUROPE -OTHER,UKRAINE,HEATHROW,KIEV (BORISPOL),5671,5671,0,7459,7459,0,-23.971042
17/12/2019 16:42,201909,EASTERN EUROPE -OTHER,UKRAINE,LUTON,KIEV (BORISPOL),1645,1645,0,0,0,0,0
17/12/2019 16:42,201909,EASTERN EUROPE -OTHER,UKRAINE,LUTON,KIEV (ZHULYANY),3074,3074,0,5400,5400,0,-43.074074
17/12/2019 16:42,201909,EASTERN EUROPE -OTHER,UKRAINE,LUTON,LVOV,4072,4072,0,4287,4287,0,-5.015162
17/12/2019 16:42,201909,EASTERN EUROPE -OTHER,UKRAINE,STANSTED,KIEV (BORISPOL),7150,7150,0,0,0,0,0
17/12/2019 16:42,201909,EASTERN EUROPE -OTHER,UKRAINE,STANSTED,LVOV,4529,4529,0,0,0,0,0
17/12/2019 16:42,201909,EASTERN EUROPE -OTHER,UKRAINE,MANCHESTER,KHARKOV OSNOVA INTL,243,0,243,0,0,0,0
17/12/2019 16:42,201909,EASTERN EUROPE -OTHER,UKRAINE,MANCHESTER,KIEV (BORISPOL),3086,3086,0,0,0,0,0
17/12/2019 16:42,201909,EASTERN EUROPE -OTHER,UZBEKISTAN,HEATHROW,TASHKENT,3075,3075,0,2550,2550,0,20.588235
17/12/2019 16:42,201909,NEAR EAST,ISRAEL,GATWICK,TEL AVIV,0,0,0,1751,1751,0,-100
17/12/2019 16:42,201909,NEAR EAST,ISRAEL,HEATHROW,TEL AVIV,57263,57263,0,46761,46761,0,22.458887
17/12/2019 16:42,201909,NEAR EAST,ISRAEL,LUTON,TEL AVIV,44465,44465,0,38780,38780,0,14.659618
17/12/2019 16:42,201909,NEAR EAST,ISRAEL,STANSTED,TEL AVIV,3174,3174,0,3511,3511,0,-9.598405
17/12/2019 16:42,201909,NEAR EAST,ISRAEL,BELFAST INTERNATIONAL,TEL AVIV,0,0,0,44,0,44,-100
17/12/2019 16:42,201909,NEAR EAST,ISRAEL,MANCHESTER,TEL AVIV,6542,6542,0,2736,2736,0,139.108187
17/12/2019 16:42,201909,NEAR EAST,JORDAN,GATWICK,AQABA,0,0,0,310,0,310,-100
17/12/2019 16:42,201909,NEAR EAST,JORDAN,HEATHROW,AMMAN,19103,19103,0,19460,19460,0,-1.834532
17/12/2019 16:42,201909,NEAR EAST,JORDAN,STANSTED,AQABA,0,0,0,218,0,218,-100
17/12/2019 16:42,201909,NEAR EAST,JORDAN,BIRMINGHAM,AMMAN (KING HUSSEIN),111,0,111,0,0,0,0
17/12/2019 16:42,201909,NEAR EAST,JORDAN,MANCHESTER,AQABA,0,0,0,466,0,466,-100
17/12/2019 16:42,201909,NEAR EAST,LEBANON,HEATHROW,BEIRUT,24868,24868,0,25347,25347,0,-1.88977
17/12/2019 16:42,201909,NORTH AFRICA,ALGERIA,GATWICK,ALGIERS,5656,5656,0,5558,5558,0,1.763224
17/12/2019 16:42,201909,NORTH AFRICA,ALGERIA,HEATHROW,ALGIERS,6073,6073,0,7045,7045,0,-13.797019
17/12/2019 16:42,201909,NORTH AFRICA,EGYPT,GATWICK,HURGHADA,13220,13033,187,15577,15577,0,-15.131283
17/12/2019 16:42,201909,NORTH AFRICA,EGYPT,GATWICK,MARSA ALAM,3436,3436,0,1348,1348,0,154.896142
17/12/2019 16:42,201909,NORTH AFRICA,EGYPT,HEATHROW,CAIRO,35480,35480,0,35798,35798,0,-0.888318
17/12/2019 16:42,201909,NORTH AFRICA,EGYPT,HEATHROW,LUXOR,919,919,0,843,843,0,9.015421
17/12/2019 16:42,201909,NORTH AFRICA,EGYPT,STANSTED,HURGHADA,1480,1480,0,0,0,0,0
17/12/2019 16:42,201909,NORTH AFRICA,EGYPT,BIRMINGHAM,HURGHADA,8077,7339,738,8380,8380,0,-3.615752
17/12/2019 16:42,201909,NORTH AFRICA,EGYPT,BIRMINGHAM,MARSA ALAM,1357,1195,162,1576,1576,0,-13.895939
17/12/2019 16:42,201909,NORTH AFRICA,EGYPT,BRISTOL,HURGHADA,2625,2625,0,2752,2752,0,-4.614826
17/12/2019 16:42,201909,NORTH AFRICA,EGYPT,CARDIFF WALES,HURGHADA,1470,0,1470,0,0,0,0
17/12/2019 16:42,201909,NORTH AFRICA,EGYPT,DONCASTER SHEFFIELD,HURGHADA,1415,0,1415,0,0,0,0
17/12/2019 16:42,201909,NORTH AFRICA,EGYPT,MANCHESTER,HURGHADA,13730,13730,0,12014,12014,0,14.283336
17/12/2019 16:42,201909,NORTH AFRICA,EGYPT,NEWCASTLE,HURGHADA,1143,1143,0,1545,1545,0,-26.019417
17/12/2019 16:42,201909,NORTH AFRICA,MOROCCO,GATWICK,AGADIR (AL MASSIRA),7074,7074,0,7275,7275,0,-2.762887
17/12/2019 16:42,201909,NORTH AFRICA,MOROCCO,GATWICK,CASABLANCA MOHAMED V,5938,5938,0,6979,6979,0,-14.916177
17/12/2019 16:42,201909,NORTH AFRICA,MOROCCO,GATWICK,FEZ,1893,1893,0,1823,1823,0,3.839824
17/12/2019 16:42,201909,NORTH AFRICA,MOROCCO,GATWICK,MARRAKESH,30077,30070,7,25855,25855,0,16.32953
17/12/2019 16:42,201909,NORTH AFRICA,MOROCCO,GATWICK,TANGIERS (IBN BATUTA),3267,3267,0,2412,2412,0,35.447761
17/12/2019 16:42,201909,NORTH AFRICA,MOROCCO,HEATHROW,CASABLANCA MOHAMED V,7050,7050,0,7131,7131,0,-1.135886
17/12/2019 16:42,201909,NORTH AFRICA,MOROCCO,HEATHROW,RABAT,876,876,0,1390,1390,0,-36.978417
17/12/2019 16:42,201909,NORTH AFRICA,MOROCCO,LUTON,ESSAOUIRA,0,0,0,2752,2752,0,-100
17/12/2019 16:42,201909,NORTH AFRICA,MOROCCO,LUTON,MARRAKESH,6051,6051,0,6074,6074,0,-0.378663
17/12/2019 16:42,201909,NORTH AFRICA,MOROCCO,STANSTED,AGADIR (AL MASSIRA),2866,2866,0,3197,3197,0,-10.353456
17/12/2019 16:42,201909,NORTH AFRICA,MOROCCO,STANSTED,FEZ,3112,3112,0,3114,3114,0,-0.064226
17/12/2019 16:42,201909,NORTH AFRICA,MOROCCO,STANSTED,MARRAKESH,10730,10730,0,10888,10775,113,-1.451139
17/12/2019 16:42,201909,NORTH AFRICA,MOROCCO,STANSTED,RABAT,4194,4194,0,4439,4439,0,-5.519261
17/12/2019 16:42,201909,NORTH AFRICA,MOROCCO,BIGGIN HILL,CASABLANCA MOHAMED V,73,0,73,0,0,0,0
17/12/2019 16:42,201909,NORTH AFRICA,MOROCCO,BIRMINGHAM,AGADIR (AL MASSIRA),914,914,0,0,0,0,0
17/12/2019 16:42,201909,NORTH AFRICA,MOROCCO,BIRMINGHAM,MARRAKESH,1422,1422,0,1969,1969,0,-27.780599
17/12/2019 16:42,201909,NORTH AFRICA,MOROCCO,BRISTOL,MARRAKESH,2178,2178,0,0,0,0,0
17/12/2019 16:42,201909,NORTH AFRICA,MOROCCO,LIVERPOOL (JOHN LENNON),MARRAKESH,3174,3174,0,2797,2797,0,13.478727
17/12/2019 16:42,201909,NORTH AFRICA,MOROCCO,MANCHESTER,AGADIR (AL MASSIRA),7722,7722,0,7801,7801,0,-1.012691
17/12/2019 16:42,201909,NORTH AFRICA,MOROCCO,MANCHESTER,CASABLANCA MOHAMED V,1312,1312,0,2005,2005,0,-34.563591
17/12/2019 16:42,201909,NORTH AFRICA,MOROCCO,MANCHESTER,MARRAKESH,12992,12992,0,6294,6294,0,106.418812
17/12/2019 16:42,201909,NORTH AFRICA,TUNISIA,GATWICK,ENFIDHA - HAMMAMET INTL,9000,5626,3374,8021,6910,1111,12.205461
17/12/2019 16:42,201909,NORTH AFRICA,TUNISIA,GATWICK,MONASTIR,0,0,0,635,635,0,-100
17/12/2019 16:42,201909,NORTH AFRICA,TUNISIA,GATWICK,TUNIS,2492,2492,0,3306,2933,373,-24.6219
17/12/2019 16:42,201909,NORTH AFRICA,TUNISIA,HEATHROW,TUNIS,4026,4026,0,4145,4145,0,-2.870929
17/12/2019 16:42,201909,NORTH AFRICA,TUNISIA,LUTON,ENFIDHA - HAMMAMET INTL,1511,0,1511,0,0,0,0
17/12/2019 16:42,201909,NORTH AFRICA,TUNISIA,STANSTED,ENFIDHA - HAMMAMET INTL,1239,1239,0,1391,1391,0,-10.92739
17/12/2019 16:42,201909,NORTH AFRICA,TUNISIA,BELFAST INTERNATIONAL,ENFIDHA - HAMMAMET INTL,1215,0,1215,0,0,0,0
17/12/2019 16:42,201909,NORTH AFRICA,TUNISIA,BIRMINGHAM,ENFIDHA - HAMMAMET INTL,4681,1517,3164,2385,1289,1096,96.268344
17/12/2019 16:42,201909,NORTH AFRICA,TUNISIA,BIRMINGHAM,MONASTIR,0,0,0,430,430,0,-100
17/12/2019 16:42,201909,NORTH AFRICA,TUNISIA,BIRMINGHAM,TUNIS,0,0,0,371,0,371,-100
17/12/2019 16:42,201909,NORTH AFRICA,TUNISIA,BRISTOL,ENFIDHA - HAMMAMET INTL,2534,2534,0,1219,0,1219,107.875308
17/12/2019 16:42,201909,NORTH AFRICA,TUNISIA,BRISTOL,MONASTIR,0,0,0,421,0,421,-100
17/12/2019 16:42,201909,NORTH AFRICA,TUNISIA,CARDIFF WALES,ENFIDHA - HAMMAMET INTL,2732,0,2732,0,0,0,0
17/12/2019 16:42,201909,NORTH AFRICA,TUNISIA,DONCASTER SHEFFIELD,ENFIDHA - HAMMAMET INTL,1922,0,1922,0,0,0,0
17/12/2019 16:42,201909,NORTH AFRICA,TUNISIA,EAST MIDLANDS INTERNATIONAL,ENFIDHA - HAMMAMET INTL,1846,0,1846,0,0,0,0
17/12/2019 16:42,201909,NORTH AFRICA,TUNISIA,GLASGOW,ENFIDHA - HAMMAMET INTL,5820,4203,1617,1267,1267,0,359.352802
17/12/2019 16:42,201909,NORTH AFRICA,TUNISIA,GLASGOW,MONASTIR,0,0,0,449,449,0,-100
17/12/2019 16:42,201909,NORTH AFRICA,TUNISIA,LEEDS BRADFORD,ENFIDHA - HAMMAMET INTL,1206,0,1206,0,0,0,0
17/12/2019 16:42,201909,NORTH AFRICA,TUNISIA,MANCHESTER,ENFIDHA - HAMMAMET INTL,11515,9443,2072,6034,4919,1115,90.835267
17/12/2019 16:42,201909,NORTH AFRICA,TUNISIA,MANCHESTER,MONASTIR,0,0,0,797,426,371,-100
17/12/2019 16:42,201909,NORTH AFRICA,TUNISIA,NEWCASTLE,ENFIDHA - HAMMAMET INTL,4487,4487,0,1638,1638,0,173.931624
17/12/2019 16:42,201909,EAST AFRICA,ETHIOPIA,HEATHROW,ADDIS ABABA,23389,23389,0,23654,23654,0,-1.120318
17/12/2019 16:42,201909,EAST AFRICA,ETHIOPIA,MANCHESTER,ADDIS ABABA,3629,3629,0,0,0,0,0
17/12/2019 16:42,201909,EAST AFRICA,KENYA,HEATHROW,NAIROBI,28812,28812,0,31251,31251,0,-7.80455
17/12/2019 16:42,201909,EAST AFRICA,RWANDA,GATWICK,KIGALI,3132,3132,0,1064,1064,0,194.360902
17/12/2019 16:42,201909,WEST AFRICA,GAMBIA,GATWICK,BANJUL,1011,0,1011,1163,0,1163,-13.069647
17/12/2019 16:42,201909,WEST AFRICA,GHANA,GATWICK,ACCRA,0,0,0,80,0,80,-100
17/12/2019 16:42,201909,WEST AFRICA,GHANA,HEATHROW,ACCRA,16587,16587,0,18061,18061,0,-8.161231
17/12/2019 16:42,201909,WEST AFRICA,NIGERIA,HEATHROW,ABUJA,10800,10800,0,10992,10992,0,-1.746725
17/12/2019 16:42,201909,WEST AFRICA,NIGERIA,HEATHROW,LAGOS,30237,30237,0,30902,30902,0,-2.151964
17/12/2019 16:42,201909,SOUTHERN AFRICA,REPUBLIC OF SOUTH AFRICA,HEATHROW,CAPE TOWN,18062,18062,0,19896,19896,0,-9.217933
17/12/2019 16:42,201909,SOUTHERN AFRICA,REPUBLIC OF SOUTH AFRICA,HEATHROW,DURBAN,4332,4332,0,0,0,0,0
17/12/2019 16:42,201909,SOUTHERN AFRICA,REPUBLIC OF SOUTH AFRICA,HEATHROW,JOHANNESBURG,79053,79053,0,72307,72307,0,9.329664
17/12/2019 16:42,201909,MIDDLE EAST,BAHRAIN,HEATHROW,BAHRAIN,33120,33120,0,34133,34133,0,-2.967802
17/12/2019 16:42,201909,MIDDLE EAST,IRAN,HEATHROW,TEHRAN IMAM KHOMEINI,4983,4983,0,11425,11425,0,-56.38512
17/12/2019 16:42,201909,MIDDLE EAST,IRAQ,GATWICK,BAGHDAD (GECA),335,335,0,477,477,0,-29.769392
17/12/2019 16:42,201909,MIDDLE EAST,IRAQ,GATWICK,SULAYMANIYAH INT,728,728,0,926,926,0,-21.382289
17/12/2019 16:42,201909,MIDDLE EAST,IRAQ,MANCHESTER,BAGHDAD (GECA),595,595,0,1167,1167,0,-49.014567
17/12/2019 16:42,201909,MIDDLE EAST,KUWAIT,HEATHROW,KUWAIT,38145,38145,0,34141,34141,0,11.727835
17/12/2019 16:42,201909,MIDDLE EAST,OMAN,HEATHROW,MUSCAT,25453,25453,0,31272,31272,0,-18.6077
17/12/2019 16:42,201909,MIDDLE EAST,OMAN,MANCHESTER,MUSCAT,11241,11241,0,11759,11759,0,-4.405136
17/12/2019 16:42,201909,MIDDLE EAST,QATAR,GATWICK,DOHA HAMAD,40999,40999,0,27406,27388,18,49.598628
17/12/2019 16:42,201909,MIDDLE EAST,QATAR,HEATHROW,DOHA HAMAD,103028,103028,0,92914,92914,0,10.885335
17/12/2019 16:42,201909,MIDDLE EAST,QATAR,BIRMINGHAM,DOHA HAMAD,10346,10346,0,10683,10683,0,-3.154545
17/12/2019 16:42,201909,MIDDLE EAST,QATAR,CARDIFF WALES,DOHA HAMAD,9030,9030,0,8897,8897,0,1.494886
17/12/2019 16:42,201909,MIDDLE EAST,QATAR,EDINBURGH,DOHA HAMAD,15362,15362,0,12495,12495,0,22.945178
17/12/2019 16:42,201909,MIDDLE EAST,QATAR,MANCHESTER,DOHA HAMAD,34024,34024,0,27356,27356,0,24.374909
17/12/2019 16:42,201909,MIDDLE EAST,SAUDI ARABIA,HEATHROW,JEDDAH,18884,18884,0,19536,19536,0,-3.337428
17/12/2019 16:42,201909,MIDDLE EAST,SAUDI ARABIA,HEATHROW,MEDINA,0,0,0,2119,2119,0,-100
17/12/2019 16:42,201909,MIDDLE EAST,SAUDI ARABIA,HEATHROW,RIYADH,26437,26437,0,26060,26060,0,1.446662
17/12/2019 16:42,201909,MIDDLE EAST,SAUDI ARABIA,LUTON,NEOM BAY,88,0,88,0,0,0,0
17/12/2019 16:42,201909,MIDDLE EAST,SAUDI ARABIA,MANCHESTER,JEDDAH,6011,6011,0,7176,7176,0,-16.234671
17/12/2019 16:42,201909,MIDDLE EAST,UNITED ARAB EMIRATES,GATWICK,DUBAI,90039,90039,0,90546,90546,0,-0.559936
17/12/2019 16:42,201909,MIDDLE EAST,UNITED ARAB EMIRATES,HEATHROW,ABU DHABI INTERNATIONAL,102085,102085,0,80203,79975,228,27.283269
17/12/2019 16:42,201909,MIDDLE EAST,UNITED ARAB EMIRATES,HEATHROW,DUBAI,190830,190830,0,215415,215415,0,-11.412854
17/12/2019 16:42,201909,MIDDLE EAST,UNITED ARAB EMIRATES,STANSTED,DUBAI,38197,38197,0,19311,19311,0,97.799182
17/12/2019 16:42,201909,MIDDLE EAST,UNITED ARAB EMIRATES,BIRMINGHAM,DUBAI,62640,62640,0,60651,60651,0,3.279418
17/12/2019 16:42,201909,MIDDLE EAST,UNITED ARAB EMIRATES,EDINBURGH,ABU DHABI INTERNATIONAL,0,0,0,9391,9391,0,-100
17/12/2019 16:42,201909,MIDDLE EAST,UNITED ARAB EMIRATES,EDINBURGH,DUBAI,17422,17422,0,0,0,0,0
17/12/2019 16:42,201909,MIDDLE EAST,UNITED ARAB EMIRATES,GLASGOW,DUBAI,42651,42651,0,40582,40582,0,5.098319
17/12/2019 16:42,201909,MIDDLE EAST,UNITED ARAB EMIRATES,MANCHESTER,ABU DHABI INTERNATIONAL,32826,32826,0,34510,34510,0,-4.879745
17/12/2019 16:42,201909,MIDDLE EAST,UNITED ARAB EMIRATES,MANCHESTER,DUBAI,88895,88895,0,85482,85482,0,3.992653
17/12/2019 16:42,201909,MIDDLE EAST,UNITED ARAB EMIRATES,NEWCASTLE,DUBAI,21000,21000,0,21300,21300,0,-1.408451
17/12/2019 16:42,201909,INDIAN SUB-CONTINENT,BANGLADESH,HEATHROW,DHAKHA,6763,6763,0,7626,7626,0,-11.316549
17/12/2019 16:42,201909,INDIAN SUB-CONTINENT,BANGLADESH,HEATHROW,SYLHET,2656,2656,0,2529,2529,0,5.021748
17/12/2019 16:42,201909,INDIAN SUB-CONTINENT,INDIA,HEATHROW,AHMEDABAD,7686,7686,0,5255,5255,0,46.260704
17/12/2019 16:42,201909,INDIAN SUB-CONTINENT,INDIA,HEATHROW,AMRITSAR,0,0,0,332,332,0,-100
17/12/2019 16:42,201909,INDIAN SUB-CONTINENT,INDIA,HEATHROW,BANGALORE (BENGALURU),17381,17381,0,13530,13530,0,28.462676
17/12/2019 16:42,201909,INDIAN SUB-CONTINENT,INDIA,HEATHROW,CHENNAI,9624,9624,0,11323,11323,0,-15.004857
17/12/2019 16:42,201909,INDIAN SUB-CONTINENT,INDIA,HEATHROW,DELHI,61602,61602,0,80251,80251,0,-23.23834
17/12/2019 16:42,201909,INDIAN SUB-CONTINENT,INDIA,HEATHROW,HYDERABAD ( RAJIV GHANDI ),10019,10019,0,11626,11626,0,-13.822467
17/12/2019 16:42,201909,INDIAN SUB-CONTINENT,INDIA,HEATHROW,MUMBAI,40594,40594,0,85975,85975,0,-52.783949
17/12/2019 16:42,201909,INDIAN SUB-CONTINENT,INDIA,BIRMINGHAM,AMRITSAR,5967,5967,0,6657,6657,0,-10.365029
17/12/2019 16:42,201909,INDIAN SUB-CONTINENT,INDIA,BIRMINGHAM,DELHI,5754,5754,0,6001,6001,0,-4.115981
17/12/2019 16:42,201909,INDIAN SUB-CONTINENT,PAKISTAN,HEATHROW,ISLAMABAD INTERNATIONAL AIRPORT,15864,15864,0,12094,12094,0,31.172482
17/12/2019 16:42,201909,INDIAN SUB-CONTINENT,PAKISTAN,HEATHROW,KARACHI,2695,2695,0,3788,3788,0,-28.854277
17/12/2019 16:42,201909,INDIAN SUB-CONTINENT,PAKISTAN,HEATHROW,LAHORE,6323,6323,0,6987,6987,0,-9.503363
17/12/2019 16:42,201909,INDIAN SUB-CONTINENT,PAKISTAN,HEATHROW,SIALKOT,1111,1111,0,0,0,0,0
17/12/2019 16:42,201909,INDIAN SUB-CONTINENT,PAKISTAN,BIRMINGHAM,BENAZIR BHUTTO INTERNATIONAL AIRPORT,0,0,0,6237,6237,0,-100
17/12/2019 16:42,201909,INDIAN SUB-CONTINENT,PAKISTAN,BIRMINGHAM,ISLAMABAD INTERNATIONAL AIRPORT,6668,6668,0,0,0,0,0
17/12/2019 16:42,201909,INDIAN SUB-CONTINENT,PAKISTAN,MANCHESTER,BENAZIR BHUTTO INTERNATIONAL AIRPORT,0,0,0,13446,13446,0,-100
17/12/2019 16:42,201909,INDIAN SUB-CONTINENT,PAKISTAN,MANCHESTER,ISLAMABAD INTERNATIONAL AIRPORT,16562,16562,0,0,0,0,0
17/12/2019 16:42,201909,INDIAN SUB-CONTINENT,PAKISTAN,MANCHESTER,LAHORE,4387,4387,0,4194,4194,0,4.601812
17/12/2019 16:42,201909,INDIAN SUB-CONTINENT,SRI LANKA,HEATHROW,COLOMBO,16427,16427,0,16606,16606,0,-1.077924
17/12/2019 16:42,201909,FAR EAST,BRUNEI,HEATHROW,BANDAR SERI BEGAWAN,12367,12367,0,8196,8196,0,50.890678
17/12/2019 16:42,201909,FAR EAST,CHINA,GATWICK,CHENGDU,0,0,0,5277,5277,0,-100
17/12/2019 16:42,201909,FAR EAST,CHINA,GATWICK,SHANGHAI (PU DONG),4965,4965,0,0,0,0,0
17/12/2019 16:42,201909,FAR EAST,CHINA,HEATHROW,BEIJING,59605,59605,0,50516,50516,0,17.992319
17/12/2019 16:42,201909,FAR EAST,CHINA,HEATHROW,CHANGSHA HUANGHUA INTERNATIONAL AIRPORT,5715,5715,0,5239,5239,0,9.085703
17/12/2019 16:42,201909,FAR EAST,CHINA,HEATHROW,CHENGDU,5073,5073,0,0,0,0,0
17/12/2019 16:42,201909,FAR EAST,CHINA,HEATHROW,CHONGQING JIANGBEI INTERNATIONAL,3250,3250,0,3725,3725,0,-12.751678
17/12/2019 16:42,201909,FAR EAST,CHINA,HEATHROW,GUANGZHOU BAIYUN INTERNATIONAL,15952,15952,0,12963,12963,0,23.057934
17/12/2019 16:42,201909,FAR EAST,CHINA,HEATHROW,QINGDAO,4673,4673,0,2768,2768,0,68.822254
17/12/2019 16:42,201909,FAR EAST,CHINA,HEATHROW,SANYA PHOENIX INTERNATIONAL,1614,1614,0,1732,1732,0,-6.812933
17/12/2019 16:42,201909,FAR EAST,CHINA,HEATHROW,SHANGHAI (PU DONG),42692,42692,0,44992,44992,0,-5.11202
17/12/2019 16:42,201909,FAR EAST,CHINA,HEATHROW,SHENZHEN (HUANGTIAN),6235,6235,0,0,0,0,0
17/12/2019 16:42,201909,FAR EAST,CHINA,HEATHROW,TIANJIN,1108,1108,0,976,976,0,13.52459
17/12/2019 16:42,201909,FAR EAST,CHINA,HEATHROW,WUHAN TIANHE INTERNATIONAL,5733,5733,0,4443,4443,0,29.034436
17/12/2019 16:42,201909,FAR EAST,CHINA,HEATHROW,XIAN XIANYANG,5575,5575,0,3858,3858,0,44.504925
17/12/2019 16:42,201909,FAR EAST,CHINA,HEATHROW,ZHENGZHOU XINZHENG,3111,3111,0,0,0,0,0
17/12/2019 16:42,201909,FAR EAST,CHINA,EDINBURGH,BEIJING,4007,4007,0,3686,3686,0,8.708627
17/12/2019 16:42,201909,FAR EAST,CHINA,MANCHESTER,BEIJING,7948,7948,0,8426,8426,0,-5.672917
17/12/2019 16:42,201909,FAR EAST,HONG KONG,GATWICK,HONG KONG (CHEK LAP KOK),15861,15861,0,14822,14822,0,7.00985
17/12/2019 16:42,201909,FAR EAST,HONG KONG,HEATHROW,HONG KONG (CHEK LAP KOK),133844,133844,0,130696,130696,0,2.408643
17/12/2019 16:42,201909,FAR EAST,HONG KONG,MANCHESTER,HONG KONG (CHEK LAP KOK),14967,14967,0,14124,14124,0,5.968564
17/12/2019 16:42,201909,FAR EAST,INDONESIA,HEATHROW,BALI INTERNATIONAL,444,444,0,0,0,0,0
17/12/2019 16:42,201909,FAR EAST,INDONESIA,HEATHROW,JAKARTA (SOEKARNO-HATTA INTNL),0,0,0,6665,6665,0,-100
17/12/2019 16:42,201909,FAR EAST,INDONESIA,HEATHROW,KUALANAMU INTERNATIONAL AIRPORT,1402,1402,0,0,0,0,0
17/12/2019 16:42,201909,FAR EAST,JAPAN,HEATHROW,OSAKA (KANSAI),5729,5729,0,0,0,0,0
17/12/2019 16:42,201909,FAR EAST,JAPAN,HEATHROW,TOKYO (HANEDA),49357,49357,0,52114,52114,0,-5.290325
17/12/2019 16:42,201909,FAR EAST,JAPAN,HEATHROW,TOKYO (NARITA),11159,11159,0,12345,12345,0,-9.607128
17/12/2019 16:42,201909,FAR EAST,MALAYSIA,HEATHROW,KUALA LUMPUR (SEPANG),41152,41152,0,43885,43885,0,-6.22764
17/12/2019 16:42,201909,FAR EAST,PHILIPPINES,HEATHROW,MANILA,8868,8868,0,10681,10681,0,-16.974066
17/12/2019 16:42,201909,FAR EAST,REPUBLIC OF KOREA,HEATHROW,SEOUL (INCHEON),46986,46986,0,47242,47242,0,-0.541891
17/12/2019 16:42,201909,FAR EAST,SINGAPORE,GATWICK,SINGAPORE,0,0,0,10708,10708,0,-100
17/12/2019 16:42,201909,FAR EAST,SINGAPORE,HEATHROW,SINGAPORE,130842,130842,0,133722,133722,0,-2.153722
17/12/2019 16:42,201909,FAR EAST,SINGAPORE,MANCHESTER,SINGAPORE,8904,8904,0,8706,8706,0,2.274294
17/12/2019 16:42,201909,FAR EAST,TAIWAN,GATWICK,TAIPEI,11181,11181,0,11093,11093,0,0.793293
17/12/2019 16:42,201909,FAR EAST,TAIWAN,HEATHROW,TAIPEI,3196,3196,0,3188,3188,0,0.250941
17/12/2019 16:42,201909,FAR EAST,THAILAND,HEATHROW,BANGKOK SUVARNABHUMI ,66586,66586,0,65247,65247,0,2.052202
17/12/2019 16:42,201909,FAR EAST,VIETNAM,HEATHROW,HANOI,7437,7437,0,7476,7476,0,-0.521669
17/12/2019 16:42,201909,FAR EAST,VIETNAM,HEATHROW,HO CHI MINH CITY,4900,4900,0,5685,5685,0,-13.808267
17/12/2019 16:42,201909,AUSTRALASIA,AUSTRALIA,HEATHROW,MELBOURNE,1482,1482,0,1382,1382,0,7.23589
17/12/2019 16:42,201909,AUSTRALASIA,AUSTRALIA,HEATHROW,PERTH (AUSTRALIA),12287,12287,0,12050,12050,0,1.966805
17/12/2019 16:42,201909,AUSTRALASIA,AUSTRALIA,HEATHROW,SYDNEY,13891,13891,0,15722,15722,0,-11.646101
17/12/2019 16:42,201909,AUSTRALASIA,NEW ZEALAND,HEATHROW,AUCKLAND INTERNATIONAL,2136,2136,0,1737,1737,0,22.970639
17/12/2019 16:42,201909,CANADA,CANADA,GATWICK,CALGARY,23199,23199,0,16772,16772,0,38.319819
17/12/2019 16:42,201909,CANADA,CANADA,GATWICK,EDMONTON,503,503,0,998,998,0,-49.599198
17/12/2019 16:42,201909,CANADA,CANADA,GATWICK,HALIFAX INT,6446,6446,0,7961,7961,0,-19.030273
17/12/2019 16:42,201909,CANADA,CANADA,GATWICK,MONTREAL (DORVAL),5054,5054,0,4452,4452,0,13.522013
17/12/2019 16:42,201909,CANADA,CANADA,GATWICK,TORONTO,44208,44208,0,44483,44483,0,-0.618214
17/12/2019 16:42,201909,CANADA,CANADA,GATWICK,VANCOUVER,27043,27043,0,27657,27657,0,-2.220053
17/12/2019 16:42,201909,CANADA,CANADA,GATWICK,WINNIPEG,236,236,0,504,504,0,-53.174603
17/12/2019 16:42,201909,CANADA,CANADA,HEATHROW,CALGARY,27505,27505,0,28081,28081,0,-2.051209
17/12/2019 16:42,201909,CANADA,CANADA,HEATHROW,HALIFAX INT,0,0,0,8234,8234,0,-100
17/12/2019 16:42,201909,CANADA,CANADA,HEATHROW,MONTREAL (DORVAL),31009,31009,0,29311,29311,0,5.793047
17/12/2019 16:42,201909,CANADA,CANADA,HEATHROW,OTTAWA INTERNATIONAL,11060,11060,0,10437,10437,0,5.969148
17/12/2019 16:42,201909,CANADA,CANADA,HEATHROW,ST JOHNS,0,0,0,4656,4656,0,-100
17/12/2019 16:42,201909,CANADA,CANADA,HEATHROW,TORONTO,103830,103830,0,101568,101568,0,2.227079
17/12/2019 16:42,201909,CANADA,CANADA,HEATHROW,VANCOUVER,47914,47914,0,57490,57490,0,-16.65681
17/12/2019 16:42,201909,CANADA,CANADA,STANSTED,TORONTO,0,0,0,5961,5961,0,-100
17/12/2019 16:42,201909,CANADA,CANADA,EDINBURGH,TORONTO,7779,7779,0,7696,7696,0,1.078482
17/12/2019 16:42,201909,CANADA,CANADA,GLASGOW,HALIFAX INT,4455,4455,0,0,0,0,0
17/12/2019 16:42,201909,CANADA,CANADA,GLASGOW,TORONTO,17141,17141,0,23127,23127,0,-25.883167
17/12/2019 16:42,201909,CANADA,CANADA,GLASGOW,VANCOUVER,0,0,0,2318,2318,0,-100
17/12/2019 16:42,201909,CANADA,CANADA,MANCHESTER,TORONTO,23165,23165,0,21929,21929,0,5.636372
17/12/2019 16:42,201909,CANADA,CANADA,MANCHESTER,VANCOUVER,5900,5900,0,5470,5470,0,7.86106
17/12/2019 16:42,201909,UNITED STATES OF AMERICA,USA,GATWICK,AUSTIN (BERGSTROM),7832,7832,0,7506,7506,0,4.343192
17/12/2019 16:42,201909,UNITED STATES OF AMERICA,USA,GATWICK,BOSTON,19027,19027,0,19249,19249,0,-1.153307
17/12/2019 16:42,201909,UNITED STATES OF AMERICA,USA,GATWICK,CHICAGO (O'HARE),9381,9381,0,17997,17997,0,-47.874646
17/12/2019 16:42,201909,UNITED STATES OF AMERICA,USA,GATWICK,DENVER INTERNATIONAL,6708,6708,0,7996,7996,0,-16.108054
17/12/2019 16:42,201909,UNITED STATES OF AMERICA,USA,GATWICK,FORT LAUDERDALE,858,858,0,12029,12029,0,-92.867238
17/12/2019 16:42,201909,UNITED STATES OF AMERICA,USA,GATWICK,LAS VEGAS,10885,10885,0,29918,29918,0,-63.61722
17/12/2019 16:42,201909,UNITED STATES OF AMERICA,USA,GATWICK,LOS ANGELES INTERNATIONAL,19194,19194,0,26811,26811,0,-28.409981
17/12/2019 16:42,201909,UNITED STATES OF AMERICA,USA,GATWICK,MIAMI INTERNATIONAL,14883,14883,0,0,0,0,0
17/12/2019 16:42,201909,UNITED STATES OF AMERICA,USA,GATWICK,NEW YORK (JF KENNEDY),58268,58268,0,49749,49749,0,17.123962
17/12/2019 16:42,201909,UNITED STATES OF AMERICA,USA,GATWICK,OAKLAND,0,0,0,20025,20025,0,-100
17/12/2019 16:42,201909,UNITED STATES OF AMERICA,USA,GATWICK,ORLANDO,76669,76481,188,78833,78833,0,-2.745043
17/12/2019 16:42,201909,UNITED STATES OF AMERICA,USA,GATWICK,SAN FRANCISCO,13547,13547,0,0,0,0,0
17/12/2019 16:42,201909,UNITED STATES OF AMERICA,USA,GATWICK,SANFORD,4437,0,4437,4897,0,4897,-9.393506
17/12/2019 16:42,201909,UNITED STATES OF AMERICA,USA,GATWICK,SEATTLE (TACOMA),10685,10685,0,10489,10489,0,1.868624
17/12/2019 16:42,201909,UNITED STATES OF AMERICA,USA,GATWICK,TAMPA,19047,19047,0,10241,10241,0,85.987697
17/12/2019 16:42,201909,UNITED STATES OF AMERICA,USA,HEATHROW,ATLANTA,50678,50678,0,52012,52012,0,-2.564793
17/12/2019 16:42,201909,UNITED STATES OF AMERICA,USA,HEATHROW,AUSTIN (BERGSTROM),14671,14671,0,15052,15052,0,-2.531225
17/12/2019 16:42,201909,UNITED STATES OF AMERICA,USA,HEATHROW,BALTIMORE,9853,9853,0,11125,11125,0,-11.433708
17/12/2019 16:42,201909,UNITED STATES OF AMERICA,USA,HEATHROW,BOSTON,88926,88926,0,78465,78465,0,13.332059
17/12/2019 16:42,201909,UNITED STATES OF AMERICA,USA,HEATHROW,CHARLESTON,2506,2506,0,0,0,0,0
17/12/2019 16:42,201909,UNITED STATES OF AMERICA,USA,HEATHROW,CHARLOTTE,25198,25198,0,23399,23399,0,7.688363
17/12/2019 16:42,201909,UNITED STATES OF AMERICA,USA,HEATHROW,CHICAGO (O'HARE),112893,112893,0,111339,111339,0,1.395737
17/12/2019 16:42,201909,UNITED STATES OF AMERICA,USA,HEATHROW,DALLAS/FORT WORTH,61811,61811,0,59168,59168,0,4.466942
17/12/2019 16:42,201909,UNITED STATES OF AMERICA,USA,HEATHROW,DENVER INTERNATIONAL,28845,28845,0,30358,30358,0,-4.983859
17/12/2019 16:42,201909,UNITED STATES OF AMERICA,USA,HEATHROW,DETROIT,21696,21696,0,16644,16644,0,30.35328
17/12/2019 16:42,201909,UNITED STATES OF AMERICA,USA,HEATHROW,HOUSTON,38892,38892,0,42064,42064,0,-7.54089
17/12/2019 16:42,201909,UNITED STATES OF AMERICA,USA,HEATHROW,INDIANAPOLIS,165,0,165,0,0,0,0
17/12/2019 16:42,201909,UNITED STATES OF AMERICA,USA,HEATHROW,LAS VEGAS,31261,31261,0,24662,24662,0,26.757765
17/12/2019 16:42,201909,UNITED STATES OF AMERICA,USA,HEATHROW,LOS ANGELES INTERNATIONAL,134584,134584,0,144377,144377,0,-6.782936
17/12/2019 16:42,201909,UNITED STATES OF AMERICA,USA,HEATHROW,MIAMI INTERNATIONAL,68678,68678,0,72984,72984,0,-5.899923
17/12/2019 16:42,201909,UNITED STATES OF AMERICA,USA,HEATHROW,MINNEAPOLIS-ST PAUL,11887,11887,0,11782,11782,0,0.89119
17/12/2019 16:42,201909,UNITED STATES OF AMERICA,USA,HEATHROW,NASHVILLE METROPOLITAN,9985,9985,0,7491,7491,0,33.293285
17/12/2019 16:42,201909,UNITED STATES OF AMERICA,USA,HEATHROW,NEW ORLEANS,6406,6406,0,6661,6661,0,-3.828254
17/12/2019 16:42,201909,UNITED STATES OF AMERICA,USA,HEATHROW,NEW YORK (JF KENNEDY),272921,272718,203,265375,265375,0,2.843523
17/12/2019 16:42,201909,UNITED STATES OF AMERICA,USA,HEATHROW,NEW YORK (NEWARK),82299,82299,0,95931,95931,0,-14.210214
17/12/2019 16:42,201909,UNITED STATES OF AMERICA,USA,HEATHROW,PHILADELPHIA INTERNATIONAL,41172,41172,0,37963,37963,0,8.452967
17/12/2019 16:42,201909,UNITED STATES OF AMERICA,USA,HEATHROW,PHOENIX,27284,27284,0,22230,22230,0,22.735043
17/12/2019 16:42,201909,UNITED STATES OF AMERICA,USA,HEATHROW,PITTSBURGH,4777,4777,0,0,0,0,0
17/12/2019 16:42,201909,UNITED STATES OF AMERICA,USA,HEATHROW,PORTLAND (OREGON),10808,10808,0,6153,6153,0,75.654152
17/12/2019 16:42,201909,UNITED STATES OF AMERICA,USA,HEATHROW,RALEIGH,11188,11188,0,9177,9177,0,21.913479
17/12/2019 16:42,201909,UNITED STATES OF AMERICA,USA,HEATHROW,SALT LAKE CITY,11883,11883,0,11098,11098,0,7.073347
17/12/2019 16:42,201909,UNITED STATES OF AMERICA,USA,HEATHROW,SAN DIEGO,14019,14019,0,14988,14988,0,-6.465172
17/12/2019 16:42,201909,UNITED STATES OF AMERICA,USA,HEATHROW,SAN FRANCISCO,98962,98962,0,99394,99394,0,-0.434634
17/12/2019 16:42,201909,UNITED STATES OF AMERICA,USA,HEATHROW,SAN JOSE,10097,10097,0,10504,10504,0,-3.874714
17/12/2019 16:42,201909,UNITED STATES OF AMERICA,USA,HEATHROW,SEATTLE (TACOMA),39613,39613,0,38759,38759,0,2.203359
17/12/2019 16:42,201909,UNITED STATES OF AMERICA,USA,HEATHROW,WASHINGTON (DULLES),66934,66934,0,73249,73249,0,-8.621278
17/12/2019 16:42,201909,UNITED STATES OF AMERICA,USA,LONDON CITY,NEW YORK (JF KENNEDY),1087,1087,0,998,998,0,8.917836
17/12/2019 16:42,201909,UNITED STATES OF AMERICA,USA,STANSTED,BOSTON,0,0,0,4073,4073,0,-100
17/12/2019 16:42,201909,UNITED STATES OF AMERICA,USA,STANSTED,LAS VEGAS,0,0,0,364,364,0,-100
17/12/2019 16:42,201909,UNITED STATES OF AMERICA,USA,STANSTED,NEW YORK (NEWARK),0,0,0,7678,7678,0,-100
17/12/2019 16:42,201909,UNITED STATES OF AMERICA,USA,STANSTED,ORLANDO,0,0,0,1448,1448,0,-100
17/12/2019 16:42,201909,UNITED STATES OF AMERICA,USA,STANSTED,WASHINGTON (DULLES),0,0,0,3985,3985,0,-100
17/12/2019 16:42,201909,UNITED STATES OF AMERICA,USA,BELFAST INTERNATIONAL,NEWBURGH/USA,0,0,0,2797,2797,0,-100
17/12/2019 16:42,201909,UNITED STATES OF AMERICA,USA,BELFAST INTERNATIONAL,ORLANDO,228,228,0,443,443,0,-48.532731
17/12/2019 16:42,201909,UNITED STATES OF AMERICA,USA,BELFAST INTERNATIONAL,PROVIDENCE,0,0,0,1840,1840,0,-100
17/12/2019 16:42,201909,UNITED STATES OF AMERICA,USA,BIRMINGHAM,SANFORD,2197,0,2197,1833,0,1833,19.858156
17/12/2019 16:42,201909,UNITED STATES OF AMERICA,USA,BRISTOL,SANFORD,2201,0,2201,2312,0,2312,-4.801038
17/12/2019 16:42,201909,UNITED STATES OF AMERICA,USA,CARDIFF WALES,TAMPA,0,0,0,276,276,0,-100
17/12/2019 16:42,201909,UNITED STATES OF AMERICA,USA,DONCASTER SHEFFIELD,SANFORD,2404,0,2404,0,0,0,0
17/12/2019 16:42,201909,UNITED STATES OF AMERICA,USA,EAST MIDLANDS INTERNATIONAL,SANFORD,2568,0,2568,2085,0,2085,23.165468
17/12/2019 16:42,201909,UNITED STATES OF AMERICA,USA,EDINBURGH,BOSTON,827,827,0,0,0,0,0
17/12/2019 16:42,201909,UNITED STATES OF AMERICA,USA,EDINBURGH,CHICAGO (O'HARE),8999,8999,0,8679,8679,0,3.687061
17/12/2019 16:42,201909,UNITED STATES OF AMERICA,USA,EDINBURGH,NEW YORK (JF KENNEDY),9298,9298,0,16754,16754,0,-44.502805
17/12/2019 16:42,201909,UNITED STATES OF AMERICA,USA,EDINBURGH,NEW YORK (NEWARK),9469,9469,0,9243,9243,0,2.445094
17/12/2019 16:42,201909,UNITED STATES OF AMERICA,USA,EDINBURGH,NEWBURGH/USA,0,0,0,5332,5332,0,-100
17/12/2019 16:42,201909,UNITED STATES OF AMERICA,USA,EDINBURGH,PHILADELPHIA INTERNATIONAL,9175,9175,0,0,0,0,0
17/12/2019 16:42,201909,UNITED STATES OF AMERICA,USA,EDINBURGH,PROVIDENCE,0,0,0,3846,3846,0,-100
17/12/2019 16:42,201909,UNITED STATES OF AMERICA,USA,EDINBURGH,WASHINGTON (DULLES),8309,8309,0,7957,7957,0,4.423778
17/12/2019 16:42,201909,UNITED STATES OF AMERICA,USA,GLASGOW,LAS VEGAS,0,0,0,2315,2315,0,-100
17/12/2019 16:42,201909,UNITED STATES OF AMERICA,USA,GLASGOW,NEW YORK (JF KENNEDY),8947,8947,0,4470,4470,0,100.1566
17/12/2019 16:42,201909,UNITED STATES OF AMERICA,USA,GLASGOW,NEW YORK (NEWARK),9372,9372,0,8753,8753,0,7.071861
17/12/2019 16:42,201909,UNITED STATES OF AMERICA,USA,GLASGOW,ORLANDO,11386,10954,432,13294,13294,0,-14.352339
17/12/2019 16:42,201909,UNITED STATES OF AMERICA,USA,GLASGOW,PHILADELPHIA INTERNATIONAL,0,0,0,7835,7835,0,-100
17/12/2019 16:42,201909,UNITED STATES OF AMERICA,USA,GLASGOW,SANFORD,2354,8,2346,3528,0,3528,-33.276644
17/12/2019 16:42,201909,UNITED STATES OF AMERICA,USA,MANCHESTER,ATLANTA,18203,18203,0,11038,11038,0,64.912122
17/12/2019 16:42,201909,UNITED STATES OF AMERICA,USA,MANCHESTER,BOSTON,4276,4276,0,7687,7687,0,-44.373618
17/12/2019 16:42,201909,UNITED STATES OF AMERICA,USA,MANCHESTER,CHICAGO (O'HARE),0,0,0,1579,1579,0,-100
17/12/2019 16:42,201909,UNITED STATES OF AMERICA,USA,MANCHESTER,HOUSTON,5929,5929,0,5848,5848,0,1.385089
17/12/2019 16:42,201909,UNITED STATES OF AMERICA,USA,MANCHESTER,LAS VEGAS,19039,19039,0,20479,20479,0,-7.031593
17/12/2019 16:42,201909,UNITED STATES OF AMERICA,USA,MANCHESTER,LOS ANGELES INTERNATIONAL,9726,9726,0,7291,7291,0,33.397339
17/12/2019 16:42,201909,UNITED STATES OF AMERICA,USA,MANCHESTER,NEW YORK (JF KENNEDY),34405,34405,0,40909,40909,0,-15.898702
17/12/2019 16:42,201909,UNITED STATES OF AMERICA,USA,MANCHESTER,NEW YORK (NEWARK),12953,12953,0,8902,8902,0,45.506628
17/12/2019 16:42,201909,UNITED STATES OF AMERICA,USA,MANCHESTER,ORLANDO,44650,44650,0,45456,45456,0,-1.773143
17/12/2019 16:42,201909,UNITED STATES OF AMERICA,USA,MANCHESTER,PHILADELPHIA INTERNATIONAL,9309,9309,0,10998,10998,0,-15.357338
17/12/2019 16:42,201909,UNITED STATES OF AMERICA,USA,MANCHESTER,SAN FRANCISCO,4795,4795,0,11704,11704,0,-59.0311
17/12/2019 16:42,201909,UNITED STATES OF AMERICA,USA,MANCHESTER,SANFORD,4858,0,4858,4620,0,4620,5.151515
17/12/2019 16:42,201909,UNITED STATES OF AMERICA,USA,MANCHESTER,SEATTLE (TACOMA),1560,1560,0,2959,2959,0,-47.279486
17/12/2019 16:42,201909,UNITED STATES OF AMERICA,USA,NEWCASTLE,SANFORD,2483,2483,0,2931,2931,0,-15.284886
17/12/2019 16:42,201909,CENTRAL AMERICA,COSTA RICA,GATWICK,LIBERIA,2335,0,2335,2022,0,2022,15.479723
17/12/2019 16:42,201909,CENTRAL AMERICA,COSTA RICA,GATWICK,SAN JOSE COST RICA,3284,3284,0,3198,3198,0,2.689181
17/12/2019 16:42,201909,CENTRAL AMERICA,CUBA,GATWICK,CUNAGUA (CAYO COCO),2469,2469,0,2677,2677,0,-7.769892
17/12/2019 16:42,201909,CENTRAL AMERICA,CUBA,GATWICK,HAVANA,627,627,0,3361,3361,0,-81.344838
17/12/2019 16:42,201909,CENTRAL AMERICA,CUBA,GATWICK,HOLGUIN (FRANK PAIS),1802,1802,0,2397,2397,0,-24.822695
17/12/2019 16:42,201909,CENTRAL AMERICA,CUBA,GATWICK,VARADERO,0,0,0,2852,0,2852,-100
17/12/2019 16:42,201909,CENTRAL AMERICA,CUBA,MANCHESTER,CUNAGUA (CAYO COCO),1819,1819,0,2292,2292,0,-20.636998
17/12/2019 16:42,201909,CENTRAL AMERICA,CUBA,MANCHESTER,HOLGUIN (FRANK PAIS),1834,1834,0,4699,4699,0,-60.970419
17/12/2019 16:42,201909,CENTRAL AMERICA,CUBA,MANCHESTER,SANTA CLARA,0,0,0,3026,3026,0,-100
17/12/2019 16:42,201909,CENTRAL AMERICA,CUBA,MANCHESTER,VARADERO,1861,1861,0,2592,2592,0,-28.20216
17/12/2019 16:42,201909,CENTRAL AMERICA,DOMINICAN REPUBLIC,GATWICK,PUNTA CANA,15539,7230,8309,14195,6629,7566,9.468123
17/12/2019 16:42,201909,CENTRAL AMERICA,DOMINICAN REPUBLIC,BIRMINGHAM,PUNTA CANA,5017,0,5017,4894,0,4894,2.513282
17/12/2019 16:42,201909,CENTRAL AMERICA,DOMINICAN REPUBLIC,BRISTOL,PUNTA CANA,0,0,0,1775,0,1775,-100
17/12/2019 16:42,201909,CENTRAL AMERICA,DOMINICAN REPUBLIC,MANCHESTER,PUERTO PLATA,0,0,0,2236,0,2236,-100
17/12/2019 16:42,201909,CENTRAL AMERICA,DOMINICAN REPUBLIC,MANCHESTER,PUNTA CANA,9543,3728,5815,12041,6782,5259,-20.745785
17/12/2019 16:42,201909,CENTRAL AMERICA,MEXICO,GATWICK,CANCUN,29826,29826,0,33520,33520,0,-11.020286
17/12/2019 16:42,201909,CENTRAL AMERICA,MEXICO,GATWICK,PUERTO VALLARTA,2282,0,2282,2432,0,2432,-6.167763
17/12/2019 16:42,201909,CENTRAL AMERICA,MEXICO,HEATHROW,MEXICO CITY,20769,20769,0,22513,22513,0,-7.746635
17/12/2019 16:42,201909,CENTRAL AMERICA,MEXICO,STANSTED,CANCUN,0,0,0,741,741,0,-100
17/12/2019 16:42,201909,CENTRAL AMERICA,MEXICO,BIRMINGHAM,CANCUN,4972,4972,0,4782,4782,0,3.973233
17/12/2019 16:42,201909,CENTRAL AMERICA,MEXICO,BRISTOL,CANCUN,4703,4703,0,2801,2801,0,67.90432
17/12/2019 16:42,201909,CENTRAL AMERICA,MEXICO,EAST MIDLANDS INTERNATIONAL,CANCUN,2314,2314,0,2953,2953,0,-21.639011
17/12/2019 16:42,201909,CENTRAL AMERICA,MEXICO,GLASGOW,CANCUN,8134,8134,0,8880,5402,3478,-8.400901
17/12/2019 16:42,201909,CENTRAL AMERICA,MEXICO,MANCHESTER,CANCUN,30352,30352,0,30577,30577,0,-0.735847
17/12/2019 16:42,201909,CENTRAL AMERICA,MEXICO,MANCHESTER,PUERTO VALLARTA,2300,0,2300,2189,0,2189,5.070809
17/12/2019 16:42,201909,CENTRAL AMERICA,MEXICO,NEWCASTLE,CANCUN,5010,5010,0,3660,3660,0,36.885246
17/12/2019 16:42,201909,SOUTH AMERICA,ARGENTINA,GATWICK,BUENOS AIRES,18953,18953,0,10465,10465,0,81.108457
17/12/2019 16:42,201909,SOUTH AMERICA,ARGENTINA,HEATHROW,BUENOS AIRES,14250,14250,0,14865,14865,0,-4.137235
17/12/2019 16:42,201909,SOUTH AMERICA,BRAZIL,GATWICK,RIO DE JANEIRO (GALEAO),10667,10667,0,0,0,0,0
17/12/2019 16:42,201909,SOUTH AMERICA,BRAZIL,HEATHROW,RIO DE JANEIRO (GALEAO),10966,10966,0,10693,10693,0,2.553072
17/12/2019 16:42,201909,SOUTH AMERICA,BRAZIL,HEATHROW,SAO PAULO (GUARULHOS),36406,36406,0,38812,38812,0,-6.199114
17/12/2019 16:42,201909,SOUTH AMERICA,CHILE,HEATHROW,SANTIAGO DE CHILE,7437,7437,0,6096,6096,0,21.998031
17/12/2019 16:42,201909,SOUTH AMERICA,COLOMBIA,HEATHROW,BOGOTA,13328,13328,0,13700,13700,0,-2.715328
17/12/2019 16:42,201909,SOUTH AMERICA,PERU,GATWICK,JORGE CHAVEZ INTERNATIONAL,6592,6592,0,6856,6856,0,-3.850642
17/12/2019 16:42,201909,CARIBBEAN AREA,ANTIGUA AND BARBUDA,GATWICK,ANTIGUA,10764,10764,0,9188,9188,0,17.152808
17/12/2019 16:42,201909,CARIBBEAN AREA,BAHAMAS,HEATHROW,NASSAU,3117,3117,0,3608,3608,0,-13.608647
17/12/2019 16:42,201909,CARIBBEAN AREA,BARBADOS,GATWICK,BRIDGETOWN,24529,24529,0,22926,22926,0,6.992061
17/12/2019 16:42,201909,CARIBBEAN AREA,BARBADOS,HEATHROW,BRIDGETOWN,305,0,305,0,0,0,0
17/12/2019 16:42,201909,CARIBBEAN AREA,BARBADOS,MANCHESTER,BRIDGETOWN,4101,4101,0,3451,3451,0,18.83512
17/12/2019 16:42,201909,CARIBBEAN AREA,BERMUDA,GATWICK,BERMUDA,8963,8963,0,9262,9262,0,-3.228244
17/12/2019 16:42,201909,CARIBBEAN AREA,CAYMAN ISLANDS,HEATHROW,GRAND CAYMAN,2945,2945,0,2757,2757,0,6.819006
17/12/2019 16:42,201909,CARIBBEAN AREA,GRENADA,GATWICK,GRENADA,2114,2114,0,1993,1993,0,6.071249
17/12/2019 16:42,201909,CARIBBEAN AREA,ISLE OF CURACAO NETH.ANTILLES,GATWICK,ARUBA,2338,0,2338,2251,0,2251,3.864949
17/12/2019 16:42,201909,CARIBBEAN AREA,ISLE OF CURACAO NETH.ANTILLES,STANSTED,ARUBA,294,0,294,0,0,0,0
17/12/2019 16:42,201909,CARIBBEAN AREA,JAMAICA,GATWICK,KINGSTON,6824,6824,0,7532,7532,0,-9.399894
17/12/2019 16:42,201909,CARIBBEAN AREA,JAMAICA,GATWICK,MONTEGO BAY,15157,6944,8213,14113,6353,7760,7.397435
17/12/2019 16:42,201909,CARIBBEAN AREA,JAMAICA,BIRMINGHAM,MONTEGO BAY,5221,0,5221,4685,0,4685,11.440768
17/12/2019 16:42,201909,CARIBBEAN AREA,JAMAICA,MANCHESTER,MONTEGO BAY,8239,2466,5773,5840,0,5840,41.078767
17/12/2019 16:42,201909,CARIBBEAN AREA,SAINT KITTS AND NEVIS,GATWICK,ST KITTS,1081,1081,0,1203,1203,0,-10.141313
17/12/2019 16:42,201909,CARIBBEAN AREA,ST LUCIA,GATWICK,ST LUCIA (HEWANORRA),11910,9599,2311,13110,10910,2200,-9.153318
17/12/2019 16:42,201909,CARIBBEAN AREA,TRINIDAD AND TOBAGO,GATWICK,PORT OF SPAIN,5975,5975,0,5803,5803,0,2.963984
17/12/2019 16:42,201909,CARIBBEAN AREA,TRINIDAD AND TOBAGO,GATWICK,TOBAGO,1701,1701,0,2565,2565,0,-33.684211
17/12/2019 16:42,201909,CARIBBEAN AREA,TURKS AND CAICOS ISLANDS,GATWICK,PROVIDENCIALES,626,626,0,707,707,0,-11.45686
17/12/2019 16:42,201909,INDIAN OCEAN ISLANDS,MAURITIUS,GATWICK,MAURITIUS,9222,9222,0,9500,9500,0,-2.926316
17/12/2019 16:42,201909,INDIAN OCEAN ISLANDS,MAURITIUS,HEATHROW,MAURITIUS,8879,8879,0,7880,7880,0,12.677665
17/12/2019 16:42,201909,INDIAN OCEAN ISLANDS,SEYCHELLES,HEATHROW,SEYCHELLES,3008,3008,0,3465,3465,0,-13.189033
17/12/2019 16:42,201909,ATLANTIC OCEAN ISLANDS,CAPE VERDE ISLANDS,GATWICK,BOA VISTA (RABIL),6512,6512,0,5318,5318,0,22.45205
17/12/2019 16:42,201909,ATLANTIC OCEAN ISLANDS,CAPE VERDE ISLANDS,GATWICK,ILHA DO SAL C.VERDE,5457,5457,0,4792,4792,0,13.877295
17/12/2019 16:42,201909,ATLANTIC OCEAN ISLANDS,CAPE VERDE ISLANDS,BIRMINGHAM,BOA VISTA (RABIL),3811,3811,0,1561,1561,0,144.138373
17/12/2019 16:42,201909,ATLANTIC OCEAN ISLANDS,CAPE VERDE ISLANDS,BIRMINGHAM,ILHA DO SAL C.VERDE,1534,1534,0,1809,1374,435,-15.201769
17/12/2019 16:42,201909,ATLANTIC OCEAN ISLANDS,CAPE VERDE ISLANDS,BRISTOL,ILHA DO SAL C.VERDE,1101,1101,0,1773,1773,0,-37.901861
17/12/2019 16:42,201909,ATLANTIC OCEAN ISLANDS,CAPE VERDE ISLANDS,GLASGOW,ILHA DO SAL C.VERDE,0,0,0,1837,0,1837,-100
17/12/2019 16:42,201909,ATLANTIC OCEAN ISLANDS,CAPE VERDE ISLANDS,MANCHESTER,BOA VISTA (RABIL),5614,5614,0,5401,5401,0,3.943714
17/12/2019 16:42,201909,ATLANTIC OCEAN ISLANDS,CAPE VERDE ISLANDS,MANCHESTER,ILHA DO SAL C.VERDE,5079,5079,0,3146,3146,0,61.443102
17/12/2019 16:42,201909,OIL RIGS,OIL RIGS,ABERDEEN,OIL RIGS,32415,0,32415,33871,0,33871,-4.298663
17/12/2019 16:42,201909,OIL RIGS,OIL RIGS,BLACKPOOL,OIL RIGS,1497,0,1497,640,0,640,133.90625
17/12/2019 16:42,201909,OIL RIGS,OIL RIGS,HUMBERSIDE,OIL RIGS,1642,0,1642,2056,0,2056,-20.136187
17/12/2019 16:42,201909,OIL RIGS,OIL RIGS,NORWICH,OIL RIGS,6331,0,6331,7965,0,7965,-20.514752
17/12/2019 16:42,201909,OIL RIGS,OIL RIGS,SCATSTA,OIL RIGS,3709,0,3709,6198,0,6198,-40.158116
17/12/2019 16:42,201909,OIL RIGS,OIL RIGS,SUMBURGH,OIL RIGS,6415,0,6415,4790,0,4790,33.924843

