rundate,this_period,foreign_region,foreign_country,UK_airport,foreign_airport,total_pax_this_period,total_pax_scheduled_this_period,total_pax_charter_this_period,total_pax_last_period,total_pax_scheduled_last_period,total_pax_charter_last_period,total_pax_percent
05/02/2019 16:04,201812,Unknown,Unknown,MANCHESTER,Unknown,14286,10606,3680,0,0,0,0
05/02/2019 16:04,201812,WESTERN EUROPE-EU,AUSTRIA,GATWICK,INNSBRUCK,27702,24703,2999,27267,25271,1996,1.595335
05/02/2019 16:04,201812,WESTERN EUROPE-EU,AUSTRIA,GATWICK,KLAGENFURT,1442,1442,0,838,838,0,72.076372
05/02/2019 16:04,201812,WESTERN EUROPE-EU,AUSTRIA,GATWICK,SALZBURG,15443,13710,1733,17855,16283,1572,-13.508821
05/02/2019 16:04,201812,WESTERN EUROPE-EU,AUSTRIA,GATWICK,VIENNA,22167,22167,0,24474,24474,0,-9.42633
05/02/2019 16:04,201812,WESTERN EUROPE-EU,AUSTRIA,HEATHROW,INNSBRUCK,7395,7395,0,6221,6221,0,18.871564
05/02/2019 16:04,201812,WESTERN EUROPE-EU,AUSTRIA,HEATHROW,SALZBURG,2532,2532,0,6006,6006,0,-57.842158
05/02/2019 16:04,201812,WESTERN EUROPE-EU,AUSTRIA,HEATHROW,VIENNA,64355,64355,0,63579,63579,0,1.220529
05/02/2019 16:04,201812,WESTERN EUROPE-EU,AUSTRIA,LUTON,INNSBRUCK,1575,1575,0,1311,1311,0,20.1373
05/02/2019 16:04,201812,WESTERN EUROPE-EU,AUSTRIA,LUTON,SALZBURG,2002,1514,488,2105,1648,457,-4.893112
05/02/2019 16:04,201812,WESTERN EUROPE-EU,AUSTRIA,LUTON,VIENNA,7691,7691,0,5648,5648,0,36.172096
05/02/2019 16:04,201812,WESTERN EUROPE-EU,AUSTRIA,SOUTHEND,VIENNA,0,0,0,1143,1143,0,-100
05/02/2019 16:04,201812,WESTERN EUROPE-EU,AUSTRIA,STANSTED,INNSBRUCK,1825,946,879,667,0,667,173.613193
05/02/2019 16:04,201812,WESTERN EUROPE-EU,AUSTRIA,STANSTED,LINZ,0,0,0,3580,3470,110,-100
05/02/2019 16:04,201812,WESTERN EUROPE-EU,AUSTRIA,STANSTED,SALZBURG,13818,13345,473,15970,15338,632,-13.475266
05/02/2019 16:04,201812,WESTERN EUROPE-EU,AUSTRIA,STANSTED,VIENNA,20426,20426,0,8065,8065,0,153.267204
05/02/2019 16:04,201812,WESTERN EUROPE-EU,AUSTRIA,BELFAST CITY (GEORGE BEST),SALZBURG,254,0,254,258,0,258,-1.550388
05/02/2019 16:04,201812,WESTERN EUROPE-EU,AUSTRIA,BELFAST INTERNATIONAL,SALZBURG,1584,1584,0,411,0,411,285.40146
05/02/2019 16:04,201812,WESTERN EUROPE-EU,AUSTRIA,BELFAST INTERNATIONAL,VIENNA,148,148,0,293,293,0,-49.488055
05/02/2019 16:04,201812,WESTERN EUROPE-EU,AUSTRIA,BIRMINGHAM,GRAZ,0,0,0,374,374,0,-100
05/02/2019 16:04,201812,WESTERN EUROPE-EU,AUSTRIA,BIRMINGHAM,INNSBRUCK,1862,0,1862,1621,0,1621,14.867366
05/02/2019 16:04,201812,WESTERN EUROPE-EU,AUSTRIA,BIRMINGHAM,SALZBURG,1089,554,535,1875,1357,518,-41.92
05/02/2019 16:04,201812,WESTERN EUROPE-EU,AUSTRIA,BIRMINGHAM,VIENNA,3511,3511,0,4088,4088,0,-14.114481
05/02/2019 16:04,201812,WESTERN EUROPE-EU,AUSTRIA,BOURNEMOUTH,VIENNA,0,0,0,159,159,0,-100
05/02/2019 16:04,201812,WESTERN EUROPE-EU,AUSTRIA,BRISTOL,INNSBRUCK,3448,1985,1463,2808,1325,1483,22.792023
05/02/2019 16:04,201812,WESTERN EUROPE-EU,AUSTRIA,BRISTOL,SALZBURG,2151,1618,533,2097,1486,611,2.575107
05/02/2019 16:04,201812,WESTERN EUROPE-EU,AUSTRIA,BRISTOL,VIENNA,3195,3195,0,2664,2664,0,19.932432
05/02/2019 16:04,201812,WESTERN EUROPE-EU,AUSTRIA,CARDIFF WALES,VIENNA,0,0,0,155,155,0,-100
05/02/2019 16:04,201812,WESTERN EUROPE-EU,AUSTRIA,EAST MIDLANDS INTERNATIONAL,SALZBURG,814,349,465,747,332,415,8.96921
05/02/2019 16:04,201812,WESTERN EUROPE-EU,AUSTRIA,EDINBURGH,INNSBRUCK,497,0,497,706,0,706,-29.603399
05/02/2019 16:04,201812,WESTERN EUROPE-EU,AUSTRIA,EDINBURGH,SALZBURG,802,514,288,741,448,293,8.232119
05/02/2019 16:04,201812,WESTERN EUROPE-EU,AUSTRIA,EDINBURGH,VIENNA,5279,5279,0,5100,5100,0,3.509804
05/02/2019 16:04,201812,WESTERN EUROPE-EU,AUSTRIA,EXETER,INNSBRUCK,0,0,0,367,367,0,-100
05/02/2019 16:04,201812,WESTERN EUROPE-EU,AUSTRIA,EXETER,VIENNA,0,0,0,280,140,140,-100
05/02/2019 16:04,201812,WESTERN EUROPE-EU,AUSTRIA,GLASGOW,SALZBURG,894,0,894,220,0,220,306.363636
05/02/2019 16:04,201812,WESTERN EUROPE-EU,AUSTRIA,GLASGOW,VIENNA,1452,716,736,0,0,0,0
05/02/2019 16:04,201812,WESTERN EUROPE-EU,AUSTRIA,LEEDS BRADFORD,SALZBURG,429,429,0,523,523,0,-17.973231
05/02/2019 16:04,201812,WESTERN EUROPE-EU,AUSTRIA,LIVERPOOL (JOHN LENNON),SALZBURG,763,763,0,882,882,0,-13.492063
05/02/2019 16:04,201812,WESTERN EUROPE-EU,AUSTRIA,MANCHESTER,INNSBRUCK,4155,2272,1883,4026,1626,2400,3.204173
05/02/2019 16:04,201812,WESTERN EUROPE-EU,AUSTRIA,MANCHESTER,SALZBURG,2326,1288,1038,4381,3025,1356,-46.907099
05/02/2019 16:04,201812,WESTERN EUROPE-EU,AUSTRIA,MANCHESTER,VIENNA,9731,9731,0,7937,7937,0,22.602999
05/02/2019 16:04,201812,WESTERN EUROPE-EU,AUSTRIA,NEWCASTLE,INNSBRUCK,459,459,0,429,429,0,6.993007
05/02/2019 16:04,201812,WESTERN EUROPE-EU,AUSTRIA,NEWCASTLE,SALZBURG,171,171,0,179,179,0,-4.469274
05/02/2019 16:04,201812,WESTERN EUROPE-EU,AUSTRIA,NEWCASTLE,VIENNA,349,349,0,0,0,0,0
05/02/2019 16:04,201812,WESTERN EUROPE-EU,BELGIUM,GATWICK,BRUSSELS,1205,1205,0,53,53,0,2173.584906
05/02/2019 16:04,201812,WESTERN EUROPE-EU,BELGIUM,HEATHROW,BRUSSELS,60636,60636,0,58720,58720,0,3.262943
05/02/2019 16:04,201812,WESTERN EUROPE-EU,BELGIUM,LONDON CITY,ANTWERP,0,0,0,2518,2518,0,-100
05/02/2019 16:04,201812,WESTERN EUROPE-EU,BELGIUM,SOUTHEND,ANTWERP,1502,1502,0,0,0,0,0
05/02/2019 16:04,201812,WESTERN EUROPE-EU,BELGIUM,BIRMINGHAM,BRUSSELS,10200,10200,0,12304,12304,0,-17.10013
05/02/2019 16:04,201812,WESTERN EUROPE-EU,BELGIUM,BRISTOL,BRUSSELS,3865,3865,0,3648,3648,0,5.948465
05/02/2019 16:04,201812,WESTERN EUROPE-EU,BELGIUM,EAST MIDLANDS INTERNATIONAL,BRUSSELS,1848,1848,0,1669,1669,0,10.724985
05/02/2019 16:04,201812,WESTERN EUROPE-EU,BELGIUM,EDINBURGH,BRUSSELS,9620,9620,0,8905,8905,0,8.029197
05/02/2019 16:04,201812,WESTERN EUROPE-EU,BELGIUM,EDINBURGH,CHARLEROI,5402,5402,0,3727,3727,0,44.942313
05/02/2019 16:04,201812,WESTERN EUROPE-EU,BELGIUM,GLASGOW,BRUSSELS,0,0,0,555,0,555,-100
05/02/2019 16:04,201812,WESTERN EUROPE-EU,BELGIUM,GLASGOW,CHARLEROI,0,0,0,2173,2173,0,-100
05/02/2019 16:04,201812,WESTERN EUROPE-EU,BELGIUM,MANCHESTER,ANTWERP,25,0,25,0,0,0,0
05/02/2019 16:04,201812,WESTERN EUROPE-EU,BELGIUM,MANCHESTER,BRUSSELS,19711,19663,48,18613,18613,0,5.899103
05/02/2019 16:04,201812,WESTERN EUROPE-EU,BELGIUM,MANCHESTER,CHARLEROI,11649,11649,0,12281,12281,0,-5.146161
05/02/2019 16:04,201812,WESTERN EUROPE-EU,BELGIUM,NEWCASTLE,BRUSSELS,2272,2272,0,1536,1536,0,47.916667
05/02/2019 16:04,201812,WESTERN EUROPE-EU,BELGIUM,SOUTHAMPTON,LIEGE,61,0,61,0,0,0,0
05/02/2019 16:04,201812,WESTERN EUROPE-EU,CROATIA,GATWICK,DUBROVNIK,1675,1675,0,915,915,0,83.060109
05/02/2019 16:04,201812,WESTERN EUROPE-EU,CROATIA,HEATHROW,ZAGREB,13612,13612,0,11373,11373,0,19.686978
05/02/2019 16:04,201812,WESTERN EUROPE-EU,CROATIA,CARDIFF WALES,ZAGREB,0,0,0,131,131,0,-100
05/02/2019 16:04,201812,WESTERN EUROPE-EU,CYPRUS,GATWICK,LARNACA,7991,7991,0,13835,13835,0,-42.240694
05/02/2019 16:04,201812,WESTERN EUROPE-EU,CYPRUS,GATWICK,PAPHOS,11582,9474,2108,14654,12037,2617,-20.963559
05/02/2019 16:04,201812,WESTERN EUROPE-EU,CYPRUS,HEATHROW,LARNACA,11436,11436,0,13027,13027,0,-12.213096
05/02/2019 16:04,201812,WESTERN EUROPE-EU,CYPRUS,LUTON,LARNACA,15071,15071,0,4260,4260,0,253.779343
05/02/2019 16:04,201812,WESTERN EUROPE-EU,CYPRUS,LUTON,PAPHOS,6295,5552,743,5177,5177,0,21.595519
05/02/2019 16:04,201812,WESTERN EUROPE-EU,CYPRUS,STANSTED,LARNACA,1418,1418,0,6080,5283,797,-76.677632
05/02/2019 16:04,201812,WESTERN EUROPE-EU,CYPRUS,STANSTED,PAPHOS,14808,13467,1341,14556,13208,1348,1.731245
05/02/2019 16:04,201812,WESTERN EUROPE-EU,CYPRUS,BIRMINGHAM,LARNACA,3251,3251,0,3759,3759,0,-13.514233
05/02/2019 16:04,201812,WESTERN EUROPE-EU,CYPRUS,BIRMINGHAM,PAPHOS,2915,1570,1345,1429,0,1429,103.988803
05/02/2019 16:04,201812,WESTERN EUROPE-EU,CYPRUS,BOURNEMOUTH,PAPHOS,2593,2593,0,0,0,0,0
05/02/2019 16:04,201812,WESTERN EUROPE-EU,CYPRUS,BRISTOL,LARNACA,2667,2667,0,0,0,0,0
05/02/2019 16:04,201812,WESTERN EUROPE-EU,CYPRUS,BRISTOL,PAPHOS,4789,4789,0,4093,4093,0,17.004642
05/02/2019 16:04,201812,WESTERN EUROPE-EU,CYPRUS,EDINBURGH,PAPHOS,3105,3105,0,3118,3118,0,-0.416934
05/02/2019 16:04,201812,WESTERN EUROPE-EU,CYPRUS,LIVERPOOL (JOHN LENNON),LARNACA,2961,2961,0,3191,2969,222,-7.207772
05/02/2019 16:04,201812,WESTERN EUROPE-EU,CYPRUS,LIVERPOOL (JOHN LENNON),PAPHOS,2732,2732,0,0,0,0,0
05/02/2019 16:04,201812,WESTERN EUROPE-EU,CYPRUS,MANCHESTER,LARNACA,0,0,0,1790,1790,0,-100
05/02/2019 16:04,201812,WESTERN EUROPE-EU,CYPRUS,MANCHESTER,PAPHOS,15114,12535,2579,16177,13185,2992,-6.571058
05/02/2019 16:04,201812,WESTERN EUROPE-EU,CYPRUS,NEWCASTLE,PAPHOS,1333,1333,0,1243,1243,0,7.240547
05/02/2019 16:04,201812,WESTERN EUROPE-EU,DENMARK,GATWICK,AALBORG,0,0,0,3125,3125,0,-100
05/02/2019 16:04,201812,WESTERN EUROPE-EU,DENMARK,GATWICK,AARHUS (TIRSTRUP),1905,1905,0,0,0,0,0
05/02/2019 16:04,201812,WESTERN EUROPE-EU,DENMARK,GATWICK,COPENHAGEN,65576,65449,127,72928,72928,0,-10.081176
05/02/2019 16:04,201812,WESTERN EUROPE-EU,DENMARK,HEATHROW,BILLUND,9839,9839,0,9205,9205,0,6.887561
05/02/2019 16:04,201812,WESTERN EUROPE-EU,DENMARK,HEATHROW,COPENHAGEN,79861,79861,0,80814,80814,0,-1.179251
05/02/2019 16:04,201812,WESTERN EUROPE-EU,DENMARK,LONDON CITY,BILLUND,1149,1149,0,1448,1448,0,-20.649171
05/02/2019 16:04,201812,WESTERN EUROPE-EU,DENMARK,LUTON,COPENHAGEN,9826,9826,0,9318,9318,0,5.451814
05/02/2019 16:04,201812,WESTERN EUROPE-EU,DENMARK,STANSTED,AALBORG,5388,5388,0,5329,5329,0,1.10715
05/02/2019 16:04,201812,WESTERN EUROPE-EU,DENMARK,STANSTED,AARHUS (TIRSTRUP),6780,6780,0,6175,6175,0,9.797571
05/02/2019 16:04,201812,WESTERN EUROPE-EU,DENMARK,STANSTED,BILLUND,18054,18054,0,18407,18407,0,-1.917749
05/02/2019 16:04,201812,WESTERN EUROPE-EU,DENMARK,STANSTED,COPENHAGEN,25544,25544,0,24334,24334,0,4.972467
05/02/2019 16:04,201812,WESTERN EUROPE-EU,DENMARK,ABERDEEN,COPENHAGEN,1440,1440,0,1550,1550,0,-7.096774
05/02/2019 16:04,201812,WESTERN EUROPE-EU,DENMARK,ABERDEEN,ESBJERG,829,829,0,632,632,0,31.170886
05/02/2019 16:04,201812,WESTERN EUROPE-EU,DENMARK,BIRMINGHAM,COPENHAGEN,5400,5400,0,6145,6145,0,-12.123678
05/02/2019 16:04,201812,WESTERN EUROPE-EU,DENMARK,BRISTOL,COPENHAGEN,3975,3975,0,3115,3115,0,27.608347
05/02/2019 16:04,201812,WESTERN EUROPE-EU,DENMARK,EDINBURGH,BILLUND,159,159,0,0,0,0,0
05/02/2019 16:04,201812,WESTERN EUROPE-EU,DENMARK,EDINBURGH,COPENHAGEN,15856,15856,0,16187,16187,0,-2.044851
05/02/2019 16:04,201812,WESTERN EUROPE-EU,DENMARK,EXETER,COPENHAGEN,0,0,0,314,314,0,-100
05/02/2019 16:04,201812,WESTERN EUROPE-EU,DENMARK,LEEDS BRADFORD,COPENHAGEN,185,185,0,290,290,0,-36.206897
05/02/2019 16:04,201812,WESTERN EUROPE-EU,DENMARK,LIVERPOOL (JOHN LENNON),BILLUND,0,0,0,63,63,0,-100
05/02/2019 16:04,201812,WESTERN EUROPE-EU,DENMARK,MANCHESTER,BILLUND,1487,1487,0,1971,1971,0,-24.556063
05/02/2019 16:04,201812,WESTERN EUROPE-EU,DENMARK,MANCHESTER,COPENHAGEN,29599,29599,0,28997,28997,0,2.076077
05/02/2019 16:04,201812,WESTERN EUROPE-EU,DENMARK,NEWCASTLE,COPENHAGEN,187,187,0,296,296,0,-36.824324
05/02/2019 16:04,201812,WESTERN EUROPE-EU,FINLAND,GATWICK,ENONTEKIO,2858,0,2858,4629,0,4629,-38.258803
05/02/2019 16:04,201812,WESTERN EUROPE-EU,FINLAND,GATWICK,HELSINKI,18967,18967,0,18136,18136,0,4.582047
05/02/2019 16:04,201812,WESTERN EUROPE-EU,FINLAND,GATWICK,IVALO,10347,1384,8963,11351,1773,9578,-8.845036
05/02/2019 16:04,201812,WESTERN EUROPE-EU,FINLAND,GATWICK,KITTILA,15656,2791,12865,17210,2400,14810,-9.029634
05/02/2019 16:04,201812,WESTERN EUROPE-EU,FINLAND,GATWICK,KUUSAMO,3260,0,3260,1060,0,1060,207.54717
05/02/2019 16:04,201812,WESTERN EUROPE-EU,FINLAND,GATWICK,ROVANIEMI,22425,11114,11311,17848,7728,10120,25.64433
05/02/2019 16:04,201812,WESTERN EUROPE-EU,FINLAND,HEATHROW,HELSINKI,65353,65353,0,59075,59075,0,10.627169
05/02/2019 16:04,201812,WESTERN EUROPE-EU,FINLAND,LUTON,IVALO,1337,715,622,719,0,719,85.952712
05/02/2019 16:04,201812,WESTERN EUROPE-EU,FINLAND,STANSTED,ENONTEKIO,1454,0,1454,2447,0,2447,-40.580302
05/02/2019 16:04,201812,WESTERN EUROPE-EU,FINLAND,STANSTED,IVALO,2016,0,2016,1805,0,1805,11.689751
05/02/2019 16:04,201812,WESTERN EUROPE-EU,FINLAND,STANSTED,KITTILA,592,0,592,377,0,377,57.029178
05/02/2019 16:04,201812,WESTERN EUROPE-EU,FINLAND,STANSTED,ROVANIEMI,362,0,362,1196,436,760,-69.732441
05/02/2019 16:04,201812,WESTERN EUROPE-EU,FINLAND,ABERDEEN,ENONTEKIO,748,0,748,370,0,370,102.162162
05/02/2019 16:04,201812,WESTERN EUROPE-EU,FINLAND,ABERDEEN,IVALO,270,0,270,354,0,354,-23.728814
05/02/2019 16:04,201812,WESTERN EUROPE-EU,FINLAND,BELFAST INTERNATIONAL,ENONTEKIO,370,0,370,704,0,704,-47.443182
05/02/2019 16:04,201812,WESTERN EUROPE-EU,FINLAND,BELFAST INTERNATIONAL,IVALO,180,0,180,358,0,358,-49.72067
05/02/2019 16:04,201812,WESTERN EUROPE-EU,FINLAND,BELFAST INTERNATIONAL,KUOPIO,0,0,0,2,0,2,-100
05/02/2019 16:04,201812,WESTERN EUROPE-EU,FINLAND,BELFAST INTERNATIONAL,ROVANIEMI,1728,0,1728,1754,0,1754,-1.482326
05/02/2019 16:04,201812,WESTERN EUROPE-EU,FINLAND,BIRMINGHAM,ENONTEKIO,2022,0,2022,2572,0,2572,-21.384137
05/02/2019 16:04,201812,WESTERN EUROPE-EU,FINLAND,BIRMINGHAM,IVALO,4943,0,4943,1605,0,1605,207.975078
05/02/2019 16:04,201812,WESTERN EUROPE-EU,FINLAND,BIRMINGHAM,KITTILA,442,0,442,378,0,378,16.931217
05/02/2019 16:04,201812,WESTERN EUROPE-EU,FINLAND,BIRMINGHAM,KUUSAMO,727,0,727,0,0,0,0
05/02/2019 16:04,201812,WESTERN EUROPE-EU,FINLAND,BIRMINGHAM,ROVANIEMI,5925,1992,3933,5229,1316,3913,13.310384
05/02/2019 16:04,201812,WESTERN EUROPE-EU,FINLAND,BOURNEMOUTH,ENONTEKIO,0,0,0,378,0,378,-100
05/02/2019 16:04,201812,WESTERN EUROPE-EU,FINLAND,BOURNEMOUTH,IVALO,0,0,0,706,0,706,-100
05/02/2019 16:04,201812,WESTERN EUROPE-EU,FINLAND,BOURNEMOUTH,KITTILA,371,0,371,371,0,371,0
05/02/2019 16:04,201812,WESTERN EUROPE-EU,FINLAND,BRISTOL,ENONTEKIO,1418,171,1247,935,0,935,51.657754
05/02/2019 16:04,201812,WESTERN EUROPE-EU,FINLAND,BRISTOL,IVALO,1083,0,1083,1301,0,1301,-16.756341
05/02/2019 16:04,201812,WESTERN EUROPE-EU,FINLAND,BRISTOL,KITTILA,7018,0,7018,6805,0,6805,3.130051
05/02/2019 16:04,201812,WESTERN EUROPE-EU,FINLAND,BRISTOL,ROVANIEMI,1620,0,1620,1747,1298,449,-7.269605
05/02/2019 16:04,201812,WESTERN EUROPE-EU,FINLAND,CARDIFF WALES,ENONTEKIO,375,0,375,187,0,187,100.534759
05/02/2019 16:04,201812,WESTERN EUROPE-EU,FINLAND,CARDIFF WALES,IVALO,512,0,512,358,0,358,43.01676
05/02/2019 16:04,201812,WESTERN EUROPE-EU,FINLAND,DONCASTER SHEFFIELD,ENONTEKIO,1060,0,1060,722,0,722,46.814404
05/02/2019 16:04,201812,WESTERN EUROPE-EU,FINLAND,DONCASTER SHEFFIELD,KITTILA,2290,0,2290,375,0,375,510.666667
05/02/2019 16:04,201812,WESTERN EUROPE-EU,FINLAND,DURHAM TEES VALLEY,ENONTEKIO,374,0,374,379,0,379,-1.319261
05/02/2019 16:04,201812,WESTERN EUROPE-EU,FINLAND,EAST MIDLANDS INTERNATIONAL,ENONTEKIO,1444,0,1444,1143,0,1143,26.334208
05/02/2019 16:04,201812,WESTERN EUROPE-EU,FINLAND,EAST MIDLANDS INTERNATIONAL,IVALO,965,0,965,900,0,900,7.222222
05/02/2019 16:04,201812,WESTERN EUROPE-EU,FINLAND,EAST MIDLANDS INTERNATIONAL,KITTILA,4229,219,4010,3277,269,3008,29.050961
05/02/2019 16:04,201812,WESTERN EUROPE-EU,FINLAND,EAST MIDLANDS INTERNATIONAL,ROVANIEMI,2477,1736,741,1473,1305,168,68.160217
05/02/2019 16:04,201812,WESTERN EUROPE-EU,FINLAND,EDINBURGH,ENONTEKIO,732,0,732,748,0,748,-2.139037
05/02/2019 16:04,201812,WESTERN EUROPE-EU,FINLAND,EDINBURGH,HELSINKI,2649,2649,0,2382,2382,0,11.209068
05/02/2019 16:04,201812,WESTERN EUROPE-EU,FINLAND,EDINBURGH,IVALO,342,0,342,360,0,360,-5
05/02/2019 16:04,201812,WESTERN EUROPE-EU,FINLAND,EDINBURGH,KITTILA,376,0,376,372,0,372,1.075269
05/02/2019 16:04,201812,WESTERN EUROPE-EU,FINLAND,EXETER,ENONTEKIO,374,0,374,376,0,376,-0.531915
05/02/2019 16:04,201812,WESTERN EUROPE-EU,FINLAND,EXETER,IVALO,179,0,179,362,0,362,-50.552486
05/02/2019 16:04,201812,WESTERN EUROPE-EU,FINLAND,EXETER,ROVANIEMI,138,0,138,378,0,378,-63.492063
05/02/2019 16:04,201812,WESTERN EUROPE-EU,FINLAND,GLASGOW,ENONTEKIO,1229,359,870,1060,0,1060,15.943396
05/02/2019 16:04,201812,WESTERN EUROPE-EU,FINLAND,GLASGOW,IVALO,713,713,0,708,0,708,0.706215
05/02/2019 16:04,201812,WESTERN EUROPE-EU,FINLAND,GLASGOW,KITTILA,411,0,411,1418,550,868,-71.015515
05/02/2019 16:04,201812,WESTERN EUROPE-EU,FINLAND,GLASGOW,ROVANIEMI,3287,430,2857,3459,440,3019,-4.972535
05/02/2019 16:04,201812,WESTERN EUROPE-EU,FINLAND,HUMBERSIDE,ENONTEKIO,538,0,538,376,0,376,43.085106
05/02/2019 16:04,201812,WESTERN EUROPE-EU,FINLAND,HUMBERSIDE,IVALO,356,0,356,0,0,0,0
05/02/2019 16:04,201812,WESTERN EUROPE-EU,FINLAND,LEEDS BRADFORD,ENONTEKIO,742,0,742,1428,0,1428,-48.039216
05/02/2019 16:04,201812,WESTERN EUROPE-EU,FINLAND,LEEDS BRADFORD,IVALO,1065,0,1065,1080,0,1080,-1.388889
05/02/2019 16:04,201812,WESTERN EUROPE-EU,FINLAND,LIVERPOOL (JOHN LENNON),ENONTEKIO,375,0,375,376,0,376,-0.265957
05/02/2019 16:04,201812,WESTERN EUROPE-EU,FINLAND,LIVERPOOL (JOHN LENNON),IVALO,269,0,269,895,0,895,-69.944134
05/02/2019 16:04,201812,WESTERN EUROPE-EU,FINLAND,MANCHESTER,ENONTEKIO,3303,0,3303,3433,420,3013,-3.786775
05/02/2019 16:04,201812,WESTERN EUROPE-EU,FINLAND,MANCHESTER,HELSINKI,15449,15449,0,11683,11683,0,32.234871
05/02/2019 16:04,201812,WESTERN EUROPE-EU,FINLAND,MANCHESTER,IVALO,8384,0,8384,8545,0,8545,-1.884143
05/02/2019 16:04,201812,WESTERN EUROPE-EU,FINLAND,MANCHESTER,KITTILA,11836,1309,10527,16927,2101,14826,-30.07621
05/02/2019 16:04,201812,WESTERN EUROPE-EU,FINLAND,MANCHESTER,KUUSAMO,3163,0,3163,999,0,999,216.616617
05/02/2019 16:04,201812,WESTERN EUROPE-EU,FINLAND,MANCHESTER,ROVANIEMI,12311,5998,6313,12005,6010,5995,2.548938
05/02/2019 16:04,201812,WESTERN EUROPE-EU,FINLAND,NEWCASTLE,ENONTEKIO,153,153,0,376,376,0,-59.308511
05/02/2019 16:04,201812,WESTERN EUROPE-EU,FINLAND,NEWCASTLE,HELSINKI,0,0,0,112,0,112,-100
05/02/2019 16:04,201812,WESTERN EUROPE-EU,FINLAND,NEWCASTLE,IVALO,624,624,0,712,712,0,-12.359551
05/02/2019 16:04,201812,WESTERN EUROPE-EU,FINLAND,NEWCASTLE,KITTILA,2773,2773,0,2616,2616,0,6.001529
05/02/2019 16:04,201812,WESTERN EUROPE-EU,FINLAND,NEWCASTLE,ROVANIEMI,1236,1236,0,1672,1672,0,-26.076555
05/02/2019 16:04,201812,WESTERN EUROPE-EU,FINLAND,NORWICH,IVALO,356,0,356,356,0,356,0
05/02/2019 16:04,201812,WESTERN EUROPE-EU,FINLAND,SOUTHAMPTON,ENONTEKIO,0,0,0,752,0,752,-100
05/02/2019 16:04,201812,WESTERN EUROPE-EU,FINLAND,SOUTHAMPTON,IVALO,0,0,0,306,0,306,-100
05/02/2019 16:04,201812,WESTERN EUROPE-EU,FRANCE,GATWICK,BORDEAUX,19028,19028,0,20172,20172,0,-5.671227
05/02/2019 16:04,201812,WESTERN EUROPE-EU,FRANCE,GATWICK,CHAMBERY,5973,0,5973,4538,0,4538,31.62186
05/02/2019 16:04,201812,WESTERN EUROPE-EU,FRANCE,GATWICK,GRENOBLE,15165,6815,8350,13762,3881,9881,10.194739
05/02/2019 16:04,201812,WESTERN EUROPE-EU,FRANCE,GATWICK,LYON,23828,21861,1967,23646,21436,2210,0.769686
05/02/2019 16:04,201812,WESTERN EUROPE-EU,FRANCE,GATWICK,MARSEILLE,9953,9953,0,11256,11256,0,-11.576048
05/02/2019 16:04,201812,WESTERN EUROPE-EU,FRANCE,GATWICK,MONTPELLIER,10374,10374,0,11519,11519,0,-9.940099
05/02/2019 16:04,201812,WESTERN EUROPE-EU,FRANCE,GATWICK,NANTES,12980,12980,0,14633,14633,0,-11.296385
05/02/2019 16:04,201812,WESTERN EUROPE-EU,FRANCE,GATWICK,NICE,31932,31932,0,33338,33338,0,-4.21741
05/02/2019 16:04,201812,WESTERN EUROPE-EU,FRANCE,GATWICK,PARIS (CHARLES DE GAULLE),40490,40490,0,40098,40098,0,0.977605
05/02/2019 16:04,201812,WESTERN EUROPE-EU,FRANCE,GATWICK,RENNES,0,0,0,1406,1406,0,-100
05/02/2019 16:04,201812,WESTERN EUROPE-EU,FRANCE,GATWICK,TOULOUSE (BLAGNAC),18552,17750,802,20203,19347,856,-8.172054
05/02/2019 16:04,201812,WESTERN EUROPE-EU,FRANCE,HEATHROW,GRENOBLE,563,563,0,1500,763,737,-62.466667
05/02/2019 16:04,201812,WESTERN EUROPE-EU,FRANCE,HEATHROW,LYON,20507,20507,0,17522,17522,0,17.035727
05/02/2019 16:04,201812,WESTERN EUROPE-EU,FRANCE,HEATHROW,MARSEILLE,18984,18984,0,17414,17414,0,9.015734
05/02/2019 16:04,201812,WESTERN EUROPE-EU,FRANCE,HEATHROW,NICE,28401,28401,0,28219,28219,0,0.644956
05/02/2019 16:04,201812,WESTERN EUROPE-EU,FRANCE,HEATHROW,PARIS (CHARLES DE GAULLE),102683,102683,0,105083,105083,0,-2.283909
05/02/2019 16:04,201812,WESTERN EUROPE-EU,FRANCE,HEATHROW,TOULOUSE (BLAGNAC),19231,19231,0,16397,16397,0,17.283649
05/02/2019 16:04,201812,WESTERN EUROPE-EU,FRANCE,LONDON CITY,CHAMBERY,1522,1522,0,1557,1557,0,-2.247913
05/02/2019 16:04,201812,WESTERN EUROPE-EU,FRANCE,LONDON CITY,PARIS (ORLY),6325,6325,0,6273,6273,0,0.828949
05/02/2019 16:04,201812,WESTERN EUROPE-EU,FRANCE,LUTON,BEZIERS,2908,2908,0,2810,2810,0,3.487544
05/02/2019 16:04,201812,WESTERN EUROPE-EU,FRANCE,LUTON,BORDEAUX,8665,8665,0,7749,7749,0,11.82088
05/02/2019 16:04,201812,WESTERN EUROPE-EU,FRANCE,LUTON,CHAMBERY,557,0,557,493,0,493,12.981744
05/02/2019 16:04,201812,WESTERN EUROPE-EU,FRANCE,LUTON,CLERMONT FERRAND,0,0,0,364,0,364,-100
05/02/2019 16:04,201812,WESTERN EUROPE-EU,FRANCE,LUTON,GRENOBLE,2601,2601,0,1366,1366,0,90.409956
05/02/2019 16:04,201812,WESTERN EUROPE-EU,FRANCE,LUTON,LYON,9792,9792,0,9788,9788,0,0.040866
05/02/2019 16:04,201812,WESTERN EUROPE-EU,FRANCE,LUTON,MARSEILLE,2785,2785,0,3057,3057,0,-8.897612
05/02/2019 16:04,201812,WESTERN EUROPE-EU,FRANCE,LUTON,NANTES,3817,3817,0,3479,3479,0,9.715435
05/02/2019 16:04,201812,WESTERN EUROPE-EU,FRANCE,LUTON,NICE,6610,6610,0,6100,6100,0,8.360656
05/02/2019 16:04,201812,WESTERN EUROPE-EU,FRANCE,LUTON,NIMES,0,0,0,3253,3253,0,-100
05/02/2019 16:04,201812,WESTERN EUROPE-EU,FRANCE,LUTON,PARIS (CHARLES DE GAULLE),25555,25555,0,25314,25314,0,0.952042
05/02/2019 16:04,201812,WESTERN EUROPE-EU,FRANCE,LUTON,PARIS (LE BOURGET),0,0,0,13,0,13,-100
05/02/2019 16:04,201812,WESTERN EUROPE-EU,FRANCE,LUTON,TOULOUSE (BLAGNAC),4130,4130,0,4591,4591,0,-10.041385
05/02/2019 16:04,201812,WESTERN EUROPE-EU,FRANCE,SOUTHEND,CAEN,1263,1263,0,0,0,0,0
05/02/2019 16:04,201812,WESTERN EUROPE-EU,FRANCE,SOUTHEND,LYON,3116,3116,0,1524,1524,0,104.461942
05/02/2019 16:04,201812,WESTERN EUROPE-EU,FRANCE,SOUTHEND,PARIS (CHARLES DE GAULLE),5185,5185,0,4338,4338,0,19.525127
05/02/2019 16:04,201812,WESTERN EUROPE-EU,FRANCE,SOUTHEND,RENNES,4252,4252,0,3521,3521,0,20.761147
05/02/2019 16:04,201812,WESTERN EUROPE-EU,FRANCE,STANSTED,BERGERAC,4375,4375,0,4976,4976,0,-12.077974
05/02/2019 16:04,201812,WESTERN EUROPE-EU,FRANCE,STANSTED,BIARRITZ,4539,4539,0,3873,3873,0,17.195972
05/02/2019 16:04,201812,WESTERN EUROPE-EU,FRANCE,STANSTED,BORDEAUX,6846,6846,0,6331,6331,0,8.134576
05/02/2019 16:04,201812,WESTERN EUROPE-EU,FRANCE,STANSTED,CARCASSONNE,4265,4265,0,3893,3893,0,9.555613
05/02/2019 16:04,201812,WESTERN EUROPE-EU,FRANCE,STANSTED,CHAMBERY,2786,825,1961,2208,640,1568,26.177536
05/02/2019 16:04,201812,WESTERN EUROPE-EU,FRANCE,STANSTED,DINARD,3957,3957,0,5006,5006,0,-20.954854
05/02/2019 16:04,201812,WESTERN EUROPE-EU,FRANCE,STANSTED,DOLE,703,703,0,0,0,0,0
05/02/2019 16:04,201812,WESTERN EUROPE-EU,FRANCE,STANSTED,GRENOBLE,5048,4829,219,6185,6185,0,-18.383185
05/02/2019 16:04,201812,WESTERN EUROPE-EU,FRANCE,STANSTED,LA ROCHELLE,2907,2907,0,2259,2259,0,28.685259
05/02/2019 16:04,201812,WESTERN EUROPE-EU,FRANCE,STANSTED,LIMOGES,6037,6037,0,4705,4705,0,28.310308
05/02/2019 16:04,201812,WESTERN EUROPE-EU,FRANCE,STANSTED,LYON,2191,2191,0,449,449,0,387.973274
05/02/2019 16:04,201812,WESTERN EUROPE-EU,FRANCE,STANSTED,MARSEILLE,9227,9227,0,9023,9023,0,2.260889
05/02/2019 16:04,201812,WESTERN EUROPE-EU,FRANCE,STANSTED,NANTES,5069,5069,0,0,0,0,0
05/02/2019 16:04,201812,WESTERN EUROPE-EU,FRANCE,STANSTED,NICE,13422,13422,0,13860,13860,0,-3.160173
05/02/2019 16:04,201812,WESTERN EUROPE-EU,FRANCE,STANSTED,NIMES,2513,2513,0,0,0,0,0
05/02/2019 16:04,201812,WESTERN EUROPE-EU,FRANCE,STANSTED,PERPIGNAN,0,0,0,314,314,0,-100
05/02/2019 16:04,201812,WESTERN EUROPE-EU,FRANCE,STANSTED,POITIERS,3011,3011,0,2921,2921,0,3.081137
05/02/2019 16:04,201812,WESTERN EUROPE-EU,FRANCE,STANSTED,TARBES-LOURDES INTERNATIONAL,3126,3126,0,3312,3312,0,-5.615942
05/02/2019 16:04,201812,WESTERN EUROPE-EU,FRANCE,STANSTED,TOULOUSE (BLAGNAC),17177,17177,0,15130,15130,0,13.529412
05/02/2019 16:04,201812,WESTERN EUROPE-EU,FRANCE,STANSTED,TOURS,3042,3042,0,2704,2704,0,12.5
05/02/2019 16:04,201812,WESTERN EUROPE-EU,FRANCE,ABERDEEN,PARIS (CHARLES DE GAULLE),7570,7570,0,9356,9356,0,-19.089354
05/02/2019 16:04,201812,WESTERN EUROPE-EU,FRANCE,BELFAST INTERNATIONAL,LYON,764,764,0,612,612,0,24.836601
05/02/2019 16:04,201812,WESTERN EUROPE-EU,FRANCE,BELFAST INTERNATIONAL,PARIS (CHARLES DE GAULLE),6190,6190,0,5711,5711,0,8.387323
05/02/2019 16:04,201812,WESTERN EUROPE-EU,FRANCE,BIRMINGHAM,CHAMBERY,1675,383,1292,2073,465,1608,-19.199228
05/02/2019 16:04,201812,WESTERN EUROPE-EU,FRANCE,BIRMINGHAM,GRENOBLE,1504,1001,503,1871,1149,722,-19.615179
05/02/2019 16:04,201812,WESTERN EUROPE-EU,FRANCE,BIRMINGHAM,LA ROCHELLE,0,0,0,448,0,448,-100
05/02/2019 16:04,201812,WESTERN EUROPE-EU,FRANCE,BIRMINGHAM,LYON,3642,3642,0,3569,3569,0,2.045391
05/02/2019 16:04,201812,WESTERN EUROPE-EU,FRANCE,BIRMINGHAM,MONTPELLIER,270,0,270,0,0,0,0
05/02/2019 16:04,201812,WESTERN EUROPE-EU,FRANCE,BIRMINGHAM,NANTES,995,995,0,1491,1491,0,-33.266264
05/02/2019 16:04,201812,WESTERN EUROPE-EU,FRANCE,BIRMINGHAM,PARIS (CHARLES DE GAULLE),36123,36123,0,36648,36648,0,-1.432547
05/02/2019 16:04,201812,WESTERN EUROPE-EU,FRANCE,BIRMINGHAM,PARIS (ORLY),0,0,0,293,293,0,-100
05/02/2019 16:04,201812,WESTERN EUROPE-EU,FRANCE,BIRMINGHAM,PAU,90,0,90,0,0,0,0
05/02/2019 16:04,201812,WESTERN EUROPE-EU,FRANCE,BIRMINGHAM,TOULOUSE (BLAGNAC),552,0,552,3209,3095,114,-82.79838
05/02/2019 16:04,201812,WESTERN EUROPE-EU,FRANCE,BRISTOL,BORDEAUX,3087,3087,0,2334,2334,0,32.262211
05/02/2019 16:04,201812,WESTERN EUROPE-EU,FRANCE,BRISTOL,CHAMBERY,1275,0,1275,1152,0,1152,10.677083
05/02/2019 16:04,201812,WESTERN EUROPE-EU,FRANCE,BRISTOL,GRENOBLE,2470,2470,0,2372,2372,0,4.131535
05/02/2019 16:04,201812,WESTERN EUROPE-EU,FRANCE,BRISTOL,LA ROCHELLE,252,0,252,0,0,0,0
05/02/2019 16:04,201812,WESTERN EUROPE-EU,FRANCE,BRISTOL,LIMOGES,2579,2579,0,0,0,0,0
05/02/2019 16:04,201812,WESTERN EUROPE-EU,FRANCE,BRISTOL,LYON,1066,879,187,443,443,0,140.632054
05/02/2019 16:04,201812,WESTERN EUROPE-EU,FRANCE,BRISTOL,NICE,2522,2522,0,0,0,0,0
05/02/2019 16:04,201812,WESTERN EUROPE-EU,FRANCE,BRISTOL,PARIS (CHARLES DE GAULLE),12736,12736,0,12572,12572,0,1.304486
05/02/2019 16:04,201812,WESTERN EUROPE-EU,FRANCE,BRISTOL,TOULON / HYERES,0,0,0,246,0,246,-100
05/02/2019 16:04,201812,WESTERN EUROPE-EU,FRANCE,BRISTOL,TOULOUSE (BLAGNAC),6488,6488,0,7339,6490,849,-11.595585
05/02/2019 16:04,201812,WESTERN EUROPE-EU,FRANCE,CARDIFF WALES,CHAMBERY,350,350,0,371,371,0,-5.660377
05/02/2019 16:04,201812,WESTERN EUROPE-EU,FRANCE,CARDIFF WALES,NICE,0,0,0,125,125,0,-100
05/02/2019 16:04,201812,WESTERN EUROPE-EU,FRANCE,CARDIFF WALES,PARIS (CHARLES DE GAULLE),4787,4787,0,5653,5653,0,-15.319299
05/02/2019 16:04,201812,WESTERN EUROPE-EU,FRANCE,CARDIFF WALES,TOULOUSE (BLAGNAC),83,83,0,0,0,0,0
05/02/2019 16:04,201812,WESTERN EUROPE-EU,FRANCE,DONCASTER SHEFFIELD,CHAMBERY,0,0,0,443,0,443,-100
05/02/2019 16:04,201812,WESTERN EUROPE-EU,FRANCE,DONCASTER SHEFFIELD,PARIS (CHARLES DE GAULLE),1448,1448,0,3568,3568,0,-59.41704
05/02/2019 16:04,201812,WESTERN EUROPE-EU,FRANCE,EAST MIDLANDS INTERNATIONAL,CHAMBERY,316,0,316,512,0,512,-38.28125
05/02/2019 16:04,201812,WESTERN EUROPE-EU,FRANCE,EAST MIDLANDS INTERNATIONAL,LIMOGES,2955,2955,0,2934,2934,0,0.715746
05/02/2019 16:04,201812,WESTERN EUROPE-EU,FRANCE,EAST MIDLANDS INTERNATIONAL,LYON,338,0,338,0,0,0,0
05/02/2019 16:04,201812,WESTERN EUROPE-EU,FRANCE,EAST MIDLANDS INTERNATIONAL,PARIS (CHARLES DE GAULLE),421,0,421,0,0,0,0
05/02/2019 16:04,201812,WESTERN EUROPE-EU,FRANCE,EAST MIDLANDS INTERNATIONAL,TOURS,0,0,0,1,0,1,-100
05/02/2019 16:04,201812,WESTERN EUROPE-EU,FRANCE,EDINBURGH,CARCASSONNE,0,0,0,1714,1714,0,-100
05/02/2019 16:04,201812,WESTERN EUROPE-EU,FRANCE,EDINBURGH,CHAMBERY,743,0,743,543,0,543,36.832413
05/02/2019 16:04,201812,WESTERN EUROPE-EU,FRANCE,EDINBURGH,GRENOBLE,843,843,0,751,751,0,12.250333
05/02/2019 16:04,201812,WESTERN EUROPE-EU,FRANCE,EDINBURGH,LYON,775,775,0,1396,1396,0,-44.484241
05/02/2019 16:04,201812,WESTERN EUROPE-EU,FRANCE,EDINBURGH,MARSEILLE,2869,2869,0,2482,2482,0,15.592264
05/02/2019 16:04,201812,WESTERN EUROPE-EU,FRANCE,EDINBURGH,NANTES,2939,2939,0,2394,2394,0,22.765246
05/02/2019 16:04,201812,WESTERN EUROPE-EU,FRANCE,EDINBURGH,PARIS (CHARLES DE GAULLE),33674,33674,0,29732,29732,0,13.258442
05/02/2019 16:04,201812,WESTERN EUROPE-EU,FRANCE,EDINBURGH,PARIS (ORLY),0,0,0,3130,3130,0,-100
05/02/2019 16:04,201812,WESTERN EUROPE-EU,FRANCE,EDINBURGH,TOULOUSE (BLAGNAC),2722,2684,38,2763,2583,180,-1.483894
05/02/2019 16:04,201812,WESTERN EUROPE-EU,FRANCE,EXETER,CHAMBERY,813,449,364,934,471,463,-12.955032
05/02/2019 16:04,201812,WESTERN EUROPE-EU,FRANCE,EXETER,LYON,187,0,187,0,0,0,0
05/02/2019 16:04,201812,WESTERN EUROPE-EU,FRANCE,EXETER,PARIS (CHARLES DE GAULLE),6092,6092,0,4033,4033,0,51.053806
05/02/2019 16:04,201812,WESTERN EUROPE-EU,FRANCE,GLASGOW,CHAMBERY,0,0,0,218,0,218,-100
05/02/2019 16:04,201812,WESTERN EUROPE-EU,FRANCE,GLASGOW,GRENOBLE,238,238,0,0,0,0,0
05/02/2019 16:04,201812,WESTERN EUROPE-EU,FRANCE,GLASGOW,LYON,729,0,729,0,0,0,0
05/02/2019 16:04,201812,WESTERN EUROPE-EU,FRANCE,GLASGOW,MONTPELLIER,0,0,0,432,0,432,-100
05/02/2019 16:04,201812,WESTERN EUROPE-EU,FRANCE,GLASGOW,PARIS (CHARLES DE GAULLE),8999,8999,0,9285,9285,0,-3.080237
05/02/2019 16:04,201812,WESTERN EUROPE-EU,FRANCE,GUERNSEY,DINARD,127,127,0,263,263,0,-51.711027
05/02/2019 16:04,201812,WESTERN EUROPE-EU,FRANCE,GUERNSEY,GRENOBLE,30,30,0,0,0,0,0
05/02/2019 16:04,201812,WESTERN EUROPE-EU,FRANCE,JERSEY,GRENOBLE,36,36,0,0,0,0,0
05/02/2019 16:04,201812,WESTERN EUROPE-EU,FRANCE,LEEDS BRADFORD,GRENOBLE,456,456,0,504,504,0,-9.52381
05/02/2019 16:04,201812,WESTERN EUROPE-EU,FRANCE,LEEDS BRADFORD,PARIS (CHARLES DE GAULLE),4252,4252,0,3905,3905,0,8.886044
05/02/2019 16:04,201812,WESTERN EUROPE-EU,FRANCE,LIVERPOOL (JOHN LENNON),GRENOBLE,640,640,0,681,681,0,-6.020558
05/02/2019 16:04,201812,WESTERN EUROPE-EU,FRANCE,LIVERPOOL (JOHN LENNON),NICE,4375,4375,0,3856,3856,0,13.459544
05/02/2019 16:04,201812,WESTERN EUROPE-EU,FRANCE,LIVERPOOL (JOHN LENNON),PARIS (CHARLES DE GAULLE),7174,7174,0,5525,5525,0,29.846154
05/02/2019 16:04,201812,WESTERN EUROPE-EU,FRANCE,LIVERPOOL (JOHN LENNON),TOULOUSE (BLAGNAC),2964,2964,0,0,0,0,0
05/02/2019 16:04,201812,WESTERN EUROPE-EU,FRANCE,MANCHESTER,BORDEAUX,2162,2080,82,0,0,0,0
05/02/2019 16:04,201812,WESTERN EUROPE-EU,FRANCE,MANCHESTER,CARCASSONNE,3332,3332,0,3633,3633,0,-8.285164
05/02/2019 16:04,201812,WESTERN EUROPE-EU,FRANCE,MANCHESTER,CHAMBERY,3518,1042,2476,2619,570,2049,34.326079
05/02/2019 16:04,201812,WESTERN EUROPE-EU,FRANCE,MANCHESTER,GRENOBLE,2826,2826,0,2339,1706,633,20.820864
05/02/2019 16:04,201812,WESTERN EUROPE-EU,FRANCE,MANCHESTER,LIMOGES,3138,3138,0,3497,3497,0,-10.265942
05/02/2019 16:04,201812,WESTERN EUROPE-EU,FRANCE,MANCHESTER,LYON,4140,3583,557,5043,4915,128,-17.906008
05/02/2019 16:04,201812,WESTERN EUROPE-EU,FRANCE,MANCHESTER,NANTES,501,501,0,1568,1568,0,-68.048469
05/02/2019 16:04,201812,WESTERN EUROPE-EU,FRANCE,MANCHESTER,PARIS (CHARLES DE GAULLE),58637,58637,0,54060,53890,170,8.466519
05/02/2019 16:04,201812,WESTERN EUROPE-EU,FRANCE,MANCHESTER,RENNES,0,0,0,723,723,0,-100
05/02/2019 16:04,201812,WESTERN EUROPE-EU,FRANCE,MANCHESTER,TOULOUSE (BLAGNAC),2103,1546,557,4113,3616,497,-48.869438
05/02/2019 16:04,201812,WESTERN EUROPE-EU,FRANCE,NEWCASTLE,BORDEAUX,0,0,0,262,0,262,-100
05/02/2019 16:04,201812,WESTERN EUROPE-EU,FRANCE,NEWCASTLE,GRENOBLE,479,479,0,147,147,0,225.85034
05/02/2019 16:04,201812,WESTERN EUROPE-EU,FRANCE,NEWCASTLE,PARIS (CHARLES DE GAULLE),13451,13451,0,12339,12339,0,9.012076
05/02/2019 16:04,201812,WESTERN EUROPE-EU,FRANCE,PRESTWICK,PARIS (CHARLES DE GAULLE),0,0,0,131,0,131,-100
05/02/2019 16:04,201812,WESTERN EUROPE-EU,FRANCE,SOUTHAMPTON,BERGERAC,2522,2522,0,2140,2140,0,17.850467
05/02/2019 16:04,201812,WESTERN EUROPE-EU,FRANCE,SOUTHAMPTON,BORDEAUX,206,206,0,537,537,0,-61.638734
05/02/2019 16:04,201812,WESTERN EUROPE-EU,FRANCE,SOUTHAMPTON,CHAMBERY,1306,720,586,1106,876,230,18.083183
05/02/2019 16:04,201812,WESTERN EUROPE-EU,FRANCE,SOUTHAMPTON,LA ROCHELLE,226,226,0,562,562,0,-59.786477
05/02/2019 16:04,201812,WESTERN EUROPE-EU,FRANCE,SOUTHAMPTON,LIMOGES,714,714,0,881,881,0,-18.955732
05/02/2019 16:04,201812,WESTERN EUROPE-EU,FRANCE,SOUTHAMPTON,LYON,202,202,0,1170,1170,0,-82.735043
05/02/2019 16:04,201812,WESTERN EUROPE-EU,FRANCE,SOUTHAMPTON,NANTES,988,988,0,1752,1752,0,-43.607306
05/02/2019 16:04,201812,WESTERN EUROPE-EU,FRANCE,SOUTHAMPTON,PARIS (CHARLES DE GAULLE),5861,5861,0,6233,6233,0,-5.968234
05/02/2019 16:04,201812,WESTERN EUROPE-EU,FRANCE,SOUTHAMPTON,RENNES,827,827,0,1015,1015,0,-18.522167
05/02/2019 16:04,201812,WESTERN EUROPE-EU,GERMANY,GATWICK,BERLIN (SCHONEFELD),16216,16216,0,38828,38828,0,-58.236324
05/02/2019 16:04,201812,WESTERN EUROPE-EU,GERMANY,GATWICK,BERLIN (TEGEL),23308,23308,0,0,0,0,0
05/02/2019 16:04,201812,WESTERN EUROPE-EU,GERMANY,GATWICK,COLOGNE BONN,4324,4324,0,0,0,0,0
05/02/2019 16:04,201812,WESTERN EUROPE-EU,GERMANY,GATWICK,FRIEDRICHSHAFEN,3436,2369,1067,2715,1825,890,26.556169
05/02/2019 16:04,201812,WESTERN EUROPE-EU,GERMANY,GATWICK,HAMBURG,15328,15328,0,15418,15418,0,-0.583733
05/02/2019 16:04,201812,WESTERN EUROPE-EU,GERMANY,GATWICK,MUNICH,21436,21436,0,23181,23181,0,-7.527717
05/02/2019 16:04,201812,WESTERN EUROPE-EU,GERMANY,GATWICK,NUREMBERG,4565,4565,0,4522,4522,0,0.950907
05/02/2019 16:04,201812,WESTERN EUROPE-EU,GERMANY,GATWICK,STUTTGART,10974,10974,0,11337,11337,0,-3.201905
05/02/2019 16:04,201812,WESTERN EUROPE-EU,GERMANY,HEATHROW,BERLIN (TEGEL),76892,76892,0,76799,76799,0,0.121095
05/02/2019 16:04,201812,WESTERN EUROPE-EU,GERMANY,HEATHROW,COLOGNE BONN,16232,16232,0,16122,16122,0,0.682297
05/02/2019 16:04,201812,WESTERN EUROPE-EU,GERMANY,HEATHROW,DUSSELDORF,65616,65616,0,60311,60311,0,8.796074
05/02/2019 16:04,201812,WESTERN EUROPE-EU,GERMANY,HEATHROW,FRANKFURT MAIN,118566,118566,0,116236,116236,0,2.004542
05/02/2019 16:04,201812,WESTERN EUROPE-EU,GERMANY,HEATHROW,HAMBURG,50931,50931,0,46849,46849,0,8.7131
05/02/2019 16:04,201812,WESTERN EUROPE-EU,GERMANY,HEATHROW,HANOVER,17644,17644,0,15482,15482,0,13.964604
05/02/2019 16:04,201812,WESTERN EUROPE-EU,GERMANY,HEATHROW,MUNICH,103812,103812,0,99965,99965,0,3.848347
05/02/2019 16:04,201812,WESTERN EUROPE-EU,GERMANY,HEATHROW,STUTTGART,30206,30206,0,26491,26491,0,14.023631
05/02/2019 16:04,201812,WESTERN EUROPE-EU,GERMANY,LONDON CITY,BERLIN (TEGEL),9597,9597,0,8782,8782,0,9.280346
05/02/2019 16:04,201812,WESTERN EUROPE-EU,GERMANY,LONDON CITY,DUSSELDORF,12176,12176,0,13204,13204,0,-7.78552
05/02/2019 16:04,201812,WESTERN EUROPE-EU,GERMANY,LONDON CITY,FRANKFURT MAIN,18407,18407,0,15992,15992,0,15.101301
05/02/2019 16:04,201812,WESTERN EUROPE-EU,GERMANY,LUTON,BERLIN (SCHONEFELD),16103,16103,0,15633,15633,0,3.006461
05/02/2019 16:04,201812,WESTERN EUROPE-EU,GERMANY,LUTON,BERLIN (TEGEL),139,139,0,0,0,0,0
05/02/2019 16:04,201812,WESTERN EUROPE-EU,GERMANY,LUTON,DORTMUND,15154,15154,0,11841,11841,0,27.979056
05/02/2019 16:04,201812,WESTERN EUROPE-EU,GERMANY,LUTON,HAMBURG,134,134,0,6901,6901,0,-98.058252
05/02/2019 16:04,201812,WESTERN EUROPE-EU,GERMANY,LUTON,MUNICH,7034,7034,0,8376,8376,0,-16.021968
05/02/2019 16:04,201812,WESTERN EUROPE-EU,GERMANY,SOUTHEND,COLOGNE BONN,3678,3678,0,2465,2465,0,49.208925
05/02/2019 16:04,201812,WESTERN EUROPE-EU,GERMANY,SOUTHEND,PADERBORN,72,72,0,0,0,0,0
05/02/2019 16:04,201812,WESTERN EUROPE-EU,GERMANY,STANSTED,BERLIN (SCHONEFELD),38938,38771,167,32811,32811,0,18.673616
05/02/2019 16:04,201812,WESTERN EUROPE-EU,GERMANY,STANSTED,BERLIN (TEGEL),461,461,0,678,678,0,-32.0059
05/02/2019 16:04,201812,WESTERN EUROPE-EU,GERMANY,STANSTED,BREMEN,13720,13720,0,15268,15268,0,-10.138853
05/02/2019 16:04,201812,WESTERN EUROPE-EU,GERMANY,STANSTED,COLOGNE BONN,35444,35444,0,35365,35365,0,0.223385
05/02/2019 16:04,201812,WESTERN EUROPE-EU,GERMANY,STANSTED,DORTMUND,10083,10083,0,8720,8720,0,15.630734
05/02/2019 16:04,201812,WESTERN EUROPE-EU,GERMANY,STANSTED,FRANKFURT MAIN,17274,17274,0,16354,16354,0,5.625535
05/02/2019 16:04,201812,WESTERN EUROPE-EU,GERMANY,STANSTED,HAHN,7335,7335,0,9039,9039,0,-18.851643
05/02/2019 16:04,201812,WESTERN EUROPE-EU,GERMANY,STANSTED,HAMBURG,13264,13264,0,10830,10830,0,22.474608
05/02/2019 16:04,201812,WESTERN EUROPE-EU,GERMANY,STANSTED,HANOVER,7073,7073,0,7845,7845,0,-9.840663
05/02/2019 16:04,201812,WESTERN EUROPE-EU,GERMANY,STANSTED,KARLSRUHE/BADEN BADEN,10996,10996,0,12413,12413,0,-11.415452
05/02/2019 16:04,201812,WESTERN EUROPE-EU,GERMANY,STANSTED,LEIPZIG,3764,3764,0,3664,3664,0,2.729258
05/02/2019 16:04,201812,WESTERN EUROPE-EU,GERMANY,STANSTED,MEMMINGEN ALLGAU,7789,7789,0,10910,10910,0,-28.606783
05/02/2019 16:04,201812,WESTERN EUROPE-EU,GERMANY,STANSTED,MUNICH,16699,16699,0,15320,15320,0,9.001305
05/02/2019 16:04,201812,WESTERN EUROPE-EU,GERMANY,STANSTED,NIEDERRHEIN,0,0,0,3804,3804,0,-100
05/02/2019 16:04,201812,WESTERN EUROPE-EU,GERMANY,STANSTED,NUREMBERG,15486,15486,0,15472,15472,0,0.090486
05/02/2019 16:04,201812,WESTERN EUROPE-EU,GERMANY,STANSTED,STUTTGART,0,0,0,8427,8427,0,-100
05/02/2019 16:04,201812,WESTERN EUROPE-EU,GERMANY,ABERDEEN,FRANKFURT MAIN,0,0,0,7911,7911,0,-100
05/02/2019 16:04,201812,WESTERN EUROPE-EU,GERMANY,BELFAST INTERNATIONAL,BERLIN (SCHONEFELD),3068,3068,0,2927,2927,0,4.817219
05/02/2019 16:04,201812,WESTERN EUROPE-EU,GERMANY,BIRMINGHAM,BERLIN (TEGEL),6768,6768,0,7328,7328,0,-7.641921
05/02/2019 16:04,201812,WESTERN EUROPE-EU,GERMANY,BIRMINGHAM,DUSSELDORF,24031,24031,0,20252,20252,0,18.659885
05/02/2019 16:04,201812,WESTERN EUROPE-EU,GERMANY,BIRMINGHAM,FRANKFURT MAIN,24194,24194,0,23573,23573,0,2.63437
05/02/2019 16:04,201812,WESTERN EUROPE-EU,GERMANY,BIRMINGHAM,HAMBURG,3055,3055,0,3193,3193,0,-4.321954
05/02/2019 16:04,201812,WESTERN EUROPE-EU,GERMANY,BIRMINGHAM,HANOVER,2562,2562,0,3128,3128,0,-18.094629
05/02/2019 16:04,201812,WESTERN EUROPE-EU,GERMANY,BIRMINGHAM,MUNICH,15418,15418,0,14990,14990,0,2.855237
05/02/2019 16:04,201812,WESTERN EUROPE-EU,GERMANY,BIRMINGHAM,NUREMBERG,0,0,0,104,104,0,-100
05/02/2019 16:04,201812,WESTERN EUROPE-EU,GERMANY,BIRMINGHAM,STUTTGART,5606,5606,0,5621,5621,0,-0.266856
05/02/2019 16:04,201812,WESTERN EUROPE-EU,GERMANY,BRISTOL,BERLIN (SCHONEFELD),9471,9471,0,8945,8945,0,5.88038
05/02/2019 16:04,201812,WESTERN EUROPE-EU,GERMANY,BRISTOL,COLOGNE BONN,6215,6215,0,5207,5207,0,19.358556
05/02/2019 16:04,201812,WESTERN EUROPE-EU,GERMANY,BRISTOL,DUSSELDORF,1056,1056,0,934,934,0,13.062099
05/02/2019 16:04,201812,WESTERN EUROPE-EU,GERMANY,BRISTOL,FRANKFURT MAIN,3664,3664,0,3785,3785,0,-3.19683
05/02/2019 16:04,201812,WESTERN EUROPE-EU,GERMANY,BRISTOL,HAMBURG,907,907,0,900,900,0,0.777778
05/02/2019 16:04,201812,WESTERN EUROPE-EU,GERMANY,BRISTOL,MUNICH,3517,3517,0,3709,3709,0,-5.176597
05/02/2019 16:04,201812,WESTERN EUROPE-EU,GERMANY,CARDIFF WALES,BERLIN (TEGEL),1369,1369,0,2171,2171,0,-36.941502
05/02/2019 16:04,201812,WESTERN EUROPE-EU,GERMANY,CARDIFF WALES,FRANKFURT MAIN,0,0,0,48,48,0,-100
05/02/2019 16:04,201812,WESTERN EUROPE-EU,GERMANY,CARDIFF WALES,MUNICH,1876,1876,0,2040,2040,0,-8.039216
05/02/2019 16:04,201812,WESTERN EUROPE-EU,GERMANY,DONCASTER SHEFFIELD,BERLIN (TEGEL),0,0,0,1182,1182,0,-100
05/02/2019 16:04,201812,WESTERN EUROPE-EU,GERMANY,EAST MIDLANDS INTERNATIONAL,BERLIN (SCHONEFELD),2850,2850,0,4539,4539,0,-37.210839
05/02/2019 16:04,201812,WESTERN EUROPE-EU,GERMANY,EAST MIDLANDS INTERNATIONAL,HAMBURG,122,122,0,0,0,0,0
05/02/2019 16:04,201812,WESTERN EUROPE-EU,GERMANY,EDINBURGH,BERLIN (SCHONEFELD),8696,8696,0,4111,4111,0,111.530041
05/02/2019 16:04,201812,WESTERN EUROPE-EU,GERMANY,EDINBURGH,BERLIN (TEGEL),3788,3788,0,0,0,0,0
05/02/2019 16:04,201812,WESTERN EUROPE-EU,GERMANY,EDINBURGH,COLOGNE BONN,2220,2220,0,2013,2013,0,10.283159
05/02/2019 16:04,201812,WESTERN EUROPE-EU,GERMANY,EDINBURGH,DUSSELDORF,2215,2215,0,1331,1331,0,66.416228
05/02/2019 16:04,201812,WESTERN EUROPE-EU,GERMANY,EDINBURGH,FRANKFURT MAIN,12727,12727,0,12293,12293,0,3.530464
05/02/2019 16:04,201812,WESTERN EUROPE-EU,GERMANY,EDINBURGH,HAMBURG,11124,11124,0,5633,5633,0,97.479141
05/02/2019 16:04,201812,WESTERN EUROPE-EU,GERMANY,EDINBURGH,KARLSRUHE/BADEN BADEN,0,0,0,1819,1819,0,-100
05/02/2019 16:04,201812,WESTERN EUROPE-EU,GERMANY,EDINBURGH,MEMMINGEN ALLGAU,2276,2276,0,0,0,0,0
05/02/2019 16:04,201812,WESTERN EUROPE-EU,GERMANY,EDINBURGH,MUNICH,14032,14032,0,12004,12004,0,16.894369
05/02/2019 16:04,201812,WESTERN EUROPE-EU,GERMANY,EDINBURGH,NIEDERRHEIN,0,0,0,4316,4316,0,-100
05/02/2019 16:04,201812,WESTERN EUROPE-EU,GERMANY,EDINBURGH,STUTTGART,2780,2780,0,2332,2332,0,19.210978
05/02/2019 16:04,201812,WESTERN EUROPE-EU,GERMANY,EXETER,MUNICH,0,0,0,72,40,32,-100
05/02/2019 16:04,201812,WESTERN EUROPE-EU,GERMANY,GLASGOW,BERLIN (SCHONEFELD),7927,7927,0,17247,17247,0,-54.038383
05/02/2019 16:04,201812,WESTERN EUROPE-EU,GERMANY,GLASGOW,DUSSELDORF,5679,5679,0,2580,2580,0,120.116279
05/02/2019 16:04,201812,WESTERN EUROPE-EU,GERMANY,GLASGOW,FRANKFURT MAIN,7557,7557,0,7086,6930,156,6.646909
05/02/2019 16:04,201812,WESTERN EUROPE-EU,GERMANY,GLASGOW,MUNICH,3643,3643,0,2008,2008,0,81.424303
05/02/2019 16:04,201812,WESTERN EUROPE-EU,GERMANY,ISLE OF MAN,COLOGNE BONN,105,0,105,0,0,0,0
05/02/2019 16:04,201812,WESTERN EUROPE-EU,GERMANY,LEEDS BRADFORD,BERLIN (SCHONEFELD),2013,2013,0,2307,2307,0,-12.743823
05/02/2019 16:04,201812,WESTERN EUROPE-EU,GERMANY,LEEDS BRADFORD,COLOGNE BONN,373,373,0,0,0,0,0
05/02/2019 16:04,201812,WESTERN EUROPE-EU,GERMANY,LEEDS BRADFORD,DUSSELDORF,3069,3069,0,2986,2986,0,2.779638
05/02/2019 16:04,201812,WESTERN EUROPE-EU,GERMANY,LEEDS BRADFORD,MUNICH,0,0,0,120,120,0,-100
05/02/2019 16:04,201812,WESTERN EUROPE-EU,GERMANY,LIVERPOOL (JOHN LENNON),BERLIN (SCHONEFELD),6782,6782,0,6290,6290,0,7.82194
05/02/2019 16:04,201812,WESTERN EUROPE-EU,GERMANY,LIVERPOOL (JOHN LENNON),BREMEN,0,0,0,157,157,0,-100
05/02/2019 16:04,201812,WESTERN EUROPE-EU,GERMANY,MANCHESTER,BADEN BADEN,287,0,287,0,0,0,0
05/02/2019 16:04,201812,WESTERN EUROPE-EU,GERMANY,MANCHESTER,BERLIN (SCHONEFELD),29255,29255,0,27611,27611,0,5.954149
05/02/2019 16:04,201812,WESTERN EUROPE-EU,GERMANY,MANCHESTER,COLOGNE BONN,8803,8803,0,16195,16195,0,-45.643717
05/02/2019 16:04,201812,WESTERN EUROPE-EU,GERMANY,MANCHESTER,DUSSELDORF,26805,26805,0,19319,19319,0,38.749418
05/02/2019 16:04,201812,WESTERN EUROPE-EU,GERMANY,MANCHESTER,FRANKFURT MAIN,44179,44179,0,41180,41180,0,7.282661
05/02/2019 16:04,201812,WESTERN EUROPE-EU,GERMANY,MANCHESTER,HAMBURG,20759,20759,0,22156,22156,0,-6.30529
05/02/2019 16:04,201812,WESTERN EUROPE-EU,GERMANY,MANCHESTER,HANOVER,2685,2685,0,2674,2674,0,0.411369
05/02/2019 16:04,201812,WESTERN EUROPE-EU,GERMANY,MANCHESTER,MUNICH,30632,30632,0,30055,30055,0,1.919814
05/02/2019 16:04,201812,WESTERN EUROPE-EU,GERMANY,MANCHESTER,NUREMBERG,7021,7021,0,8242,8242,0,-14.814365
05/02/2019 16:04,201812,WESTERN EUROPE-EU,GERMANY,MANCHESTER,STUTTGART,6611,6611,0,5075,5075,0,30.26601
05/02/2019 16:04,201812,WESTERN EUROPE-EU,GERMANY,NEWCASTLE,BERLIN (SCHONEFELD),3023,3023,0,4706,4545,161,-35.762856
05/02/2019 16:04,201812,WESTERN EUROPE-EU,GERMANY,NEWCASTLE,DUSSELDORF,4623,4623,0,3498,3498,0,32.161235
05/02/2019 16:04,201812,WESTERN EUROPE-EU,GERMANY,NEWCASTLE,FRANKFURT MAIN,0,0,0,211,0,211,-100
05/02/2019 16:04,201812,WESTERN EUROPE-EU,GERMANY,NEWCASTLE,MUNICH,141,141,0,287,287,0,-50.87108
05/02/2019 16:04,201812,WESTERN EUROPE-EU,GERMANY,PRESTWICK,FRANKFURT MAIN,0,0,0,167,0,167,-100
05/02/2019 16:04,201812,WESTERN EUROPE-EU,GERMANY,SOUTHAMPTON,DUSSELDORF,2365,2365,0,2770,2770,0,-14.620939
05/02/2019 16:04,201812,WESTERN EUROPE-EU,GERMANY,SOUTHAMPTON,MUNICH,0,0,0,1998,1998,0,-100
05/02/2019 16:04,201812,WESTERN EUROPE-EU,GIBRALTAR,GATWICK,GIBRALTAR,8968,8968,0,8774,8774,0,2.211078
05/02/2019 16:04,201812,WESTERN EUROPE-EU,GIBRALTAR,HEATHROW,GIBRALTAR,13089,13089,0,9464,9464,0,38.303043
05/02/2019 16:04,201812,WESTERN EUROPE-EU,GIBRALTAR,LUTON,GIBRALTAR,2120,2120,0,0,0,0,0
05/02/2019 16:04,201812,WESTERN EUROPE-EU,GIBRALTAR,BRISTOL,GIBRALTAR,4286,4286,0,3162,3162,0,35.547122
05/02/2019 16:04,201812,WESTERN EUROPE-EU,GIBRALTAR,CARDIFF WALES,GIBRALTAR,0,0,0,162,162,0,-100
05/02/2019 16:04,201812,WESTERN EUROPE-EU,GIBRALTAR,MANCHESTER,GIBRALTAR,3000,3000,0,2989,2989,0,0.368016
05/02/2019 16:04,201812,WESTERN EUROPE-EU,GREECE,GATWICK,ATHENS,14227,14227,0,15225,15225,0,-6.555008
05/02/2019 16:04,201812,WESTERN EUROPE-EU,GREECE,GATWICK,HERAKLION,792,0,792,0,0,0,0
05/02/2019 16:04,201812,WESTERN EUROPE-EU,GREECE,GATWICK,KAVALA,0,0,0,4969,4969,0,-100
05/02/2019 16:04,201812,WESTERN EUROPE-EU,GREECE,GATWICK,SALONIKA,6620,6620,0,573,573,0,1055.322862
05/02/2019 16:04,201812,WESTERN EUROPE-EU,GREECE,HEATHROW,ATHENS,49909,49909,0,50182,50182,0,-0.54402
05/02/2019 16:04,201812,WESTERN EUROPE-EU,GREECE,LUTON,ATHENS,16381,16381,0,0,0,0,0
05/02/2019 16:04,201812,WESTERN EUROPE-EU,GREECE,STANSTED,ATHENS,16943,16943,0,21177,21177,0,-19.993389
05/02/2019 16:04,201812,WESTERN EUROPE-EU,GREECE,STANSTED,SALONIKA,8854,8854,0,9003,9003,0,-1.655004
05/02/2019 16:04,201812,WESTERN EUROPE-EU,GREECE,BRISTOL,ATHENS,3088,3088,0,2466,2466,0,25.223033
05/02/2019 16:04,201812,WESTERN EUROPE-EU,GREECE,EDINBURGH,ATHENS,4384,4384,0,5560,5560,0,-21.151079
05/02/2019 16:04,201812,WESTERN EUROPE-EU,GREECE,GLASGOW,HERAKLION,243,0,243,0,0,0,0
05/02/2019 16:04,201812,WESTERN EUROPE-EU,GREECE,MANCHESTER,ATHENS,7940,7940,0,9492,9492,0,-16.350611
05/02/2019 16:04,201812,WESTERN EUROPE-EU,GREECE,MANCHESTER,HERAKLION,917,0,917,0,0,0,0
05/02/2019 16:04,201812,WESTERN EUROPE-EU,GREECE,MANCHESTER,KAVALA,0,0,0,2053,2053,0,-100
05/02/2019 16:04,201812,WESTERN EUROPE-EU,GREECE,MANCHESTER,SALONIKA,3128,3128,0,0,0,0,0
05/02/2019 16:04,201812,WESTERN EUROPE-EU,GREECE,NEWCASTLE,ATHENS,0,0,0,126,0,126,-100
05/02/2019 16:04,201812,WESTERN EUROPE-EU,IRISH REPUBLIC,GATWICK,CORK,9021,9021,0,10092,10092,0,-10.612366
05/02/2019 16:04,201812,WESTERN EUROPE-EU,IRISH REPUBLIC,GATWICK,DUBLIN,106348,106348,0,118655,118655,0,-10.372087
05/02/2019 16:04,201812,WESTERN EUROPE-EU,IRISH REPUBLIC,GATWICK,IRELAND WEST(KNOCK),5595,5595,0,6004,6004,0,-6.812125
05/02/2019 16:04,201812,WESTERN EUROPE-EU,IRISH REPUBLIC,GATWICK,SHANNON,8160,8160,0,8327,8327,0,-2.005524
05/02/2019 16:04,201812,WESTERN EUROPE-EU,IRISH REPUBLIC,HEATHROW,CORK,29238,29238,0,30237,30237,0,-3.303899
05/02/2019 16:04,201812,WESTERN EUROPE-EU,IRISH REPUBLIC,HEATHROW,DUBLIN,141336,141336,0,132729,132729,0,6.484642
05/02/2019 16:04,201812,WESTERN EUROPE-EU,IRISH REPUBLIC,HEATHROW,SHANNON,21016,21016,0,20571,20571,0,2.16324
05/02/2019 16:04,201812,WESTERN EUROPE-EU,IRISH REPUBLIC,LONDON CITY,DUBLIN,32832,32832,0,35045,35045,0,-6.314738
05/02/2019 16:04,201812,WESTERN EUROPE-EU,IRISH REPUBLIC,LUTON,CORK,6205,6205,0,0,0,0,0
05/02/2019 16:04,201812,WESTERN EUROPE-EU,IRISH REPUBLIC,LUTON,DUBLIN,29328,29328,0,27851,27851,0,5.303221
05/02/2019 16:04,201812,WESTERN EUROPE-EU,IRISH REPUBLIC,LUTON,IRELAND WEST(KNOCK),8685,8685,0,8198,8198,0,5.940473
05/02/2019 16:04,201812,WESTERN EUROPE-EU,IRISH REPUBLIC,LUTON,KERRY COUNTY,8390,8390,0,8357,8357,0,0.394879
05/02/2019 16:04,201812,WESTERN EUROPE-EU,IRISH REPUBLIC,LUTON,SHANNON,90,90,0,0,0,0,0
05/02/2019 16:04,201812,WESTERN EUROPE-EU,IRISH REPUBLIC,SOUTHEND,DUBLIN,8231,8231,0,8711,8711,0,-5.510274
05/02/2019 16:04,201812,WESTERN EUROPE-EU,IRISH REPUBLIC,STANSTED,CORK,27191,27191,0,27153,27153,0,0.139948
05/02/2019 16:04,201812,WESTERN EUROPE-EU,IRISH REPUBLIC,STANSTED,DUBLIN,75187,75187,0,73084,73084,0,2.877511
05/02/2019 16:04,201812,WESTERN EUROPE-EU,IRISH REPUBLIC,STANSTED,IRELAND WEST(KNOCK),12673,12673,0,12466,12466,0,1.660517
05/02/2019 16:04,201812,WESTERN EUROPE-EU,IRISH REPUBLIC,STANSTED,KERRY COUNTY,7687,7687,0,5753,5753,0,33.617243
05/02/2019 16:04,201812,WESTERN EUROPE-EU,IRISH REPUBLIC,STANSTED,SHANNON,17174,17174,0,16130,16130,0,6.472412
05/02/2019 16:04,201812,WESTERN EUROPE-EU,IRISH REPUBLIC,ABERDEEN,DUBLIN,3958,3958,0,3625,3625,0,9.186207
05/02/2019 16:04,201812,WESTERN EUROPE-EU,IRISH REPUBLIC,BELFAST INTERNATIONAL,DUBLIN,103,0,103,0,0,0,0
05/02/2019 16:04,201812,WESTERN EUROPE-EU,IRISH REPUBLIC,BIRMINGHAM,CORK,5524,5524,0,5870,5870,0,-5.894378
05/02/2019 16:04,201812,WESTERN EUROPE-EU,IRISH REPUBLIC,BIRMINGHAM,DUBLIN,78642,78642,0,71515,71515,0,9.965741
05/02/2019 16:04,201812,WESTERN EUROPE-EU,IRISH REPUBLIC,BIRMINGHAM,IRELAND WEST(KNOCK),2126,2126,0,2518,2518,0,-15.567911
05/02/2019 16:04,201812,WESTERN EUROPE-EU,IRISH REPUBLIC,BIRMINGHAM,SHANNON,2782,2782,0,2941,2896,45,-5.406324
05/02/2019 16:04,201812,WESTERN EUROPE-EU,IRISH REPUBLIC,BRISTOL,CORK,3354,3354,0,3402,3402,0,-1.410935
05/02/2019 16:04,201812,WESTERN EUROPE-EU,IRISH REPUBLIC,BRISTOL,DUBLIN,34315,34038,277,33621,33621,0,2.064186
05/02/2019 16:04,201812,WESTERN EUROPE-EU,IRISH REPUBLIC,BRISTOL,IRELAND WEST(KNOCK),3338,3338,0,0,0,0,0
05/02/2019 16:04,201812,WESTERN EUROPE-EU,IRISH REPUBLIC,CARDIFF WALES,CORK,1362,1362,0,1463,1382,81,-6.903623
05/02/2019 16:04,201812,WESTERN EUROPE-EU,IRISH REPUBLIC,CARDIFF WALES,DUBLIN,7318,7275,43,8043,8043,0,-9.014049
05/02/2019 16:04,201812,WESTERN EUROPE-EU,IRISH REPUBLIC,DONCASTER SHEFFIELD,DUBLIN,1933,1933,0,1592,1592,0,21.419598
05/02/2019 16:04,201812,WESTERN EUROPE-EU,IRISH REPUBLIC,EAST MIDLANDS INTERNATIONAL,DUBLIN,15134,15134,0,17689,17689,0,-14.444005
05/02/2019 16:04,201812,WESTERN EUROPE-EU,IRISH REPUBLIC,EAST MIDLANDS INTERNATIONAL,IRELAND WEST(KNOCK),4874,4874,0,4903,4903,0,-0.591475
05/02/2019 16:04,201812,WESTERN EUROPE-EU,IRISH REPUBLIC,EAST MIDLANDS INTERNATIONAL,SHANNON,0,0,0,92,0,92,-100
05/02/2019 16:04,201812,WESTERN EUROPE-EU,IRISH REPUBLIC,EDINBURGH,CORK,4282,4282,0,3913,3913,0,9.430105
05/02/2019 16:04,201812,WESTERN EUROPE-EU,IRISH REPUBLIC,EDINBURGH,DUBLIN,49213,49213,0,46276,46276,0,6.346702
05/02/2019 16:04,201812,WESTERN EUROPE-EU,IRISH REPUBLIC,EDINBURGH,IRELAND WEST(KNOCK),1999,1999,0,2169,2169,0,-7.837713
05/02/2019 16:04,201812,WESTERN EUROPE-EU,IRISH REPUBLIC,EDINBURGH,SHANNON,1755,1755,0,2178,2178,0,-19.421488
05/02/2019 16:04,201812,WESTERN EUROPE-EU,IRISH REPUBLIC,EXETER,DUBLIN,2980,2980,0,3386,3231,155,-11.990549
05/02/2019 16:04,201812,WESTERN EUROPE-EU,IRISH REPUBLIC,GLASGOW,CORK,1936,1936,0,1841,1841,0,5.160239
05/02/2019 16:04,201812,WESTERN EUROPE-EU,IRISH REPUBLIC,GLASGOW,DONEGAL,523,523,0,749,749,0,-30.173565
05/02/2019 16:04,201812,WESTERN EUROPE-EU,IRISH REPUBLIC,GLASGOW,DUBLIN,38643,38456,187,38026,37715,311,1.622574
05/02/2019 16:04,201812,WESTERN EUROPE-EU,IRISH REPUBLIC,INVERNESS,DUBLIN,728,728,0,930,930,0,-21.72043
05/02/2019 16:04,201812,WESTERN EUROPE-EU,IRISH REPUBLIC,ISLE OF MAN,DUBLIN,3250,3250,0,3381,3381,0,-3.874593
05/02/2019 16:04,201812,WESTERN EUROPE-EU,IRISH REPUBLIC,LEEDS BRADFORD,CORK,0,0,0,38,38,0,-100
05/02/2019 16:04,201812,WESTERN EUROPE-EU,IRISH REPUBLIC,LEEDS BRADFORD,DUBLIN,22801,22801,0,22960,22960,0,-0.692509
05/02/2019 16:04,201812,WESTERN EUROPE-EU,IRISH REPUBLIC,LIVERPOOL (JOHN LENNON),CORK,6373,6373,0,7355,7355,0,-13.351462
05/02/2019 16:04,201812,WESTERN EUROPE-EU,IRISH REPUBLIC,LIVERPOOL (JOHN LENNON),DUBLIN,28650,28650,0,31743,31743,0,-9.743881
05/02/2019 16:04,201812,WESTERN EUROPE-EU,IRISH REPUBLIC,LIVERPOOL (JOHN LENNON),IRELAND WEST(KNOCK),8153,8153,0,7849,7849,0,3.873105
05/02/2019 16:04,201812,WESTERN EUROPE-EU,IRISH REPUBLIC,MANCHESTER,CORK,8229,8229,0,7939,7939,0,3.652853
05/02/2019 16:04,201812,WESTERN EUROPE-EU,IRISH REPUBLIC,MANCHESTER,DUBLIN,87423,87423,0,85402,85115,287,2.366455
05/02/2019 16:04,201812,WESTERN EUROPE-EU,IRISH REPUBLIC,MANCHESTER,IRELAND WEST(KNOCK),2576,2576,0,2916,2916,0,-11.659808
05/02/2019 16:04,201812,WESTERN EUROPE-EU,IRISH REPUBLIC,MANCHESTER,SHANNON,7293,7293,0,6744,6744,0,8.140569
05/02/2019 16:04,201812,WESTERN EUROPE-EU,IRISH REPUBLIC,NEWCASTLE,CORK,0,0,0,808,808,0,-100
05/02/2019 16:04,201812,WESTERN EUROPE-EU,IRISH REPUBLIC,NEWCASTLE,DUBLIN,17339,17339,0,19939,19939,0,-13.039771
05/02/2019 16:04,201812,WESTERN EUROPE-EU,IRISH REPUBLIC,NEWQUAY,DUBLIN,2156,2156,0,1646,1646,0,30.984204
05/02/2019 16:04,201812,WESTERN EUROPE-EU,IRISH REPUBLIC,PRESTWICK,DUBLIN,0,0,0,326,0,326,-100
05/02/2019 16:04,201812,WESTERN EUROPE-EU,IRISH REPUBLIC,SOUTHAMPTON,CORK,1580,1580,0,1481,1481,0,6.684673
05/02/2019 16:04,201812,WESTERN EUROPE-EU,IRISH REPUBLIC,SOUTHAMPTON,DUBLIN,12151,12151,0,12355,12355,0,-1.651153
05/02/2019 16:04,201812,WESTERN EUROPE-EU,ITALY,GATWICK,BARI (PALESE),1890,1890,0,0,0,0,0
05/02/2019 16:04,201812,WESTERN EUROPE-EU,ITALY,GATWICK,BOLOGNA,7716,7716,0,8683,8683,0,-11.136704
05/02/2019 16:04,201812,WESTERN EUROPE-EU,ITALY,GATWICK,CAGLIARI (ELMAS),656,656,0,0,0,0,0
05/02/2019 16:04,201812,WESTERN EUROPE-EU,ITALY,GATWICK,CATANIA (FONTANAROSSA),4581,4581,0,4841,4841,0,-5.370791
05/02/2019 16:04,201812,WESTERN EUROPE-EU,ITALY,GATWICK,FLORENCE,7878,7878,0,7598,7598,0,3.68518
05/02/2019 16:04,201812,WESTERN EUROPE-EU,ITALY,GATWICK,GENOA,4230,4230,0,4442,4442,0,-4.772625
05/02/2019 16:04,201812,WESTERN EUROPE-EU,ITALY,GATWICK,MILAN (LINATE),23180,23180,0,23941,23941,0,-3.178648
05/02/2019 16:04,201812,WESTERN EUROPE-EU,ITALY,GATWICK,MILAN (MALPENSA),43039,43039,0,43459,43459,0,-0.966428
05/02/2019 16:04,201812,WESTERN EUROPE-EU,ITALY,GATWICK,NAPLES,18035,18035,0,18132,18132,0,-0.534966
05/02/2019 16:04,201812,WESTERN EUROPE-EU,ITALY,GATWICK,OLBIA,2096,2096,0,2622,2622,0,-20.061022
05/02/2019 16:04,201812,WESTERN EUROPE-EU,ITALY,GATWICK,PALERMO,2399,2399,0,2565,2565,0,-6.471735
05/02/2019 16:04,201812,WESTERN EUROPE-EU,ITALY,GATWICK,PISA,12873,12873,0,12093,12093,0,6.450012
05/02/2019 16:04,201812,WESTERN EUROPE-EU,ITALY,GATWICK,ROME (FIUMICINO),50350,50350,0,49918,49918,0,0.865419
05/02/2019 16:04,201812,WESTERN EUROPE-EU,ITALY,GATWICK,TURIN,22728,19566,3162,19245,16558,2687,18.098207
05/02/2019 16:04,201812,WESTERN EUROPE-EU,ITALY,GATWICK,VENICE,45486,45486,0,46516,46516,0,-2.214292
05/02/2019 16:04,201812,WESTERN EUROPE-EU,ITALY,GATWICK,VERONA VILLAFRANCA,14466,13454,1012,14532,13507,1025,-0.45417
05/02/2019 16:04,201812,WESTERN EUROPE-EU,ITALY,HEATHROW,BOLOGNA,20183,20183,0,18805,18805,0,7.327838
05/02/2019 16:04,201812,WESTERN EUROPE-EU,ITALY,HEATHROW,MILAN (LINATE),53471,53471,0,49703,49703,0,7.581031
05/02/2019 16:04,201812,WESTERN EUROPE-EU,ITALY,HEATHROW,MILAN (MALPENSA),14840,14840,0,10204,10204,0,45.433163
05/02/2019 16:04,201812,WESTERN EUROPE-EU,ITALY,HEATHROW,PALERMO,0,0,0,1922,1922,0,-100
05/02/2019 16:04,201812,WESTERN EUROPE-EU,ITALY,HEATHROW,PISA,6454,6454,0,6522,6522,0,-1.042625
05/02/2019 16:04,201812,WESTERN EUROPE-EU,ITALY,HEATHROW,ROME (FIUMICINO),72861,72861,0,64714,64714,0,12.589239
05/02/2019 16:04,201812,WESTERN EUROPE-EU,ITALY,HEATHROW,TURIN,0,0,0,1867,1867,0,-100
05/02/2019 16:04,201812,WESTERN EUROPE-EU,ITALY,HEATHROW,VENICE,13534,13534,0,13151,13151,0,2.912326
05/02/2019 16:04,201812,WESTERN EUROPE-EU,ITALY,LONDON CITY,FLORENCE,4491,4491,0,4530,4530,0,-0.860927
05/02/2019 16:04,201812,WESTERN EUROPE-EU,ITALY,LONDON CITY,MILAN (LINATE),27976,27976,0,19145,19145,0,46.126926
05/02/2019 16:04,201812,WESTERN EUROPE-EU,ITALY,LONDON CITY,ROME (FIUMICINO),3076,3076,0,3742,3742,0,-17.797969
05/02/2019 16:04,201812,WESTERN EUROPE-EU,ITALY,LONDON CITY,VENICE,216,216,0,302,302,0,-28.476821
05/02/2019 16:04,201812,WESTERN EUROPE-EU,ITALY,LUTON,ALGHERO (FERTILIA),2614,2614,0,2358,2358,0,10.856658
05/02/2019 16:04,201812,WESTERN EUROPE-EU,ITALY,LUTON,BARI (PALESE),2565,2565,0,0,0,0,0
05/02/2019 16:04,201812,WESTERN EUROPE-EU,ITALY,LUTON,BOLOGNA,8942,8942,0,0,0,0,0
05/02/2019 16:04,201812,WESTERN EUROPE-EU,ITALY,LUTON,CATANIA (FONTANAROSSA),3994,3994,0,3290,3290,0,21.398176
05/02/2019 16:04,201812,WESTERN EUROPE-EU,ITALY,LUTON,FLORENCE,0,0,0,1381,1381,0,-100
05/02/2019 16:04,201812,WESTERN EUROPE-EU,ITALY,LUTON,MILAN (MALPENSA),12262,12262,0,12501,12501,0,-1.911847
05/02/2019 16:04,201812,WESTERN EUROPE-EU,ITALY,LUTON,NAPLES,7629,7629,0,7414,7414,0,2.899919
05/02/2019 16:04,201812,WESTERN EUROPE-EU,ITALY,LUTON,PISA,2849,2849,0,3399,3399,0,-16.18123
05/02/2019 16:04,201812,WESTERN EUROPE-EU,ITALY,LUTON,ROME (FIUMICINO),7920,7920,0,9004,9004,0,-12.039094
05/02/2019 16:04,201812,WESTERN EUROPE-EU,ITALY,LUTON,TURIN,2800,2800,0,3986,3986,0,-29.754139
05/02/2019 16:04,201812,WESTERN EUROPE-EU,ITALY,LUTON,VENICE,6227,6227,0,5220,5220,0,19.291188
05/02/2019 16:04,201812,WESTERN EUROPE-EU,ITALY,LUTON,VERONA VILLAFRANCA,1411,1411,0,0,0,0,0
05/02/2019 16:04,201812,WESTERN EUROPE-EU,ITALY,SOUTHEND,CATANIA (FONTANAROSSA),1949,1949,0,0,0,0,0
05/02/2019 16:04,201812,WESTERN EUROPE-EU,ITALY,STANSTED,ANCONA,6989,6989,0,6474,6474,0,7.954897
05/02/2019 16:04,201812,WESTERN EUROPE-EU,ITALY,STANSTED,BARI (PALESE),10445,10445,0,12503,12503,0,-16.46005
05/02/2019 16:04,201812,WESTERN EUROPE-EU,ITALY,STANSTED,BERGAMO,38226,38226,0,31832,31832,0,20.086705
05/02/2019 16:04,201812,WESTERN EUROPE-EU,ITALY,STANSTED,BOLOGNA,18275,18275,0,18299,18299,0,-0.131155
05/02/2019 16:04,201812,WESTERN EUROPE-EU,ITALY,STANSTED,BRINDISI,6248,6248,0,5704,5704,0,9.537167
05/02/2019 16:04,201812,WESTERN EUROPE-EU,ITALY,STANSTED,CAGLIARI (ELMAS),7967,7967,0,8382,8382,0,-4.951086
05/02/2019 16:04,201812,WESTERN EUROPE-EU,ITALY,STANSTED,CATANIA (FONTANAROSSA),0,0,0,245,245,0,-100
05/02/2019 16:04,201812,WESTERN EUROPE-EU,ITALY,STANSTED,GENOA,4628,4628,0,4858,4858,0,-4.734459
05/02/2019 16:04,201812,WESTERN EUROPE-EU,ITALY,STANSTED,LAMETIA-TERME,3519,3519,0,4022,4022,0,-12.506216
05/02/2019 16:04,201812,WESTERN EUROPE-EU,ITALY,STANSTED,MILAN (LINATE),0,0,0,1204,1204,0,-100
05/02/2019 16:04,201812,WESTERN EUROPE-EU,ITALY,STANSTED,MILAN (MALPENSA),18938,18938,0,9804,9804,0,93.166055
05/02/2019 16:04,201812,WESTERN EUROPE-EU,ITALY,STANSTED,NAPLES,21219,21219,0,19974,19974,0,6.233103
05/02/2019 16:04,201812,WESTERN EUROPE-EU,ITALY,STANSTED,PALERMO,6992,6992,0,7680,7680,0,-8.958333
05/02/2019 16:04,201812,WESTERN EUROPE-EU,ITALY,STANSTED,PERUGIA,6654,6654,0,4951,4951,0,34.397091
05/02/2019 16:04,201812,WESTERN EUROPE-EU,ITALY,STANSTED,PESCARA,7847,7847,0,6970,6970,0,12.582496
05/02/2019 16:04,201812,WESTERN EUROPE-EU,ITALY,STANSTED,PISA,19195,19195,0,14423,14423,0,33.086043
05/02/2019 16:04,201812,WESTERN EUROPE-EU,ITALY,STANSTED,ROME (CIAMPINO),46638,46638,0,45787,45787,0,1.858606
05/02/2019 16:04,201812,WESTERN EUROPE-EU,ITALY,STANSTED,TREVISO,26947,26947,0,25952,25952,0,3.834001
05/02/2019 16:04,201812,WESTERN EUROPE-EU,ITALY,STANSTED,TRIESTE (RONCHI DEI LEGIONARI),4333,4333,0,4324,4324,0,0.208141
05/02/2019 16:04,201812,WESTERN EUROPE-EU,ITALY,STANSTED,TURIN,12570,12020,550,10689,10233,456,17.59753
05/02/2019 16:04,201812,WESTERN EUROPE-EU,ITALY,STANSTED,VERONA VILLAFRANCA,3920,3920,0,4618,4618,0,-15.114768
05/02/2019 16:04,201812,WESTERN EUROPE-EU,ITALY,BELFAST INTERNATIONAL,BERGAMO,2625,2625,0,2425,2425,0,8.247423
05/02/2019 16:04,201812,WESTERN EUROPE-EU,ITALY,BELFAST INTERNATIONAL,VENICE,2023,2023,0,0,0,0,0
05/02/2019 16:04,201812,WESTERN EUROPE-EU,ITALY,BIRMINGHAM,FLORENCE,138,138,0,0,0,0,0
05/02/2019 16:04,201812,WESTERN EUROPE-EU,ITALY,BIRMINGHAM,MILAN (MALPENSA),6285,6285,0,4191,4191,0,49.964209
05/02/2019 16:04,201812,WESTERN EUROPE-EU,ITALY,BIRMINGHAM,ROME (FIUMICINO),2773,2773,0,0,0,0,0
05/02/2019 16:04,201812,WESTERN EUROPE-EU,ITALY,BIRMINGHAM,TURIN,1586,1012,574,1474,870,604,7.598372
05/02/2019 16:04,201812,WESTERN EUROPE-EU,ITALY,BIRMINGHAM,VERONA VILLAFRANCA,2887,2758,129,3008,3008,0,-4.022606
05/02/2019 16:04,201812,WESTERN EUROPE-EU,ITALY,BOURNEMOUTH,TURIN,96,0,96,331,0,331,-70.996979
05/02/2019 16:04,201812,WESTERN EUROPE-EU,ITALY,BRISTOL,BERGAMO,4128,4128,0,4269,4269,0,-3.302881
05/02/2019 16:04,201812,WESTERN EUROPE-EU,ITALY,BRISTOL,CATANIA (FONTANAROSSA),2420,2420,0,0,0,0,0
05/02/2019 16:04,201812,WESTERN EUROPE-EU,ITALY,BRISTOL,MILAN (MALPENSA),0,0,0,517,517,0,-100
05/02/2019 16:04,201812,WESTERN EUROPE-EU,ITALY,BRISTOL,NAPLES,2625,2625,0,0,0,0,0
05/02/2019 16:04,201812,WESTERN EUROPE-EU,ITALY,BRISTOL,PISA,2870,2870,0,2574,2574,0,11.499611
05/02/2019 16:04,201812,WESTERN EUROPE-EU,ITALY,BRISTOL,ROME (FIUMICINO),7636,7636,0,6867,6867,0,11.198486
05/02/2019 16:04,201812,WESTERN EUROPE-EU,ITALY,BRISTOL,TURIN,1489,847,642,1318,746,572,12.974203
05/02/2019 16:04,201812,WESTERN EUROPE-EU,ITALY,BRISTOL,VENICE,12574,12574,0,10568,10568,0,18.981832
05/02/2019 16:04,201812,WESTERN EUROPE-EU,ITALY,BRISTOL,VERONA VILLAFRANCA,545,0,545,550,0,550,-0.909091
05/02/2019 16:04,201812,WESTERN EUROPE-EU,ITALY,CARDIFF WALES,MILAN (MALPENSA),872,872,0,1556,1556,0,-43.958869
05/02/2019 16:04,201812,WESTERN EUROPE-EU,ITALY,CARDIFF WALES,ROME (FIUMICINO),1014,1014,0,1254,1254,0,-19.138756
05/02/2019 16:04,201812,WESTERN EUROPE-EU,ITALY,CARDIFF WALES,TREVISO,0,0,0,78,0,78,-100
05/02/2019 16:04,201812,WESTERN EUROPE-EU,ITALY,DONCASTER SHEFFIELD,TURIN,0,0,0,368,0,368,-100
05/02/2019 16:04,201812,WESTERN EUROPE-EU,ITALY,EAST MIDLANDS INTERNATIONAL,BERGAMO,4709,4709,0,4195,4195,0,12.252682
05/02/2019 16:04,201812,WESTERN EUROPE-EU,ITALY,EAST MIDLANDS INTERNATIONAL,TREVISO,3251,3251,0,2924,2924,0,11.183311
05/02/2019 16:04,201812,WESTERN EUROPE-EU,ITALY,EAST MIDLANDS INTERNATIONAL,VENICE,0,0,0,44,44,0,-100
05/02/2019 16:04,201812,WESTERN EUROPE-EU,ITALY,EDINBURGH,BERGAMO,5959,5959,0,5980,5980,0,-0.351171
05/02/2019 16:04,201812,WESTERN EUROPE-EU,ITALY,EDINBURGH,BOLOGNA,2358,2358,0,3260,3260,0,-27.668712
05/02/2019 16:04,201812,WESTERN EUROPE-EU,ITALY,EDINBURGH,MILAN (MALPENSA),12575,12575,0,11428,11428,0,10.036752
05/02/2019 16:04,201812,WESTERN EUROPE-EU,ITALY,EDINBURGH,NAPLES,2460,2460,0,0,0,0,0
05/02/2019 16:04,201812,WESTERN EUROPE-EU,ITALY,EDINBURGH,ROME (CIAMPINO),7289,7289,0,5908,5908,0,23.375085
05/02/2019 16:04,201812,WESTERN EUROPE-EU,ITALY,EDINBURGH,ROME (FIUMICINO),0,0,0,138,138,0,-100
05/02/2019 16:04,201812,WESTERN EUROPE-EU,ITALY,EDINBURGH,TREVISO,4100,4100,0,3664,3664,0,11.899563
05/02/2019 16:04,201812,WESTERN EUROPE-EU,ITALY,EDINBURGH,TURIN,255,255,0,195,195,0,30.769231
05/02/2019 16:04,201812,WESTERN EUROPE-EU,ITALY,EDINBURGH,VENICE,5427,5427,0,4296,4296,0,26.326816
05/02/2019 16:04,201812,WESTERN EUROPE-EU,ITALY,EDINBURGH,VERONA VILLAFRANCA,65,0,65,95,0,95,-31.578947
05/02/2019 16:04,201812,WESTERN EUROPE-EU,ITALY,EXETER,MILAN (MALPENSA),0,0,0,23,0,23,-100
05/02/2019 16:04,201812,WESTERN EUROPE-EU,ITALY,GLASGOW,MILAN (MALPENSA),0,0,0,2756,2756,0,-100
05/02/2019 16:04,201812,WESTERN EUROPE-EU,ITALY,GLASGOW,TRIESTE (RONCHI DEI LEGIONARI),173,173,0,0,0,0,0
05/02/2019 16:04,201812,WESTERN EUROPE-EU,ITALY,GLASGOW,TURIN,154,0,154,215,0,215,-28.372093
05/02/2019 16:04,201812,WESTERN EUROPE-EU,ITALY,GLASGOW,VENICE,2049,2049,0,0,0,0,0
05/02/2019 16:04,201812,WESTERN EUROPE-EU,ITALY,LEEDS BRADFORD,TURIN,288,288,0,0,0,0,0
05/02/2019 16:04,201812,WESTERN EUROPE-EU,ITALY,LIVERPOOL (JOHN LENNON),BERGAMO,0,0,0,2123,2123,0,-100
05/02/2019 16:04,201812,WESTERN EUROPE-EU,ITALY,LIVERPOOL (JOHN LENNON),MILAN (MALPENSA),3572,3572,0,3761,3761,0,-5.025259
05/02/2019 16:04,201812,WESTERN EUROPE-EU,ITALY,LIVERPOOL (JOHN LENNON),NAPLES,658,0,658,0,0,0,0
05/02/2019 16:04,201812,WESTERN EUROPE-EU,ITALY,LIVERPOOL (JOHN LENNON),ROME (FIUMICINO),3412,3412,0,4987,4987,0,-31.582113
05/02/2019 16:04,201812,WESTERN EUROPE-EU,ITALY,LIVERPOOL (JOHN LENNON),VENICE,2255,2255,0,2247,2247,0,0.35603
05/02/2019 16:04,201812,WESTERN EUROPE-EU,ITALY,MANCHESTER,BERGAMO,10367,10367,0,10442,10442,0,-0.718253
05/02/2019 16:04,201812,WESTERN EUROPE-EU,ITALY,MANCHESTER,BOLOGNA,2439,2439,0,0,0,0,0
05/02/2019 16:04,201812,WESTERN EUROPE-EU,ITALY,MANCHESTER,CATANIA (FONTANAROSSA),3049,3049,0,2800,2800,0,8.892857
05/02/2019 16:04,201812,WESTERN EUROPE-EU,ITALY,MANCHESTER,MILAN (MALPENSA),13218,13218,0,12062,12062,0,9.583817
05/02/2019 16:04,201812,WESTERN EUROPE-EU,ITALY,MANCHESTER,NAPLES,2734,2734,0,2494,2494,0,9.623095
05/02/2019 16:04,201812,WESTERN EUROPE-EU,ITALY,MANCHESTER,PISA,2653,2653,0,2576,2576,0,2.98913
05/02/2019 16:04,201812,WESTERN EUROPE-EU,ITALY,MANCHESTER,ROME (CIAMPINO),10450,10450,0,10851,10851,0,-3.695512
05/02/2019 16:04,201812,WESTERN EUROPE-EU,ITALY,MANCHESTER,ROME (FIUMICINO),5177,5177,0,4881,4881,0,6.064331
05/02/2019 16:04,201812,WESTERN EUROPE-EU,ITALY,MANCHESTER,TREVISO,3850,3850,0,0,0,0,0
05/02/2019 16:04,201812,WESTERN EUROPE-EU,ITALY,MANCHESTER,TURIN,3595,2488,1107,3175,2345,830,13.228346
05/02/2019 16:04,201812,WESTERN EUROPE-EU,ITALY,MANCHESTER,VENICE,5717,5717,0,5868,5868,0,-2.573279
05/02/2019 16:04,201812,WESTERN EUROPE-EU,ITALY,MANCHESTER,VERONA VILLAFRANCA,825,0,825,862,0,862,-4.292343
05/02/2019 16:04,201812,WESTERN EUROPE-EU,ITALY,NEWCASTLE,TURIN,558,558,0,487,487,0,14.579055
05/02/2019 16:04,201812,WESTERN EUROPE-EU,LUXEMBOURG,GATWICK,LUXEMBOURG,6876,6876,0,7447,7447,0,-7.667517
05/02/2019 16:04,201812,WESTERN EUROPE-EU,LUXEMBOURG,HEATHROW,LUXEMBOURG,15152,15152,0,14563,14563,0,4.044496
05/02/2019 16:04,201812,WESTERN EUROPE-EU,LUXEMBOURG,LONDON CITY,LUXEMBOURG,14057,14057,0,13641,13641,0,3.04963
05/02/2019 16:04,201812,WESTERN EUROPE-EU,LUXEMBOURG,LUTON,LUXEMBOURG,0,0,0,43,0,43,-100
05/02/2019 16:04,201812,WESTERN EUROPE-EU,LUXEMBOURG,STANSTED,LUXEMBOURG,8568,8568,0,7828,7828,0,9.453245
05/02/2019 16:04,201812,WESTERN EUROPE-EU,LUXEMBOURG,MANCHESTER,LUXEMBOURG,2470,2470,0,2778,2778,0,-11.087113
05/02/2019 16:04,201812,WESTERN EUROPE-EU,MALTA,GATWICK,MALTA,22776,21704,1072,25216,23813,1403,-9.676396
05/02/2019 16:04,201812,WESTERN EUROPE-EU,MALTA,HEATHROW,MALTA,15138,15138,0,14335,14335,0,5.601674
05/02/2019 16:04,201812,WESTERN EUROPE-EU,MALTA,LUTON,MALTA,5784,5784,0,6013,6013,0,-3.808415
05/02/2019 16:04,201812,WESTERN EUROPE-EU,MALTA,SOUTHEND,MALTA,4156,4156,0,2404,2404,0,72.878536
05/02/2019 16:04,201812,WESTERN EUROPE-EU,MALTA,STANSTED,MALTA,6500,6500,0,6221,6221,0,4.48481
05/02/2019 16:04,201812,WESTERN EUROPE-EU,MALTA,BELFAST INTERNATIONAL,MALTA,1774,1774,0,1944,1944,0,-8.744856
05/02/2019 16:04,201812,WESTERN EUROPE-EU,MALTA,BIRMINGHAM,MALTA,4380,4380,0,4620,4620,0,-5.194805
05/02/2019 16:04,201812,WESTERN EUROPE-EU,MALTA,BOURNEMOUTH,MALTA,2827,2827,0,2767,2767,0,2.168413
05/02/2019 16:04,201812,WESTERN EUROPE-EU,MALTA,BRISTOL,MALTA,4478,4478,0,3111,3111,0,43.940855
05/02/2019 16:04,201812,WESTERN EUROPE-EU,MALTA,EAST MIDLANDS INTERNATIONAL,MALTA,3776,3776,0,3692,3692,0,2.27519
05/02/2019 16:04,201812,WESTERN EUROPE-EU,MALTA,EDINBURGH,MALTA,3051,3051,0,3317,3317,0,-8.019295
05/02/2019 16:04,201812,WESTERN EUROPE-EU,MALTA,LEEDS BRADFORD,MALTA,2866,2866,0,2528,2528,0,13.370253
05/02/2019 16:04,201812,WESTERN EUROPE-EU,MALTA,LIVERPOOL (JOHN LENNON),MALTA,2301,2301,0,2603,2603,0,-11.601998
05/02/2019 16:04,201812,WESTERN EUROPE-EU,MALTA,MANCHESTER,MALTA,10649,9429,1220,11058,9722,1336,-3.69868
05/02/2019 16:04,201812,WESTERN EUROPE-EU,MALTA,NEWCASTLE,MALTA,2611,2611,0,2598,2598,0,0.500385
05/02/2019 16:04,201812,WESTERN EUROPE-EU,MALTA,PRESTWICK,MALTA,1559,1559,0,1570,1570,0,-0.700637
05/02/2019 16:04,201812,WESTERN EUROPE-EU,NETHERLANDS,GATWICK,AMSTERDAM,89047,89047,0,89705,89705,0,-0.733515
05/02/2019 16:04,201812,WESTERN EUROPE-EU,NETHERLANDS,HEATHROW,AMSTERDAM,156425,156425,0,137641,137641,0,13.647096
05/02/2019 16:04,201812,WESTERN EUROPE-EU,NETHERLANDS,LONDON CITY,AMSTERDAM,49577,49577,0,42542,42542,0,16.536599
05/02/2019 16:04,201812,WESTERN EUROPE-EU,NETHERLANDS,LONDON CITY,ROTTERDAM,12949,12949,0,11790,11790,0,9.830365
05/02/2019 16:04,201812,WESTERN EUROPE-EU,NETHERLANDS,LUTON,AMSTERDAM,65278,65278,0,69490,69490,0,-6.061304
05/02/2019 16:04,201812,WESTERN EUROPE-EU,NETHERLANDS,LUTON,MAASTRICHT,63,0,63,67,0,67,-5.970149
05/02/2019 16:04,201812,WESTERN EUROPE-EU,NETHERLANDS,LUTON,ROTTERDAM,0,0,0,26,0,26,-100
05/02/2019 16:04,201812,WESTERN EUROPE-EU,NETHERLANDS,SOUTHEND,AMSTERDAM,18743,18743,0,15480,15480,0,21.078811
05/02/2019 16:04,201812,WESTERN EUROPE-EU,NETHERLANDS,SOUTHEND,GRONINGEN,5334,5334,0,2285,2285,0,133.435449
05/02/2019 16:04,201812,WESTERN EUROPE-EU,NETHERLANDS,STANSTED,AMSTERDAM,31647,31647,0,30078,29816,262,5.216437
05/02/2019 16:04,201812,WESTERN EUROPE-EU,NETHERLANDS,STANSTED,EINDHOVEN,23858,23858,0,22492,22492,0,6.07327
05/02/2019 16:04,201812,WESTERN EUROPE-EU,NETHERLANDS,ABERDEEN,AMSTERDAM,23336,23336,0,19526,19526,0,19.512445
05/02/2019 16:04,201812,WESTERN EUROPE-EU,NETHERLANDS,BELFAST CITY (GEORGE BEST),AMSTERDAM,3285,3285,0,3145,3145,0,4.45151
05/02/2019 16:04,201812,WESTERN EUROPE-EU,NETHERLANDS,BELFAST CITY (GEORGE BEST),MAASTRICHT,75,0,75,0,0,0,0
05/02/2019 16:04,201812,WESTERN EUROPE-EU,NETHERLANDS,BELFAST INTERNATIONAL,AMSTERDAM,8182,8182,0,7240,7240,0,13.01105
05/02/2019 16:04,201812,WESTERN EUROPE-EU,NETHERLANDS,BELFAST INTERNATIONAL,MAASTRICHT,0,0,0,93,0,93,-100
05/02/2019 16:04,201812,WESTERN EUROPE-EU,NETHERLANDS,BIRMINGHAM,AMSTERDAM,60083,60083,0,52813,52813,0,13.76555
05/02/2019 16:04,201812,WESTERN EUROPE-EU,NETHERLANDS,BOURNEMOUTH,AMSTERDAM,0,0,0,2,2,0,-100
05/02/2019 16:04,201812,WESTERN EUROPE-EU,NETHERLANDS,BRISTOL,AMSTERDAM,35023,35023,0,32455,32455,0,7.912494
05/02/2019 16:04,201812,WESTERN EUROPE-EU,NETHERLANDS,CARDIFF WALES,AMSTERDAM,12461,12461,0,11751,11751,0,6.042039
05/02/2019 16:04,201812,WESTERN EUROPE-EU,NETHERLANDS,DONCASTER SHEFFIELD,AMSTERDAM,4285,4285,0,4169,4169,0,2.782442
05/02/2019 16:04,201812,WESTERN EUROPE-EU,NETHERLANDS,DURHAM TEES VALLEY,AMSTERDAM,8604,8604,0,8111,8111,0,6.078165
05/02/2019 16:04,201812,WESTERN EUROPE-EU,NETHERLANDS,EAST MIDLANDS INTERNATIONAL,AMSTERDAM,4015,4015,0,3399,3399,0,18.122977
05/02/2019 16:04,201812,WESTERN EUROPE-EU,NETHERLANDS,EAST MIDLANDS INTERNATIONAL,MAASTRICHT,66,0,66,1,0,1,6500
05/02/2019 16:04,201812,WESTERN EUROPE-EU,NETHERLANDS,EDINBURGH,AMSTERDAM,49935,49935,0,46848,46848,0,6.589395
05/02/2019 16:04,201812,WESTERN EUROPE-EU,NETHERLANDS,EDINBURGH,EINDHOVEN,3512,3512,0,3570,3570,0,-1.62465
05/02/2019 16:04,201812,WESTERN EUROPE-EU,NETHERLANDS,EXETER,AMSTERDAM,5770,5770,0,3850,3684,166,49.87013
05/02/2019 16:04,201812,WESTERN EUROPE-EU,NETHERLANDS,GLASGOW,AMSTERDAM,33035,33035,0,30767,30767,0,7.371534
05/02/2019 16:04,201812,WESTERN EUROPE-EU,NETHERLANDS,GLASGOW,MAASTRICHT,62,0,62,66,0,66,-6.060606
05/02/2019 16:04,201812,WESTERN EUROPE-EU,NETHERLANDS,HUMBERSIDE,AMSTERDAM,10547,10547,0,9156,9156,0,15.192224
05/02/2019 16:04,201812,WESTERN EUROPE-EU,NETHERLANDS,INVERNESS,AMSTERDAM,4342,4342,0,3702,3702,0,17.287952
05/02/2019 16:04,201812,WESTERN EUROPE-EU,NETHERLANDS,LEEDS BRADFORD,AMSTERDAM,20501,20501,0,18949,18949,0,8.190406
05/02/2019 16:04,201812,WESTERN EUROPE-EU,NETHERLANDS,LIVERPOOL (JOHN LENNON),AMSTERDAM,19592,19592,0,17355,17355,0,12.889657
05/02/2019 16:04,201812,WESTERN EUROPE-EU,NETHERLANDS,LIVERPOOL (JOHN LENNON),MAASTRICHT,0,0,0,50,0,50,-100
05/02/2019 16:04,201812,WESTERN EUROPE-EU,NETHERLANDS,MANCHESTER,AMSTERDAM,90889,90889,0,80314,80314,0,13.167069
05/02/2019 16:04,201812,WESTERN EUROPE-EU,NETHERLANDS,MANCHESTER,EINDHOVEN,4969,4969,0,6314,6314,0,-21.301869
05/02/2019 16:04,201812,WESTERN EUROPE-EU,NETHERLANDS,NEWCASTLE,AMSTERDAM,29844,29844,0,26810,26810,0,11.316673
05/02/2019 16:04,201812,WESTERN EUROPE-EU,NETHERLANDS,NORWICH,AMSTERDAM,11835,11835,0,10270,10270,0,15.238559
05/02/2019 16:04,201812,WESTERN EUROPE-EU,NETHERLANDS,SOUTHAMPTON,AMSTERDAM,18965,18965,0,18129,18129,0,4.611396
05/02/2019 16:04,201812,WESTERN EUROPE-EU,NETHERLANDS,SOUTHAMPTON,ROTTERDAM,0,0,0,29,0,29,-100
05/02/2019 16:04,201812,WESTERN EUROPE-EU,PORTUGAL(EXCLUDING MADEIRA),GATWICK,FARO,23889,23889,0,23211,23211,0,2.921029
05/02/2019 16:04,201812,WESTERN EUROPE-EU,PORTUGAL(EXCLUDING MADEIRA),GATWICK,LISBON,26992,26992,0,28331,28331,0,-4.726272
05/02/2019 16:04,201812,WESTERN EUROPE-EU,PORTUGAL(EXCLUDING MADEIRA),GATWICK,OPORTO (PORTUGAL),24055,24055,0,26624,26624,0,-9.649189
05/02/2019 16:04,201812,WESTERN EUROPE-EU,PORTUGAL(EXCLUDING MADEIRA),HEATHROW,LISBON,60857,60857,0,59440,59440,0,2.383917
05/02/2019 16:04,201812,WESTERN EUROPE-EU,PORTUGAL(EXCLUDING MADEIRA),LONDON CITY,LISBON,5593,5593,0,6067,6067,0,-7.812758
05/02/2019 16:04,201812,WESTERN EUROPE-EU,PORTUGAL(EXCLUDING MADEIRA),LONDON CITY,OPORTO (PORTUGAL),2309,2309,0,0,0,0,0
05/02/2019 16:04,201812,WESTERN EUROPE-EU,PORTUGAL(EXCLUDING MADEIRA),LUTON,FARO,7241,7241,0,6747,6737,10,7.321773
05/02/2019 16:04,201812,WESTERN EUROPE-EU,PORTUGAL(EXCLUDING MADEIRA),LUTON,LISBON,28345,28345,0,15760,15760,0,79.854061
05/02/2019 16:04,201812,WESTERN EUROPE-EU,PORTUGAL(EXCLUDING MADEIRA),LUTON,OPORTO (PORTUGAL),7123,7123,0,6343,6343,0,12.29702
05/02/2019 16:04,201812,WESTERN EUROPE-EU,PORTUGAL(EXCLUDING MADEIRA),SOUTHEND,FARO,2902,2902,0,3131,3131,0,-7.313957
05/02/2019 16:04,201812,WESTERN EUROPE-EU,PORTUGAL(EXCLUDING MADEIRA),STANSTED,AZORES PONTA DELGADA,1500,1500,0,1429,1429,0,4.968509
05/02/2019 16:04,201812,WESTERN EUROPE-EU,PORTUGAL(EXCLUDING MADEIRA),STANSTED,FARO,12243,12243,0,11007,11007,0,11.229218
05/02/2019 16:04,201812,WESTERN EUROPE-EU,PORTUGAL(EXCLUDING MADEIRA),STANSTED,LISBON,29865,29865,0,24069,24069,0,24.080768
05/02/2019 16:04,201812,WESTERN EUROPE-EU,PORTUGAL(EXCLUDING MADEIRA),STANSTED,OPORTO (PORTUGAL),26605,26605,0,22259,22259,0,19.524687
05/02/2019 16:04,201812,WESTERN EUROPE-EU,PORTUGAL(EXCLUDING MADEIRA),BELFAST INTERNATIONAL,FARO,3005,3005,0,3426,3426,0,-12.288383
05/02/2019 16:04,201812,WESTERN EUROPE-EU,PORTUGAL(EXCLUDING MADEIRA),BIRMINGHAM,FARO,6514,6514,0,3591,3591,0,81.397939
05/02/2019 16:04,201812,WESTERN EUROPE-EU,PORTUGAL(EXCLUDING MADEIRA),BIRMINGHAM,LISBON,0,0,0,295,295,0,-100
05/02/2019 16:04,201812,WESTERN EUROPE-EU,PORTUGAL(EXCLUDING MADEIRA),BOURNEMOUTH,FARO,2765,2765,0,2958,2958,0,-6.524679
05/02/2019 16:04,201812,WESTERN EUROPE-EU,PORTUGAL(EXCLUDING MADEIRA),BRISTOL,FARO,11262,11262,0,11075,11075,0,1.688488
05/02/2019 16:04,201812,WESTERN EUROPE-EU,PORTUGAL(EXCLUDING MADEIRA),BRISTOL,LISBON,6260,6260,0,4886,4886,0,28.121163
05/02/2019 16:04,201812,WESTERN EUROPE-EU,PORTUGAL(EXCLUDING MADEIRA),BRISTOL,OPORTO (PORTUGAL),3744,3744,0,4266,4266,0,-12.236287
05/02/2019 16:04,201812,WESTERN EUROPE-EU,PORTUGAL(EXCLUDING MADEIRA),CARDIFF WALES,FARO,883,883,0,836,836,0,5.62201
05/02/2019 16:04,201812,WESTERN EUROPE-EU,PORTUGAL(EXCLUDING MADEIRA),CARDIFF WALES,LISBON,141,141,0,0,0,0,0
05/02/2019 16:04,201812,WESTERN EUROPE-EU,PORTUGAL(EXCLUDING MADEIRA),EAST MIDLANDS INTERNATIONAL,FARO,5511,5511,0,2625,2625,0,109.942857
05/02/2019 16:04,201812,WESTERN EUROPE-EU,PORTUGAL(EXCLUDING MADEIRA),EDINBURGH,FARO,3162,3162,0,2806,2806,0,12.687099
05/02/2019 16:04,201812,WESTERN EUROPE-EU,PORTUGAL(EXCLUDING MADEIRA),EDINBURGH,LISBON,5809,5809,0,3764,3764,0,54.330499
05/02/2019 16:04,201812,WESTERN EUROPE-EU,PORTUGAL(EXCLUDING MADEIRA),EDINBURGH,OPORTO (PORTUGAL),3101,3101,0,2740,2740,0,13.175182
05/02/2019 16:04,201812,WESTERN EUROPE-EU,PORTUGAL(EXCLUDING MADEIRA),EXETER,FARO,865,865,0,649,649,0,33.281972
05/02/2019 16:04,201812,WESTERN EUROPE-EU,PORTUGAL(EXCLUDING MADEIRA),EXETER,LISBON,0,0,0,151,0,151,-100
05/02/2019 16:04,201812,WESTERN EUROPE-EU,PORTUGAL(EXCLUDING MADEIRA),GLASGOW,FARO,3056,3056,0,3087,3087,0,-1.004211
05/02/2019 16:04,201812,WESTERN EUROPE-EU,PORTUGAL(EXCLUDING MADEIRA),GLASGOW,LISBON,0,0,0,2493,2493,0,-100
05/02/2019 16:04,201812,WESTERN EUROPE-EU,PORTUGAL(EXCLUDING MADEIRA),JERSEY,FARO,0,0,0,120,120,0,-100
05/02/2019 16:04,201812,WESTERN EUROPE-EU,PORTUGAL(EXCLUDING MADEIRA),LEEDS BRADFORD,FARO,4454,4454,0,4060,4060,0,9.704433
05/02/2019 16:04,201812,WESTERN EUROPE-EU,PORTUGAL(EXCLUDING MADEIRA),LEEDS BRADFORD,OPORTO (PORTUGAL),0,0,0,133,133,0,-100
05/02/2019 16:04,201812,WESTERN EUROPE-EU,PORTUGAL(EXCLUDING MADEIRA),LIVERPOOL (JOHN LENNON),FARO,5878,5878,0,5888,5888,0,-0.169837
05/02/2019 16:04,201812,WESTERN EUROPE-EU,PORTUGAL(EXCLUDING MADEIRA),LIVERPOOL (JOHN LENNON),LISBON,0,0,0,3277,3277,0,-100
05/02/2019 16:04,201812,WESTERN EUROPE-EU,PORTUGAL(EXCLUDING MADEIRA),LIVERPOOL (JOHN LENNON),OPORTO (PORTUGAL),2563,2563,0,2479,2479,0,3.388463
05/02/2019 16:04,201812,WESTERN EUROPE-EU,PORTUGAL(EXCLUDING MADEIRA),MANCHESTER,FARO,16177,16177,0,8347,8347,0,93.806158
05/02/2019 16:04,201812,WESTERN EUROPE-EU,PORTUGAL(EXCLUDING MADEIRA),MANCHESTER,LISBON,23405,23405,0,15126,15126,0,54.733571
05/02/2019 16:04,201812,WESTERN EUROPE-EU,PORTUGAL(EXCLUDING MADEIRA),MANCHESTER,OPORTO (PORTUGAL),6580,6580,0,3557,3557,0,84.987349
05/02/2019 16:04,201812,WESTERN EUROPE-EU,PORTUGAL(EXCLUDING MADEIRA),NEWCASTLE,FARO,2390,2390,0,2365,2365,0,1.057082
05/02/2019 16:04,201812,WESTERN EUROPE-EU,PORTUGAL(EXCLUDING MADEIRA),PRESTWICK,FARO,894,894,0,995,995,0,-10.150754
05/02/2019 16:04,201812,WESTERN EUROPE-EU,PORTUGAL(MADEIRA),GATWICK,FUNCHAL,18513,16737,1776,17686,16199,1487,4.676015
05/02/2019 16:04,201812,WESTERN EUROPE-EU,PORTUGAL(MADEIRA),GATWICK,PORTO SANTO,0,0,0,172,172,0,-100
05/02/2019 16:04,201812,WESTERN EUROPE-EU,PORTUGAL(MADEIRA),STANSTED,FUNCHAL,3923,3923,0,2605,2605,0,50.59501
05/02/2019 16:04,201812,WESTERN EUROPE-EU,PORTUGAL(MADEIRA),BELFAST INTERNATIONAL,FUNCHAL,812,812,0,0,0,0,0
05/02/2019 16:04,201812,WESTERN EUROPE-EU,PORTUGAL(MADEIRA),BIRMINGHAM,FUNCHAL,3740,2372,1368,2447,1132,1315,52.840213
05/02/2019 16:04,201812,WESTERN EUROPE-EU,PORTUGAL(MADEIRA),BOURNEMOUTH,FUNCHAL,172,172,0,0,0,0,0
05/02/2019 16:04,201812,WESTERN EUROPE-EU,PORTUGAL(MADEIRA),BRISTOL,FUNCHAL,3644,3644,0,3562,3562,0,2.302077
05/02/2019 16:04,201812,WESTERN EUROPE-EU,PORTUGAL(MADEIRA),BRISTOL,PORTO SANTO,0,0,0,145,145,0,-100
05/02/2019 16:04,201812,WESTERN EUROPE-EU,PORTUGAL(MADEIRA),EAST MIDLANDS INTERNATIONAL,FUNCHAL,1949,1286,663,1443,1042,401,35.065835
05/02/2019 16:04,201812,WESTERN EUROPE-EU,PORTUGAL(MADEIRA),EDINBURGH,FUNCHAL,1502,1502,0,1103,1103,0,36.174071
05/02/2019 16:04,201812,WESTERN EUROPE-EU,PORTUGAL(MADEIRA),GLASGOW,FUNCHAL,1467,1467,0,1263,1263,0,16.152019
05/02/2019 16:04,201812,WESTERN EUROPE-EU,PORTUGAL(MADEIRA),JERSEY,FUNCHAL,2141,0,2141,1814,1814,0,18.026461
05/02/2019 16:04,201812,WESTERN EUROPE-EU,PORTUGAL(MADEIRA),LEEDS BRADFORD,FUNCHAL,1888,1888,0,2363,2363,0,-20.101566
05/02/2019 16:04,201812,WESTERN EUROPE-EU,PORTUGAL(MADEIRA),MANCHESTER,FUNCHAL,8118,6567,1551,7004,5640,1364,15.905197
05/02/2019 16:04,201812,WESTERN EUROPE-EU,PORTUGAL(MADEIRA),NEWCASTLE,FUNCHAL,1232,1232,0,993,993,0,24.068479
05/02/2019 16:04,201812,WESTERN EUROPE-EU,SLOVENIA,GATWICK,LJUBLJANA,5240,5240,0,4987,4987,0,5.07319
05/02/2019 16:04,201812,WESTERN EUROPE-EU,SLOVENIA,LUTON,LJUBLJANA,4954,4954,0,5366,5366,0,-7.677972
05/02/2019 16:04,201812,WESTERN EUROPE-EU,SLOVENIA,STANSTED,LJUBLJANA,6807,6807,0,7676,7676,0,-11.321001
05/02/2019 16:04,201812,WESTERN EUROPE-EU,SPAIN,GATWICK,ALICANTE,38632,37424,1208,37819,36433,1386,2.149713
05/02/2019 16:04,201812,WESTERN EUROPE-EU,SPAIN,GATWICK,ALMERIA,5602,5602,0,5884,5884,0,-4.792658
05/02/2019 16:04,201812,WESTERN EUROPE-EU,SPAIN,GATWICK,ASTURIAS,0,0,0,3309,3309,0,-100
05/02/2019 16:04,201812,WESTERN EUROPE-EU,SPAIN,GATWICK,BARCELONA,109715,109715,0,98801,98801,0,11.046447
05/02/2019 16:04,201812,WESTERN EUROPE-EU,SPAIN,GATWICK,BILBAO,8186,8186,0,8589,8211,378,-4.692048
05/02/2019 16:04,201812,WESTERN EUROPE-EU,SPAIN,GATWICK,GRANADA,2982,2982,0,3638,3638,0,-18.031886
05/02/2019 16:04,201812,WESTERN EUROPE-EU,SPAIN,GATWICK,LIEIDA,878,0,878,607,607,0,44.645799
05/02/2019 16:04,201812,WESTERN EUROPE-EU,SPAIN,GATWICK,MADRID,79969,79969,0,78924,78626,298,1.324059
05/02/2019 16:04,201812,WESTERN EUROPE-EU,SPAIN,GATWICK,MAHON,2165,2165,0,0,0,0,0
05/02/2019 16:04,201812,WESTERN EUROPE-EU,SPAIN,GATWICK,MALAGA,56469,54451,2018,52464,50837,1627,7.633806
05/02/2019 16:04,201812,WESTERN EUROPE-EU,SPAIN,GATWICK,MURCIA SAN JAVIER,9376,9376,0,9249,9249,0,1.373121
05/02/2019 16:04,201812,WESTERN EUROPE-EU,SPAIN,GATWICK,PALMA DE MALLORCA,24347,24347,0,19305,19305,0,26.117586
05/02/2019 16:04,201812,WESTERN EUROPE-EU,SPAIN,GATWICK,SANTIAGO DE COMPOSTELA (SPAIN),0,0,0,2770,2770,0,-100
05/02/2019 16:04,201812,WESTERN EUROPE-EU,SPAIN,GATWICK,SEVILLE,17642,17642,0,14895,14539,356,18.44243
05/02/2019 16:04,201812,WESTERN EUROPE-EU,SPAIN,GATWICK,VALENCIA,24043,24043,0,23090,23090,0,4.127328
05/02/2019 16:04,201812,WESTERN EUROPE-EU,SPAIN,GATWICK,VITORIA,0,0,0,368,0,368,-100
05/02/2019 16:04,201812,WESTERN EUROPE-EU,SPAIN,HEATHROW,A CORUNA,8999,8999,0,8239,8239,0,9.22442
05/02/2019 16:04,201812,WESTERN EUROPE-EU,SPAIN,HEATHROW,ASTURIAS,0,0,0,1923,1923,0,-100
05/02/2019 16:04,201812,WESTERN EUROPE-EU,SPAIN,HEATHROW,BARCELONA,54763,54763,0,51052,51052,0,7.269059
05/02/2019 16:04,201812,WESTERN EUROPE-EU,SPAIN,HEATHROW,BILBAO,7927,7927,0,13703,13703,0,-42.151354
05/02/2019 16:04,201812,WESTERN EUROPE-EU,SPAIN,HEATHROW,MADRID,110663,110663,0,101884,101884,0,8.616662
05/02/2019 16:04,201812,WESTERN EUROPE-EU,SPAIN,HEATHROW,MALAGA,6017,6017,0,2847,2847,0,111.345276
05/02/2019 16:04,201812,WESTERN EUROPE-EU,SPAIN,HEATHROW,PALMA DE MALLORCA,0,0,0,3010,3010,0,-100
05/02/2019 16:04,201812,WESTERN EUROPE-EU,SPAIN,LONDON CITY,IBIZA,4174,4174,0,4299,4299,0,-2.907653
05/02/2019 16:04,201812,WESTERN EUROPE-EU,SPAIN,LONDON CITY,MALAGA,3426,3426,0,3747,3747,0,-8.566853
05/02/2019 16:04,201812,WESTERN EUROPE-EU,SPAIN,LONDON CITY,PALMA DE MALLORCA,1492,1492,0,1563,1563,0,-4.542546
05/02/2019 16:04,201812,WESTERN EUROPE-EU,SPAIN,LUTON,ALICANTE,17980,17980,0,11652,11652,0,54.308273
05/02/2019 16:04,201812,WESTERN EUROPE-EU,SPAIN,LUTON,BARCELONA,38494,38494,0,35074,35074,0,9.750813
05/02/2019 16:04,201812,WESTERN EUROPE-EU,SPAIN,LUTON,MADRID,13027,13027,0,13567,13559,8,-3.980246
05/02/2019 16:04,201812,WESTERN EUROPE-EU,SPAIN,LUTON,MALAGA,20310,20310,0,9517,9517,0,113.407586
05/02/2019 16:04,201812,WESTERN EUROPE-EU,SPAIN,LUTON,MURCIA SAN JAVIER,3786,3786,0,3535,3535,0,7.100424
05/02/2019 16:04,201812,WESTERN EUROPE-EU,SPAIN,LUTON,PALMA DE MALLORCA,2686,2686,0,3089,3089,0,-13.046293
05/02/2019 16:04,201812,WESTERN EUROPE-EU,SPAIN,LUTON,REUS,378,0,378,0,0,0,0
05/02/2019 16:04,201812,WESTERN EUROPE-EU,SPAIN,LUTON,SEVILLE,4489,4489,0,3350,3350,0,34
05/02/2019 16:04,201812,WESTERN EUROPE-EU,SPAIN,LUTON,VALENCIA,3301,3301,0,3554,3554,0,-7.118739
05/02/2019 16:04,201812,WESTERN EUROPE-EU,SPAIN,SOUTHEND,ALICANTE,7220,7220,0,7013,7013,0,2.951661
05/02/2019 16:04,201812,WESTERN EUROPE-EU,SPAIN,SOUTHEND,BARCELONA,2902,2902,0,2138,2138,0,35.734331
05/02/2019 16:04,201812,WESTERN EUROPE-EU,SPAIN,SOUTHEND,MALAGA,7790,7790,0,4664,4664,0,67.024014
05/02/2019 16:04,201812,WESTERN EUROPE-EU,SPAIN,SOUTHEND,MURCIA SAN JAVIER,2088,2088,0,0,0,0,0
05/02/2019 16:04,201812,WESTERN EUROPE-EU,SPAIN,STANSTED,ALICANTE,20900,20900,0,20128,20128,0,3.835453
05/02/2019 16:04,201812,WESTERN EUROPE-EU,SPAIN,STANSTED,ASTURIAS,0,0,0,5429,5429,0,-100
05/02/2019 16:04,201812,WESTERN EUROPE-EU,SPAIN,STANSTED,BARCELONA,43518,42453,1065,31232,31232,0,39.337859
05/02/2019 16:04,201812,WESTERN EUROPE-EU,SPAIN,STANSTED,BILBAO,6030,5665,365,7691,7691,0,-21.596671
05/02/2019 16:04,201812,WESTERN EUROPE-EU,SPAIN,STANSTED,CASTELLON COSTA AZAHAR,2560,2560,0,2706,2706,0,-5.395418
05/02/2019 16:04,201812,WESTERN EUROPE-EU,SPAIN,STANSTED,CASTELLON DE LA PLANA AIRPORT,888,888,0,821,821,0,8.16078
05/02/2019 16:04,201812,WESTERN EUROPE-EU,SPAIN,STANSTED,JEREZ,2762,2762,0,2602,2602,0,6.149116
05/02/2019 16:04,201812,WESTERN EUROPE-EU,SPAIN,STANSTED,MADRID,38456,38456,0,31736,31736,0,21.174691
05/02/2019 16:04,201812,WESTERN EUROPE-EU,SPAIN,STANSTED,MALAGA,28171,28171,0,29451,29451,0,-4.346202
05/02/2019 16:04,201812,WESTERN EUROPE-EU,SPAIN,STANSTED,MURCIA SAN JAVIER,7029,7029,0,4861,4861,0,44.599877
05/02/2019 16:04,201812,WESTERN EUROPE-EU,SPAIN,STANSTED,PALMA DE MALLORCA,12753,12753,0,12074,12074,0,5.623654
05/02/2019 16:04,201812,WESTERN EUROPE-EU,SPAIN,STANSTED,REUS,2839,2839,0,3222,2780,442,-11.887027
05/02/2019 16:04,201812,WESTERN EUROPE-EU,SPAIN,STANSTED,SANTANDER,6744,6744,0,5714,5714,0,18.025901
05/02/2019 16:04,201812,WESTERN EUROPE-EU,SPAIN,STANSTED,SANTIAGO DE COMPOSTELA (SPAIN),5161,5161,0,5630,5630,0,-8.330373
05/02/2019 16:04,201812,WESTERN EUROPE-EU,SPAIN,STANSTED,SEVILLE,12871,12871,0,12098,11945,153,6.389486
05/02/2019 16:04,201812,WESTERN EUROPE-EU,SPAIN,STANSTED,VALENCIA,12613,12613,0,10845,10845,0,16.302444
05/02/2019 16:04,201812,WESTERN EUROPE-EU,SPAIN,STANSTED,ZARAGOZA,7547,7547,0,7052,7052,0,7.019285
05/02/2019 16:04,201812,WESTERN EUROPE-EU,SPAIN,ABERDEEN,ALICANTE,2725,2725,0,2478,2478,0,9.967716
05/02/2019 16:04,201812,WESTERN EUROPE-EU,SPAIN,ABERDEEN,MALAGA,0,0,0,2381,2381,0,-100
05/02/2019 16:04,201812,WESTERN EUROPE-EU,SPAIN,BELFAST INTERNATIONAL,ALICANTE,8309,8309,0,7421,7421,0,11.966042
05/02/2019 16:04,201812,WESTERN EUROPE-EU,SPAIN,BELFAST INTERNATIONAL,MALAGA,9382,9382,0,8682,8682,0,8.062658
05/02/2019 16:04,201812,WESTERN EUROPE-EU,SPAIN,BIRMINGHAM,ALICANTE,19654,18307,1347,16864,15474,1390,16.544118
05/02/2019 16:04,201812,WESTERN EUROPE-EU,SPAIN,BIRMINGHAM,BARCELONA,14830,14830,0,12344,12344,0,20.139339
05/02/2019 16:04,201812,WESTERN EUROPE-EU,SPAIN,BIRMINGHAM,LIEIDA,87,0,87,0,0,0,0
05/02/2019 16:04,201812,WESTERN EUROPE-EU,SPAIN,BIRMINGHAM,MADRID,9346,9346,0,8981,8981,0,4.064135
05/02/2019 16:04,201812,WESTERN EUROPE-EU,SPAIN,BIRMINGHAM,MALAGA,17407,15358,2049,14110,12284,1826,23.366407
05/02/2019 16:04,201812,WESTERN EUROPE-EU,SPAIN,BIRMINGHAM,MURCIA SAN JAVIER,3221,3221,0,2865,2865,0,12.425829
05/02/2019 16:04,201812,WESTERN EUROPE-EU,SPAIN,BIRMINGHAM,PALMA DE MALLORCA,637,637,0,0,0,0,0
05/02/2019 16:04,201812,WESTERN EUROPE-EU,SPAIN,BIRMINGHAM,VALENCIA,0,0,0,3,3,0,-100
05/02/2019 16:04,201812,WESTERN EUROPE-EU,SPAIN,BOURNEMOUTH,ALICANTE,4692,4692,0,3786,3786,0,23.930269
05/02/2019 16:04,201812,WESTERN EUROPE-EU,SPAIN,BOURNEMOUTH,MALAGA,3137,3137,0,3011,3011,0,4.184656
05/02/2019 16:04,201812,WESTERN EUROPE-EU,SPAIN,BOURNEMOUTH,PALMA DE MALLORCA,0,0,0,32,0,32,-100
05/02/2019 16:04,201812,WESTERN EUROPE-EU,SPAIN,BRISTOL,ALICANTE,18354,18354,0,16925,16925,0,8.443131
05/02/2019 16:04,201812,WESTERN EUROPE-EU,SPAIN,BRISTOL,BARCELONA,12721,12721,0,11818,11818,0,7.640887
05/02/2019 16:04,201812,WESTERN EUROPE-EU,SPAIN,BRISTOL,BILBAO,2414,2414,0,2324,2324,0,3.872633
05/02/2019 16:04,201812,WESTERN EUROPE-EU,SPAIN,BRISTOL,LIEIDA,88,0,88,0,0,0,0
05/02/2019 16:04,201812,WESTERN EUROPE-EU,SPAIN,BRISTOL,MADRID,10308,10308,0,7898,7898,0,30.514054
05/02/2019 16:04,201812,WESTERN EUROPE-EU,SPAIN,BRISTOL,MALAGA,16950,16325,625,18548,16932,1616,-8.615484
05/02/2019 16:04,201812,WESTERN EUROPE-EU,SPAIN,BRISTOL,MURCIA SAN JAVIER,3290,3290,0,3326,3326,0,-1.082381
05/02/2019 16:04,201812,WESTERN EUROPE-EU,SPAIN,BRISTOL,PALMA DE MALLORCA,4456,4456,0,4598,4598,0,-3.088299
05/02/2019 16:04,201812,WESTERN EUROPE-EU,SPAIN,BRISTOL,REUS,157,0,157,0,0,0,0
05/02/2019 16:04,201812,WESTERN EUROPE-EU,SPAIN,BRISTOL,SEVILLE,5597,5597,0,0,0,0,0
05/02/2019 16:04,201812,WESTERN EUROPE-EU,SPAIN,BRISTOL,VALENCIA,3102,3102,0,0,0,0,0
05/02/2019 16:04,201812,WESTERN EUROPE-EU,SPAIN,CARDIFF WALES,ALICANTE,6436,3347,3089,6062,2968,3094,6.169581
05/02/2019 16:04,201812,WESTERN EUROPE-EU,SPAIN,CARDIFF WALES,BARCELONA,24,0,24,0,0,0,0
05/02/2019 16:04,201812,WESTERN EUROPE-EU,SPAIN,CARDIFF WALES,MADRID,0,0,0,82,82,0,-100
05/02/2019 16:04,201812,WESTERN EUROPE-EU,SPAIN,CARDIFF WALES,MALAGA,3666,2002,1664,4145,2534,1611,-11.556092
05/02/2019 16:04,201812,WESTERN EUROPE-EU,SPAIN,CARDIFF WALES,VALENCIA,108,108,0,0,0,0,0
05/02/2019 16:04,201812,WESTERN EUROPE-EU,SPAIN,DONCASTER SHEFFIELD,ALICANTE,4794,1462,3332,6356,1591,4765,-24.575205
05/02/2019 16:04,201812,WESTERN EUROPE-EU,SPAIN,DONCASTER SHEFFIELD,MALAGA,1840,0,1840,1852,0,1852,-0.647948
05/02/2019 16:04,201812,WESTERN EUROPE-EU,SPAIN,EAST MIDLANDS INTERNATIONAL,ALICANTE,17447,16159,1288,16830,15429,1401,3.666072
05/02/2019 16:04,201812,WESTERN EUROPE-EU,SPAIN,EAST MIDLANDS INTERNATIONAL,BARCELONA,0,0,0,112,0,112,-100
05/02/2019 16:04,201812,WESTERN EUROPE-EU,SPAIN,EAST MIDLANDS INTERNATIONAL,MADRID,168,168,0,0,0,0,0
05/02/2019 16:04,201812,WESTERN EUROPE-EU,SPAIN,EAST MIDLANDS INTERNATIONAL,MALAGA,12280,10622,1658,12341,10588,1753,-0.494287
05/02/2019 16:04,201812,WESTERN EUROPE-EU,SPAIN,EAST MIDLANDS INTERNATIONAL,MURCIA SAN JAVIER,4263,4263,0,4004,4004,0,6.468531
05/02/2019 16:04,201812,WESTERN EUROPE-EU,SPAIN,EAST MIDLANDS INTERNATIONAL,REUS,0,0,0,246,0,246,-100
05/02/2019 16:04,201812,WESTERN EUROPE-EU,SPAIN,EAST MIDLANDS INTERNATIONAL,SEVILLE,2303,2303,0,2324,2324,0,-0.903614
05/02/2019 16:04,201812,WESTERN EUROPE-EU,SPAIN,EDINBURGH,ALICANTE,12547,12547,0,12247,12247,0,2.449579
05/02/2019 16:04,201812,WESTERN EUROPE-EU,SPAIN,EDINBURGH,BARCELONA,11837,11837,0,10475,10475,0,13.002387
05/02/2019 16:04,201812,WESTERN EUROPE-EU,SPAIN,EDINBURGH,BILBAO,2500,2500,0,2514,2514,0,-0.556881
05/02/2019 16:04,201812,WESTERN EUROPE-EU,SPAIN,EDINBURGH,MADRID,10880,10550,330,10429,10429,0,4.32448
05/02/2019 16:04,201812,WESTERN EUROPE-EU,SPAIN,EDINBURGH,MALAGA,7301,7301,0,8768,8768,0,-16.731296
05/02/2019 16:04,201812,WESTERN EUROPE-EU,SPAIN,EDINBURGH,SANTANDER,2749,2749,0,2406,2406,0,14.256027
05/02/2019 16:04,201812,WESTERN EUROPE-EU,SPAIN,EDINBURGH,SEVILLE,5380,5380,0,0,0,0,0
05/02/2019 16:04,201812,WESTERN EUROPE-EU,SPAIN,EDINBURGH,VALENCIA,3527,3527,0,3885,3885,0,-9.214929
05/02/2019 16:04,201812,WESTERN EUROPE-EU,SPAIN,EXETER,ALICANTE,1769,1769,0,2402,2402,0,-26.353039
05/02/2019 16:04,201812,WESTERN EUROPE-EU,SPAIN,EXETER,MALAGA,1407,1407,0,1311,1311,0,7.322654
05/02/2019 16:04,201812,WESTERN EUROPE-EU,SPAIN,GLASGOW,ALICANTE,14016,12386,1630,15872,14382,1490,-11.693548
05/02/2019 16:04,201812,WESTERN EUROPE-EU,SPAIN,GLASGOW,BARCELONA,3001,3001,0,2573,2573,0,16.634279
05/02/2019 16:04,201812,WESTERN EUROPE-EU,SPAIN,GLASGOW,MADRID,0,0,0,4829,4829,0,-100
05/02/2019 16:04,201812,WESTERN EUROPE-EU,SPAIN,GLASGOW,MALAGA,7056,7056,0,9741,9741,0,-27.563905
05/02/2019 16:04,201812,WESTERN EUROPE-EU,SPAIN,GLASGOW,VALENCIA,0,0,0,2048,2048,0,-100
05/02/2019 16:04,201812,WESTERN EUROPE-EU,SPAIN,LEEDS BRADFORD,ALICANTE,15011,15011,0,14633,14633,0,2.583202
05/02/2019 16:04,201812,WESTERN EUROPE-EU,SPAIN,LEEDS BRADFORD,BARCELONA,2768,2768,0,3313,3313,0,-16.450347
05/02/2019 16:04,201812,WESTERN EUROPE-EU,SPAIN,LEEDS BRADFORD,MALAGA,9827,9827,0,10614,10614,0,-7.414735
05/02/2019 16:04,201812,WESTERN EUROPE-EU,SPAIN,LEEDS BRADFORD,MURCIA SAN JAVIER,2369,2369,0,2718,2718,0,-12.840324
05/02/2019 16:04,201812,WESTERN EUROPE-EU,SPAIN,LIVERPOOL (JOHN LENNON),ALICANTE,15126,15126,0,15349,15349,0,-1.452863
05/02/2019 16:04,201812,WESTERN EUROPE-EU,SPAIN,LIVERPOOL (JOHN LENNON),BARCELONA,13199,13199,0,11880,11880,0,11.102694
05/02/2019 16:04,201812,WESTERN EUROPE-EU,SPAIN,LIVERPOOL (JOHN LENNON),MADRID,6716,6716,0,5745,5745,0,16.901654
05/02/2019 16:04,201812,WESTERN EUROPE-EU,SPAIN,LIVERPOOL (JOHN LENNON),MALAGA,13225,13225,0,12702,12702,0,4.117462
05/02/2019 16:04,201812,WESTERN EUROPE-EU,SPAIN,LIVERPOOL (JOHN LENNON),PALMA DE MALLORCA,2293,2293,0,2693,2693,0,-14.853323
05/02/2019 16:04,201812,WESTERN EUROPE-EU,SPAIN,MANCHESTER,ALICANTE,42724,37063,5661,38772,32752,6020,10.192923
05/02/2019 16:04,201812,WESTERN EUROPE-EU,SPAIN,MANCHESTER,BARCELONA,24133,24133,0,17128,17128,0,40.897945
05/02/2019 16:04,201812,WESTERN EUROPE-EU,SPAIN,MANCHESTER,BILBAO,4506,4506,0,4412,4412,0,2.130553
05/02/2019 16:04,201812,WESTERN EUROPE-EU,SPAIN,MANCHESTER,GRANADA,2455,2455,0,2756,2756,0,-10.921626
05/02/2019 16:04,201812,WESTERN EUROPE-EU,SPAIN,MANCHESTER,LIEIDA,605,0,605,539,539,0,12.244898
05/02/2019 16:04,201812,WESTERN EUROPE-EU,SPAIN,MANCHESTER,MADRID,12260,12260,0,10865,10865,0,12.839393
05/02/2019 16:04,201812,WESTERN EUROPE-EU,SPAIN,MANCHESTER,MALAGA,32908,29201,3707,26337,23031,3306,24.949691
05/02/2019 16:04,201812,WESTERN EUROPE-EU,SPAIN,MANCHESTER,MURCIA SAN JAVIER,4494,4494,0,3924,3924,0,14.525994
05/02/2019 16:04,201812,WESTERN EUROPE-EU,SPAIN,MANCHESTER,PALMA DE MALLORCA,10122,10122,0,5719,5719,0,76.988984
05/02/2019 16:04,201812,WESTERN EUROPE-EU,SPAIN,MANCHESTER,REUS,350,0,350,0,0,0,0
05/02/2019 16:04,201812,WESTERN EUROPE-EU,SPAIN,MANCHESTER,SEVILLE,3271,3271,0,2697,2697,0,21.282907
05/02/2019 16:04,201812,WESTERN EUROPE-EU,SPAIN,MANCHESTER,VALENCIA,4090,3169,921,2649,2649,0,54.397886
05/02/2019 16:04,201812,WESTERN EUROPE-EU,SPAIN,NEWCASTLE,ALICANTE,17233,17233,0,18637,18637,0,-7.533401
05/02/2019 16:04,201812,WESTERN EUROPE-EU,SPAIN,NEWCASTLE,BARCELONA,4139,4139,0,4341,4341,0,-4.653306
05/02/2019 16:04,201812,WESTERN EUROPE-EU,SPAIN,NEWCASTLE,MADRID,0,0,0,2456,2456,0,-100
05/02/2019 16:04,201812,WESTERN EUROPE-EU,SPAIN,NEWCASTLE,MALAGA,11652,11652,0,10361,10361,0,12.460187
05/02/2019 16:04,201812,WESTERN EUROPE-EU,SPAIN,NEWQUAY,ALICANTE,2622,2622,0,0,0,0,0
05/02/2019 16:04,201812,WESTERN EUROPE-EU,SPAIN,NORWICH,ALICANTE,1326,1326,0,1189,1189,0,11.522288
05/02/2019 16:04,201812,WESTERN EUROPE-EU,SPAIN,NORWICH,MALAGA,991,991,0,838,838,0,18.257757
05/02/2019 16:04,201812,WESTERN EUROPE-EU,SPAIN,PRESTWICK,ALICANTE,3769,3769,0,3834,3834,0,-1.695357
05/02/2019 16:04,201812,WESTERN EUROPE-EU,SPAIN,PRESTWICK,BARCELONA,0,0,0,2558,2558,0,-100
05/02/2019 16:04,201812,WESTERN EUROPE-EU,SPAIN,PRESTWICK,MALAGA,2871,2871,0,2538,2538,0,13.120567
05/02/2019 16:04,201812,WESTERN EUROPE-EU,SPAIN,SOUTHAMPTON,ALICANTE,1104,1104,0,1207,1207,0,-8.533554
05/02/2019 16:04,201812,WESTERN EUROPE-EU,SPAIN(CANARY ISLANDS),GATWICK,ARRECIFE,26684,20794,5890,30325,23865,6460,-12.006595
05/02/2019 16:04,201812,WESTERN EUROPE-EU,SPAIN(CANARY ISLANDS),GATWICK,FUERTEVENTURA,16874,13168,3706,20285,17033,3252,-16.815381
05/02/2019 16:04,201812,WESTERN EUROPE-EU,SPAIN(CANARY ISLANDS),GATWICK,LAS PALMAS,20355,14705,5650,21079,15459,5620,-3.434698
05/02/2019 16:04,201812,WESTERN EUROPE-EU,SPAIN(CANARY ISLANDS),GATWICK,SANTA CRUZ DE LA PALMA,2891,2160,731,3599,2365,1234,-19.672131
05/02/2019 16:04,201812,WESTERN EUROPE-EU,SPAIN(CANARY ISLANDS),GATWICK,TENERIFE (SURREINA SOFIA),51500,41479,10021,53578,41954,11624,-3.878458
05/02/2019 16:04,201812,WESTERN EUROPE-EU,SPAIN(CANARY ISLANDS),HEATHROW,LAS PALMAS,2361,2361,0,1266,1266,0,86.492891
05/02/2019 16:04,201812,WESTERN EUROPE-EU,SPAIN(CANARY ISLANDS),HEATHROW,TENERIFE (SURREINA SOFIA),1172,1172,0,1246,1246,0,-5.939005
05/02/2019 16:04,201812,WESTERN EUROPE-EU,SPAIN(CANARY ISLANDS),LUTON,ARRECIFE,8382,6767,1615,7941,6144,1797,5.553457
05/02/2019 16:04,201812,WESTERN EUROPE-EU,SPAIN(CANARY ISLANDS),LUTON,FUERTEVENTURA,1859,1859,0,4377,2695,1682,-57.527987
05/02/2019 16:04,201812,WESTERN EUROPE-EU,SPAIN(CANARY ISLANDS),LUTON,LAS PALMAS,1344,162,1182,527,0,527,155.028463
05/02/2019 16:04,201812,WESTERN EUROPE-EU,SPAIN(CANARY ISLANDS),LUTON,TENERIFE (SURREINA SOFIA),9717,6821,2896,9903,6914,2989,-1.878219
05/02/2019 16:04,201812,WESTERN EUROPE-EU,SPAIN(CANARY ISLANDS),SOUTHEND,ARRECIFE,2787,2787,0,2443,2443,0,14.081048
05/02/2019 16:04,201812,WESTERN EUROPE-EU,SPAIN(CANARY ISLANDS),SOUTHEND,TENERIFE (SURREINA SOFIA),2571,2571,0,2894,2894,0,-11.161023
05/02/2019 16:04,201812,WESTERN EUROPE-EU,SPAIN(CANARY ISLANDS),STANSTED,ARRECIFE,16293,15011,1282,17239,15984,1255,-5.487557
05/02/2019 16:04,201812,WESTERN EUROPE-EU,SPAIN(CANARY ISLANDS),STANSTED,FUERTEVENTURA,11979,10865,1114,14570,13739,831,-17.783116
05/02/2019 16:04,201812,WESTERN EUROPE-EU,SPAIN(CANARY ISLANDS),STANSTED,LAS PALMAS,15573,14021,1552,14487,13139,1348,7.496376
05/02/2019 16:04,201812,WESTERN EUROPE-EU,SPAIN(CANARY ISLANDS),STANSTED,TENERIFE (SURREINA SOFIA),29269,26680,2589,26276,23344,2932,11.390623
05/02/2019 16:04,201812,WESTERN EUROPE-EU,SPAIN(CANARY ISLANDS),ABERDEEN,TENERIFE (SURREINA SOFIA),3218,0,3218,3079,0,3079,4.514453
05/02/2019 16:04,201812,WESTERN EUROPE-EU,SPAIN(CANARY ISLANDS),BELFAST INTERNATIONAL,ARRECIFE,10284,8745,1539,10932,9292,1640,-5.927552
05/02/2019 16:04,201812,WESTERN EUROPE-EU,SPAIN(CANARY ISLANDS),BELFAST INTERNATIONAL,FUERTEVENTURA,4127,4127,0,1319,1319,0,212.888552
05/02/2019 16:04,201812,WESTERN EUROPE-EU,SPAIN(CANARY ISLANDS),BELFAST INTERNATIONAL,LAS PALMAS,1587,1587,0,1481,1480,1,7.157326
05/02/2019 16:04,201812,WESTERN EUROPE-EU,SPAIN(CANARY ISLANDS),BELFAST INTERNATIONAL,TENERIFE (SURREINA SOFIA),10315,6433,3882,11049,5512,5537,-6.643135
05/02/2019 16:04,201812,WESTERN EUROPE-EU,SPAIN(CANARY ISLANDS),BIRMINGHAM,ARRECIFE,20976,16422,4554,18731,15176,3555,11.985479
05/02/2019 16:04,201812,WESTERN EUROPE-EU,SPAIN(CANARY ISLANDS),BIRMINGHAM,FUERTEVENTURA,10513,7633,2880,12064,8078,3986,-12.856432
05/02/2019 16:04,201812,WESTERN EUROPE-EU,SPAIN(CANARY ISLANDS),BIRMINGHAM,LAS PALMAS,10981,6023,4958,10888,5955,4933,0.854151
05/02/2019 16:04,201812,WESTERN EUROPE-EU,SPAIN(CANARY ISLANDS),BIRMINGHAM,TENERIFE (SURREINA SOFIA),28436,22626,5810,27557,20690,6867,3.189752
05/02/2019 16:04,201812,WESTERN EUROPE-EU,SPAIN(CANARY ISLANDS),BOURNEMOUTH,ARRECIFE,2061,0,2061,3146,0,3146,-34.488239
05/02/2019 16:04,201812,WESTERN EUROPE-EU,SPAIN(CANARY ISLANDS),BOURNEMOUTH,LAS PALMAS,1232,0,1232,1237,0,1237,-0.404204
05/02/2019 16:04,201812,WESTERN EUROPE-EU,SPAIN(CANARY ISLANDS),BOURNEMOUTH,TENERIFE (SURREINA SOFIA),3206,1190,2016,4410,1244,3166,-27.301587
05/02/2019 16:04,201812,WESTERN EUROPE-EU,SPAIN(CANARY ISLANDS),BRISTOL,ARRECIFE,11286,6624,4662,14889,12233,2656,-24.199073
05/02/2019 16:04,201812,WESTERN EUROPE-EU,SPAIN(CANARY ISLANDS),BRISTOL,FUERTEVENTURA,7438,2894,4544,7880,5812,2068,-5.609137
05/02/2019 16:04,201812,WESTERN EUROPE-EU,SPAIN(CANARY ISLANDS),BRISTOL,LAS PALMAS,5719,3984,1735,6596,4371,2225,-13.295937
05/02/2019 16:04,201812,WESTERN EUROPE-EU,SPAIN(CANARY ISLANDS),BRISTOL,TENERIFE (SURREINA SOFIA),17108,10327,6781,16991,13613,3378,0.6886
05/02/2019 16:04,201812,WESTERN EUROPE-EU,SPAIN(CANARY ISLANDS),CARDIFF WALES,ARRECIFE,3159,0,3159,3081,0,3081,2.531646
05/02/2019 16:04,201812,WESTERN EUROPE-EU,SPAIN(CANARY ISLANDS),CARDIFF WALES,FUERTEVENTURA,130,130,0,0,0,0,0
05/02/2019 16:04,201812,WESTERN EUROPE-EU,SPAIN(CANARY ISLANDS),CARDIFF WALES,LAS PALMAS,1800,0,1800,1806,0,1806,-0.332226
05/02/2019 16:04,201812,WESTERN EUROPE-EU,SPAIN(CANARY ISLANDS),CARDIFF WALES,TENERIFE (SURREINA SOFIA),6995,2643,4352,6447,2063,4384,8.500078
05/02/2019 16:04,201812,WESTERN EUROPE-EU,SPAIN(CANARY ISLANDS),DONCASTER SHEFFIELD,ARRECIFE,3337,0,3337,3389,0,3389,-1.534376
05/02/2019 16:04,201812,WESTERN EUROPE-EU,SPAIN(CANARY ISLANDS),DONCASTER SHEFFIELD,LAS PALMAS,1867,0,1867,1088,0,1088,71.599265
05/02/2019 16:04,201812,WESTERN EUROPE-EU,SPAIN(CANARY ISLANDS),DONCASTER SHEFFIELD,TENERIFE (SURREINA SOFIA),4706,0,4706,5108,377,4731,-7.870008
05/02/2019 16:04,201812,WESTERN EUROPE-EU,SPAIN(CANARY ISLANDS),EAST MIDLANDS INTERNATIONAL,ARRECIFE,17744,16109,1635,15994,14559,1435,10.941603
05/02/2019 16:04,201812,WESTERN EUROPE-EU,SPAIN(CANARY ISLANDS),EAST MIDLANDS INTERNATIONAL,FUERTEVENTURA,9830,8447,1383,9314,7974,1340,5.540047
05/02/2019 16:04,201812,WESTERN EUROPE-EU,SPAIN(CANARY ISLANDS),EAST MIDLANDS INTERNATIONAL,LAS PALMAS,6441,5410,1031,6614,5612,1002,-2.615664
05/02/2019 16:04,201812,WESTERN EUROPE-EU,SPAIN(CANARY ISLANDS),EAST MIDLANDS INTERNATIONAL,TENERIFE (SURREINA SOFIA),27222,22530,4692,27763,23127,4636,-1.948637
05/02/2019 16:04,201812,WESTERN EUROPE-EU,SPAIN(CANARY ISLANDS),EDINBURGH,ARRECIFE,8732,7435,1297,8756,7483,1273,-0.274098
05/02/2019 16:04,201812,WESTERN EUROPE-EU,SPAIN(CANARY ISLANDS),EDINBURGH,FUERTEVENTURA,4996,4996,0,5328,5328,0,-6.231231
05/02/2019 16:04,201812,WESTERN EUROPE-EU,SPAIN(CANARY ISLANDS),EDINBURGH,LAS PALMAS,5080,4891,189,6278,5357,921,-19.08251
05/02/2019 16:04,201812,WESTERN EUROPE-EU,SPAIN(CANARY ISLANDS),EDINBURGH,TENERIFE (SURREINA SOFIA),19570,16915,2655,21286,18280,3006,-8.061637
05/02/2019 16:04,201812,WESTERN EUROPE-EU,SPAIN(CANARY ISLANDS),EXETER,ARRECIFE,3150,0,3150,3082,0,3082,2.20636
05/02/2019 16:04,201812,WESTERN EUROPE-EU,SPAIN(CANARY ISLANDS),EXETER,LAS PALMAS,1508,0,1508,1212,0,1212,24.422442
05/02/2019 16:04,201812,WESTERN EUROPE-EU,SPAIN(CANARY ISLANDS),EXETER,TENERIFE (SURREINA SOFIA),3750,0,3750,4331,0,4331,-13.414916
05/02/2019 16:04,201812,WESTERN EUROPE-EU,SPAIN(CANARY ISLANDS),GLASGOW,ARRECIFE,11681,10110,1571,15769,14443,1326,-25.924282
05/02/2019 16:04,201812,WESTERN EUROPE-EU,SPAIN(CANARY ISLANDS),GLASGOW,FUERTEVENTURA,7231,7231,0,6681,6681,0,8.232301
05/02/2019 16:04,201812,WESTERN EUROPE-EU,SPAIN(CANARY ISLANDS),GLASGOW,LAS PALMAS,9013,7107,1906,7639,6445,1194,17.986647
05/02/2019 16:04,201812,WESTERN EUROPE-EU,SPAIN(CANARY ISLANDS),GLASGOW,TENERIFE (SURREINA SOFIA),22922,19946,2976,22714,19363,3351,0.915735
05/02/2019 16:04,201812,WESTERN EUROPE-EU,SPAIN(CANARY ISLANDS),LEEDS BRADFORD,ARRECIFE,9761,9761,0,10616,10616,0,-8.053881
05/02/2019 16:04,201812,WESTERN EUROPE-EU,SPAIN(CANARY ISLANDS),LEEDS BRADFORD,FUERTEVENTURA,5487,5487,0,5327,5327,0,3.003567
05/02/2019 16:04,201812,WESTERN EUROPE-EU,SPAIN(CANARY ISLANDS),LEEDS BRADFORD,LAS PALMAS,6976,6976,0,6696,6696,0,4.181601
05/02/2019 16:04,201812,WESTERN EUROPE-EU,SPAIN(CANARY ISLANDS),LEEDS BRADFORD,TENERIFE (SURREINA SOFIA),16309,16309,0,16401,15208,1193,-0.560941
05/02/2019 16:04,201812,WESTERN EUROPE-EU,SPAIN(CANARY ISLANDS),LIVERPOOL (JOHN LENNON),ARRECIFE,5351,5351,0,6325,6325,0,-15.399209
05/02/2019 16:04,201812,WESTERN EUROPE-EU,SPAIN(CANARY ISLANDS),LIVERPOOL (JOHN LENNON),FUERTEVENTURA,3887,3887,0,4557,4557,0,-14.702655
05/02/2019 16:04,201812,WESTERN EUROPE-EU,SPAIN(CANARY ISLANDS),LIVERPOOL (JOHN LENNON),TENERIFE (SURREINA SOFIA),1515,1515,0,1308,1308,0,15.825688
05/02/2019 16:04,201812,WESTERN EUROPE-EU,SPAIN(CANARY ISLANDS),MANCHESTER,ARRECIFE,34603,28243,6360,31645,24361,7284,9.347448
05/02/2019 16:04,201812,WESTERN EUROPE-EU,SPAIN(CANARY ISLANDS),MANCHESTER,FUERTEVENTURA,18664,14749,3915,19306,14331,4975,-3.325391
05/02/2019 16:04,201812,WESTERN EUROPE-EU,SPAIN(CANARY ISLANDS),MANCHESTER,LAS PALMAS,21866,15964,5902,22411,15345,7066,-2.431842
05/02/2019 16:04,201812,WESTERN EUROPE-EU,SPAIN(CANARY ISLANDS),MANCHESTER,SANTA CRUZ DE LA PALMA,1968,0,1968,2233,0,2233,-11.867443
05/02/2019 16:04,201812,WESTERN EUROPE-EU,SPAIN(CANARY ISLANDS),MANCHESTER,TENERIFE (SURREINA SOFIA),66419,54102,12317,61110,45005,16105,8.687613
05/02/2019 16:04,201812,WESTERN EUROPE-EU,SPAIN(CANARY ISLANDS),NEWCASTLE,ARRECIFE,12738,12738,0,12202,12202,0,4.392723
05/02/2019 16:04,201812,WESTERN EUROPE-EU,SPAIN(CANARY ISLANDS),NEWCASTLE,FUERTEVENTURA,2983,2983,0,4108,4108,0,-27.385589
05/02/2019 16:04,201812,WESTERN EUROPE-EU,SPAIN(CANARY ISLANDS),NEWCASTLE,LAS PALMAS,4465,4465,0,3731,3731,0,19.67301
05/02/2019 16:04,201812,WESTERN EUROPE-EU,SPAIN(CANARY ISLANDS),NEWCASTLE,TENERIFE (SURREINA SOFIA),20645,20645,0,20972,20972,0,-1.559222
05/02/2019 16:04,201812,WESTERN EUROPE-EU,SPAIN(CANARY ISLANDS),NORWICH,TENERIFE (NORTE LOS RODEOS),0,0,0,2808,0,2808,-100
05/02/2019 16:04,201812,WESTERN EUROPE-EU,SPAIN(CANARY ISLANDS),NORWICH,TENERIFE (SURREINA SOFIA),1472,0,1472,0,0,0,0
05/02/2019 16:04,201812,WESTERN EUROPE-EU,SPAIN(CANARY ISLANDS),PRESTWICK,ARRECIFE,2204,2204,0,2274,2274,0,-3.078276
05/02/2019 16:04,201812,WESTERN EUROPE-EU,SPAIN(CANARY ISLANDS),PRESTWICK,FUERTEVENTURA,1370,1370,0,1609,1609,0,-14.853947
05/02/2019 16:04,201812,WESTERN EUROPE-EU,SPAIN(CANARY ISLANDS),PRESTWICK,LAS PALMAS,0,0,0,883,883,0,-100
05/02/2019 16:04,201812,WESTERN EUROPE-EU,SPAIN(CANARY ISLANDS),PRESTWICK,TENERIFE (SURREINA SOFIA),6031,6031,0,5568,5568,0,8.315374
05/02/2019 16:04,201812,WESTERN EUROPE-EU,SWEDEN,GATWICK,GOTEBORG (LANDVETTER),15633,15633,0,16234,16234,0,-3.702107
05/02/2019 16:04,201812,WESTERN EUROPE-EU,SWEDEN,GATWICK,OSTERSUND / FROSON,1491,1491,0,1750,1750,0,-14.8
05/02/2019 16:04,201812,WESTERN EUROPE-EU,SWEDEN,GATWICK,PAJALA YLLAS,0,0,0,378,0,378,-100
05/02/2019 16:04,201812,WESTERN EUROPE-EU,SWEDEN,GATWICK,STOCKHOLM (ARLANDA),37294,37294,0,37528,37528,0,-0.623534
05/02/2019 16:04,201812,WESTERN EUROPE-EU,SWEDEN,HEATHROW,GOTEBORG (LANDVETTER),22157,22157,0,18089,18089,0,22.488805
05/02/2019 16:04,201812,WESTERN EUROPE-EU,SWEDEN,HEATHROW,KIRUNA,699,0,699,838,0,838,-16.587112
05/02/2019 16:04,201812,WESTERN EUROPE-EU,SWEDEN,HEATHROW,STOCKHOLM (ARLANDA),77592,77592,0,82548,82548,0,-6.00378
05/02/2019 16:04,201812,WESTERN EUROPE-EU,SWEDEN,LUTON,STOCKHOLM (ARLANDA),2712,2712,0,5178,5178,0,-47.624565
05/02/2019 16:04,201812,WESTERN EUROPE-EU,SWEDEN,STANSTED,GOTEBORG (LANDVETTER),12608,12608,0,11685,11685,0,7.899016
05/02/2019 16:04,201812,WESTERN EUROPE-EU,SWEDEN,STANSTED,PAJALA YLLAS,378,0,378,0,0,0,0
05/02/2019 16:04,201812,WESTERN EUROPE-EU,SWEDEN,STANSTED,STOCKHOLM (SKAVSTA),20770,20770,0,21655,21655,0,-4.086816
05/02/2019 16:04,201812,WESTERN EUROPE-EU,SWEDEN,STANSTED,VASTERAS,5908,5908,0,5810,5810,0,1.686747
05/02/2019 16:04,201812,WESTERN EUROPE-EU,SWEDEN,BIRMINGHAM,GOTEBORG (LANDVETTER),159,159,0,1377,1377,0,-88.453159
05/02/2019 16:04,201812,WESTERN EUROPE-EU,SWEDEN,BIRMINGHAM,PAJALA YLLAS,378,0,378,374,0,374,1.069519
05/02/2019 16:04,201812,WESTERN EUROPE-EU,SWEDEN,BIRMINGHAM,STOCKHOLM (ARLANDA),395,395,0,0,0,0,0
05/02/2019 16:04,201812,WESTERN EUROPE-EU,SWEDEN,BOURNEMOUTH,PAJALA YLLAS,0,0,0,378,0,378,-100
05/02/2019 16:04,201812,WESTERN EUROPE-EU,SWEDEN,BRISTOL,GOTEBORG (LANDVETTER),116,116,0,0,0,0,0
05/02/2019 16:04,201812,WESTERN EUROPE-EU,SWEDEN,BRISTOL,OSTERSUND / FROSON,522,522,0,0,0,0,0
05/02/2019 16:04,201812,WESTERN EUROPE-EU,SWEDEN,BRISTOL,STOCKHOLM (ARLANDA),2581,2581,0,2165,2165,0,19.214781
05/02/2019 16:04,201812,WESTERN EUROPE-EU,SWEDEN,CARDIFF WALES,PAJALA YLLAS,374,0,374,379,0,379,-1.319261
05/02/2019 16:04,201812,WESTERN EUROPE-EU,SWEDEN,DURHAM TEES VALLEY,PAJALA YLLAS,374,0,374,384,0,384,-2.604167
05/02/2019 16:04,201812,WESTERN EUROPE-EU,SWEDEN,EAST MIDLANDS INTERNATIONAL,STOCKHOLM (ARLANDA),0,0,0,48,0,48,-100
05/02/2019 16:04,201812,WESTERN EUROPE-EU,SWEDEN,EDINBURGH,GOTEBORG (LANDVETTER),2593,2593,0,0,0,0,0
05/02/2019 16:04,201812,WESTERN EUROPE-EU,SWEDEN,EDINBURGH,STOCKHOLM (ARLANDA),7837,7837,0,8180,8180,0,-4.193154
05/02/2019 16:04,201812,WESTERN EUROPE-EU,SWEDEN,EDINBURGH,STOCKHOLM (SKAVSTA),3019,3019,0,0,0,0,0
05/02/2019 16:04,201812,WESTERN EUROPE-EU,SWEDEN,EXETER,PAJALA YLLAS,0,0,0,374,0,374,-100
05/02/2019 16:04,201812,WESTERN EUROPE-EU,SWEDEN,GLASGOW,LULEA,0,0,0,184,0,184,-100
05/02/2019 16:04,201812,WESTERN EUROPE-EU,SWEDEN,GLASGOW,PAJALA YLLAS,375,0,375,0,0,0,0
05/02/2019 16:04,201812,WESTERN EUROPE-EU,SWEDEN,GLASGOW,SATENAS,0,0,0,184,0,184,-100
05/02/2019 16:04,201812,WESTERN EUROPE-EU,SWEDEN,HUMBERSIDE,PAJALA YLLAS,376,0,376,378,0,378,-0.529101
05/02/2019 16:04,201812,WESTERN EUROPE-EU,SWEDEN,ISLE OF MAN,PAJALA YLLAS,308,0,308,342,0,342,-9.94152
05/02/2019 16:04,201812,WESTERN EUROPE-EU,SWEDEN,LEEDS BRADFORD,PAJALA YLLAS,374,0,374,376,0,376,-0.531915
05/02/2019 16:04,201812,WESTERN EUROPE-EU,SWEDEN,LIVERPOOL (JOHN LENNON),PAJALA YLLAS,374,0,374,0,0,0,0
05/02/2019 16:04,201812,WESTERN EUROPE-EU,SWEDEN,LIVERPOOL (JOHN LENNON),STOCKHOLM (ARLANDA),168,168,0,0,0,0,0
05/02/2019 16:04,201812,WESTERN EUROPE-EU,SWEDEN,MANCHESTER,GOTEBORG (LANDVETTER),212,212,0,147,147,0,44.217687
05/02/2019 16:04,201812,WESTERN EUROPE-EU,SWEDEN,MANCHESTER,STOCKHOLM (ARLANDA),15523,15523,0,15781,15781,0,-1.634877
05/02/2019 16:04,201812,WESTERN EUROPE-EU,SWEDEN,NORWICH,PAJALA YLLAS,374,0,374,374,374,0,0
05/02/2019 16:04,201812,WESTERN EUROPE-OTHER,FAROE ISLANDS,EDINBURGH,VAGAR,941,941,0,1087,1087,0,-13.431463
05/02/2019 16:04,201812,WESTERN EUROPE-OTHER,ICELAND,GATWICK,KEFLAVIK,38378,35015,3363,46438,43100,3338,-17.356475
05/02/2019 16:04,201812,WESTERN EUROPE-OTHER,ICELAND,HEATHROW,KEFLAVIK,30506,30506,0,34110,34110,0,-10.565816
05/02/2019 16:04,201812,WESTERN EUROPE-OTHER,ICELAND,LONDON CITY,KEFLAVIK,1204,1204,0,1141,1141,0,5.521472
05/02/2019 16:04,201812,WESTERN EUROPE-OTHER,ICELAND,LUTON,KEFLAVIK,26480,26480,0,19220,19220,0,37.773153
05/02/2019 16:04,201812,WESTERN EUROPE-OTHER,ICELAND,STANSTED,AKUREYRI,30,0,30,0,0,0,0
05/02/2019 16:04,201812,WESTERN EUROPE-OTHER,ICELAND,STANSTED,KEFLAVIK,3105,3105,0,3618,3618,0,-14.179104
05/02/2019 16:04,201812,WESTERN EUROPE-OTHER,ICELAND,ABERDEEN,AKUREYRI,0,0,0,71,71,0,-100
05/02/2019 16:04,201812,WESTERN EUROPE-OTHER,ICELAND,ABERDEEN,KEFLAVIK,0,0,0,718,718,0,-100
05/02/2019 16:04,201812,WESTERN EUROPE-OTHER,ICELAND,BELFAST CITY (GEORGE BEST),KEFLAVIK,0,0,0,635,635,0,-100
05/02/2019 16:04,201812,WESTERN EUROPE-OTHER,ICELAND,BELFAST INTERNATIONAL,KEFLAVIK,2428,2428,0,2290,2290,0,6.026201
05/02/2019 16:04,201812,WESTERN EUROPE-OTHER,ICELAND,BIRMINGHAM,KEFLAVIK,0,0,0,3007,3007,0,-100
05/02/2019 16:04,201812,WESTERN EUROPE-OTHER,ICELAND,BRISTOL,KEFLAVIK,3535,3535,0,3630,3630,0,-2.61708
05/02/2019 16:04,201812,WESTERN EUROPE-OTHER,ICELAND,CARDIFF WALES,AKUREYRI,324,0,324,0,0,0,0
05/02/2019 16:04,201812,WESTERN EUROPE-OTHER,ICELAND,EDINBURGH,AKUREYRI,162,162,0,0,0,0,0
05/02/2019 16:04,201812,WESTERN EUROPE-OTHER,ICELAND,EDINBURGH,KEFLAVIK,6855,6855,0,11475,11475,0,-40.261438
05/02/2019 16:04,201812,WESTERN EUROPE-OTHER,ICELAND,EXETER,AKUREYRI,241,0,241,0,0,0,0
05/02/2019 16:04,201812,WESTERN EUROPE-OTHER,ICELAND,GLASGOW,EGILSSTADIR,188,0,188,0,0,0,0
05/02/2019 16:04,201812,WESTERN EUROPE-OTHER,ICELAND,GLASGOW,KEFLAVIK,8968,8968,0,8847,8847,0,1.367695
05/02/2019 16:04,201812,WESTERN EUROPE-OTHER,ICELAND,HUMBERSIDE,AKUREYRI,210,0,210,0,0,0,0
05/02/2019 16:04,201812,WESTERN EUROPE-OTHER,ICELAND,LEEDS BRADFORD,AKUREYRI,175,0,175,0,0,0,0
05/02/2019 16:04,201812,WESTERN EUROPE-OTHER,ICELAND,LIVERPOOL (JOHN LENNON),AKUREYRI,186,0,186,372,0,372,-50
05/02/2019 16:04,201812,WESTERN EUROPE-OTHER,ICELAND,LIVERPOOL (JOHN LENNON),KEFLAVIK,170,170,0,0,0,0,0
05/02/2019 16:04,201812,WESTERN EUROPE-OTHER,ICELAND,MANCHESTER,AKUREYRI,233,0,233,0,0,0,0
05/02/2019 16:04,201812,WESTERN EUROPE-OTHER,ICELAND,MANCHESTER,EGILSSTADIR,0,0,0,195,0,195,-100
05/02/2019 16:04,201812,WESTERN EUROPE-OTHER,ICELAND,MANCHESTER,KEFLAVIK,25320,22090,3230,26380,23086,3294,-4.018196
05/02/2019 16:04,201812,WESTERN EUROPE-OTHER,ICELAND,NEWCASTLE,KEFLAVIK,0,0,0,142,0,142,-100
05/02/2019 16:04,201812,WESTERN EUROPE-OTHER,ICELAND,NORWICH,AKUREYRI,285,0,285,0,0,0,0
05/02/2019 16:04,201812,WESTERN EUROPE-OTHER,KOSOVO,GATWICK,PRISTINA,0,0,0,1046,1046,0,-100
05/02/2019 16:04,201812,WESTERN EUROPE-OTHER,KOSOVO,LUTON,PRISTINA,6337,6337,0,3085,3085,0,105.41329
05/02/2019 16:04,201812,WESTERN EUROPE-OTHER,MACEDONIA,LUTON,SKOPJE,4960,4960,0,4733,4733,0,4.796112
05/02/2019 16:04,201812,WESTERN EUROPE-OTHER,MACEDONIA,DONCASTER SHEFFIELD,SKOPJE,0,0,0,165,165,0,-100
05/02/2019 16:04,201812,WESTERN EUROPE-OTHER,NORWAY,GATWICK,BERGEN,16435,16435,0,17428,17428,0,-5.697728
05/02/2019 16:04,201812,WESTERN EUROPE-OTHER,NORWAY,GATWICK,FAGERNES/LEIRIN,0,0,0,375,0,375,-100
05/02/2019 16:04,201812,WESTERN EUROPE-OTHER,NORWAY,GATWICK,OSLO (GARDERMOEN),36452,36452,0,38524,38274,250,-5.378465
05/02/2019 16:04,201812,WESTERN EUROPE-OTHER,NORWAY,GATWICK,STAVANGER,7672,7672,0,10018,10018,0,-23.417848
05/02/2019 16:04,201812,WESTERN EUROPE-OTHER,NORWAY,GATWICK,TROMSOE,5124,5124,0,4015,4015,0,27.62142
05/02/2019 16:04,201812,WESTERN EUROPE-OTHER,NORWAY,GATWICK,TRONDHEIM (VAERNES),5672,5672,0,5689,5689,0,-0.298822
05/02/2019 16:04,201812,WESTERN EUROPE-OTHER,NORWAY,HEATHROW,OSLO (GARDERMOEN),54620,54620,0,52644,52644,0,3.753514
05/02/2019 16:04,201812,WESTERN EUROPE-OTHER,NORWAY,HEATHROW,STAVANGER,7210,7210,0,7122,7122,0,1.235608
05/02/2019 16:04,201812,WESTERN EUROPE-OTHER,NORWAY,LUTON,TROMSOE,1586,1586,0,0,0,0,0
05/02/2019 16:04,201812,WESTERN EUROPE-OTHER,NORWAY,STANSTED,KRISTIANSAND (KJEVIK),1628,1628,0,0,0,0,0
05/02/2019 16:04,201812,WESTERN EUROPE-OTHER,NORWAY,STANSTED,OSLO (GARDERMOEN),26005,26005,0,23850,23850,0,9.035639
05/02/2019 16:04,201812,WESTERN EUROPE-OTHER,NORWAY,STANSTED,SANDEFJORD(TORP),3545,3545,0,3475,3475,0,2.014388
05/02/2019 16:04,201812,WESTERN EUROPE-OTHER,NORWAY,ABERDEEN,BERGEN,2623,2623,0,2607,2607,0,0.613732
05/02/2019 16:04,201812,WESTERN EUROPE-OTHER,NORWAY,ABERDEEN,OSLO (GARDERMOEN),2173,2173,0,2135,2135,0,1.779859
05/02/2019 16:04,201812,WESTERN EUROPE-OTHER,NORWAY,ABERDEEN,STAVANGER,6618,6618,0,6252,6252,0,5.854127
05/02/2019 16:04,201812,WESTERN EUROPE-OTHER,NORWAY,BIRMINGHAM,TROMSOE,139,139,0,0,0,0,0
05/02/2019 16:04,201812,WESTERN EUROPE-OTHER,NORWAY,CARDIFF WALES,OSLO (GARDERMOEN),4,0,4,0,0,0,0
05/02/2019 16:04,201812,WESTERN EUROPE-OTHER,NORWAY,EDINBURGH,OSLO (GARDERMOEN),9793,9793,0,6239,6239,0,56.964257
05/02/2019 16:04,201812,WESTERN EUROPE-OTHER,NORWAY,GLASGOW,BERGEN,184,0,184,0,0,0,0
05/02/2019 16:04,201812,WESTERN EUROPE-OTHER,NORWAY,INVERNESS,BERGEN,110,110,0,0,0,0,0
05/02/2019 16:04,201812,WESTERN EUROPE-OTHER,NORWAY,LIVERPOOL (JOHN LENNON),BERGEN,817,817,0,0,0,0,0
05/02/2019 16:04,201812,WESTERN EUROPE-OTHER,NORWAY,LIVERPOOL (JOHN LENNON),OSLO (GARDERMOEN),911,0,911,0,0,0,0
05/02/2019 16:04,201812,WESTERN EUROPE-OTHER,NORWAY,LIVERPOOL (JOHN LENNON),STAVANGER,78,0,78,0,0,0,0
05/02/2019 16:04,201812,WESTERN EUROPE-OTHER,NORWAY,MANCHESTER,BERGEN,507,507,0,748,748,0,-32.219251
05/02/2019 16:04,201812,WESTERN EUROPE-OTHER,NORWAY,MANCHESTER,OSLO (GARDERMOEN),11826,11826,0,11729,11729,0,0.82701
05/02/2019 16:04,201812,WESTERN EUROPE-OTHER,NORWAY,MANCHESTER,SANDEFJORD(TORP),5220,5220,0,5957,5957,0,-12.371999
05/02/2019 16:04,201812,WESTERN EUROPE-OTHER,NORWAY,MANCHESTER,STAVANGER,3084,3084,0,2231,2231,0,38.233976
05/02/2019 16:04,201812,WESTERN EUROPE-OTHER,NORWAY,NEWCASTLE,STAVANGER,920,920,0,749,749,0,22.830441
05/02/2019 16:04,201812,WESTERN EUROPE-OTHER,REPUBLIC OF MONTENEGRO,STANSTED,PODGORICA,2910,2910,0,2886,2886,0,0.831601
05/02/2019 16:04,201812,WESTERN EUROPE-OTHER,REPUBLIC OF SERBIA,HEATHROW,BELGRADE,6399,6399,0,6731,6731,0,-4.932402
05/02/2019 16:04,201812,WESTERN EUROPE-OTHER,REPUBLIC OF SERBIA,LUTON,BELGRADE,3955,3955,0,4205,4205,0,-5.945303
05/02/2019 16:04,201812,WESTERN EUROPE-OTHER,SWITZERLAND,GATWICK,BALE MULHOUSE,23856,23856,0,25749,25749,0,-7.351742
05/02/2019 16:04,201812,WESTERN EUROPE-OTHER,SWITZERLAND,GATWICK,GENEVA,82054,79483,2571,88155,83743,4412,-6.920765
05/02/2019 16:04,201812,WESTERN EUROPE-OTHER,SWITZERLAND,GATWICK,ZURICH,13893,13893,0,14935,14935,0,-6.9769
05/02/2019 16:04,201812,WESTERN EUROPE-OTHER,SWITZERLAND,HEATHROW,BALE MULHOUSE,21696,21696,0,23576,23576,0,-7.974211
05/02/2019 16:04,201812,WESTERN EUROPE-OTHER,SWITZERLAND,HEATHROW,GENEVA,89558,89558,0,85826,85826,0,4.348333
05/02/2019 16:04,201812,WESTERN EUROPE-OTHER,SWITZERLAND,HEATHROW,ZURICH,100460,100460,0,97726,97726,0,2.797618
05/02/2019 16:04,201812,WESTERN EUROPE-OTHER,SWITZERLAND,LONDON CITY,BERNE,0,0,0,533,533,0,-100
05/02/2019 16:04,201812,WESTERN EUROPE-OTHER,SWITZERLAND,LONDON CITY,GENEVA,18039,18039,0,15417,15417,0,17.0072
05/02/2019 16:04,201812,WESTERN EUROPE-OTHER,SWITZERLAND,LONDON CITY,ZURICH,33600,33600,0,33245,33245,0,1.06783
05/02/2019 16:04,201812,WESTERN EUROPE-OTHER,SWITZERLAND,LUTON,BALE MULHOUSE,6089,6089,0,5520,5520,0,10.307971
05/02/2019 16:04,201812,WESTERN EUROPE-OTHER,SWITZERLAND,LUTON,GENEVA,35836,35836,0,35319,35319,0,1.463801
05/02/2019 16:04,201812,WESTERN EUROPE-OTHER,SWITZERLAND,LUTON,ZURICH,12679,12679,0,12896,12896,0,-1.682692
05/02/2019 16:04,201812,WESTERN EUROPE-OTHER,SWITZERLAND,SOUTHEND,GENEVA,4728,4728,0,5777,5777,0,-18.158214
05/02/2019 16:04,201812,WESTERN EUROPE-OTHER,SWITZERLAND,STANSTED,BALE MULHOUSE,0,0,0,6413,6413,0,-100
05/02/2019 16:04,201812,WESTERN EUROPE-OTHER,SWITZERLAND,STANSTED,GENEVA,11178,11178,0,12143,12143,0,-7.946965
05/02/2019 16:04,201812,WESTERN EUROPE-OTHER,SWITZERLAND,ABERDEEN,GENEVA,767,767,0,1230,1230,0,-37.642276
05/02/2019 16:04,201812,WESTERN EUROPE-OTHER,SWITZERLAND,BELFAST INTERNATIONAL,GENEVA,3736,3736,0,3916,3916,0,-4.596527
05/02/2019 16:04,201812,WESTERN EUROPE-OTHER,SWITZERLAND,BIRMINGHAM,BALE MULHOUSE,143,143,0,0,0,0,0
05/02/2019 16:04,201812,WESTERN EUROPE-OTHER,SWITZERLAND,BIRMINGHAM,GENEVA,12865,12649,216,15475,15286,189,-16.865913
05/02/2019 16:04,201812,WESTERN EUROPE-OTHER,SWITZERLAND,BIRMINGHAM,ZURICH,9124,9124,0,9625,9625,0,-5.205195
05/02/2019 16:04,201812,WESTERN EUROPE-OTHER,SWITZERLAND,BOURNEMOUTH,GENEVA,4061,4061,0,4441,4441,0,-8.556631
05/02/2019 16:04,201812,WESTERN EUROPE-OTHER,SWITZERLAND,BRISTOL,BALE MULHOUSE,3575,3357,218,3535,3535,0,1.131542
05/02/2019 16:04,201812,WESTERN EUROPE-OTHER,SWITZERLAND,BRISTOL,GENEVA,23386,22010,1376,21442,21246,196,9.066318
05/02/2019 16:04,201812,WESTERN EUROPE-OTHER,SWITZERLAND,CARDIFF WALES,GENEVA,466,466,0,472,472,0,-1.271186
05/02/2019 16:04,201812,WESTERN EUROPE-OTHER,SWITZERLAND,CARDIFF WALES,ZURICH,0,0,0,128,128,0,-100
05/02/2019 16:04,201812,WESTERN EUROPE-OTHER,SWITZERLAND,EAST MIDLANDS INTERNATIONAL,GENEVA,503,503,0,2014,2014,0,-75.024826
05/02/2019 16:04,201812,WESTERN EUROPE-OTHER,SWITZERLAND,EDINBURGH,BALE MULHOUSE,5575,5575,0,5571,5571,0,0.0718
05/02/2019 16:04,201812,WESTERN EUROPE-OTHER,SWITZERLAND,EDINBURGH,GENEVA,15627,15208,419,15217,14694,523,2.694355
05/02/2019 16:04,201812,WESTERN EUROPE-OTHER,SWITZERLAND,EDINBURGH,ZURICH,1364,1364,0,375,375,0,263.733333
05/02/2019 16:04,201812,WESTERN EUROPE-OTHER,SWITZERLAND,EXETER,GENEVA,304,304,0,364,364,0,-16.483516
05/02/2019 16:04,201812,WESTERN EUROPE-OTHER,SWITZERLAND,GLASGOW,GENEVA,2255,2255,0,2356,2356,0,-4.286927
05/02/2019 16:04,201812,WESTERN EUROPE-OTHER,SWITZERLAND,ISLE OF MAN,GENEVA,338,338,0,241,0,241,40.248963
05/02/2019 16:04,201812,WESTERN EUROPE-OTHER,SWITZERLAND,JERSEY,GENEVA,349,349,0,356,356,0,-1.966292
05/02/2019 16:04,201812,WESTERN EUROPE-OTHER,SWITZERLAND,LEEDS BRADFORD,GENEVA,2379,2379,0,2183,2183,0,8.97847
05/02/2019 16:04,201812,WESTERN EUROPE-OTHER,SWITZERLAND,LIVERPOOL (JOHN LENNON),GENEVA,13294,13294,0,14399,14399,0,-7.674144
05/02/2019 16:04,201812,WESTERN EUROPE-OTHER,SWITZERLAND,MANCHESTER,BALE MULHOUSE,10636,10636,0,9863,9863,0,7.837372
05/02/2019 16:04,201812,WESTERN EUROPE-OTHER,SWITZERLAND,MANCHESTER,GENEVA,26063,25517,546,24772,23800,972,5.211529
05/02/2019 16:04,201812,WESTERN EUROPE-OTHER,SWITZERLAND,MANCHESTER,ZURICH,13475,13475,0,13593,13593,0,-0.868094
05/02/2019 16:04,201812,WESTERN EUROPE-OTHER,SWITZERLAND,NEWCASTLE,GENEVA,5817,5817,0,6403,6403,0,-9.15196
05/02/2019 16:04,201812,WESTERN EUROPE-OTHER,SWITZERLAND,SOUTHAMPTON,GENEVA,2608,2608,0,3085,3085,0,-15.461912
05/02/2019 16:04,201812,WESTERN EUROPE-OTHER,TURKEY,GATWICK,ANTALYA,2906,2160,746,4710,3503,1207,-38.301486
05/02/2019 16:04,201812,WESTERN EUROPE-OTHER,TURKEY,GATWICK,DALAMAN,3246,3246,0,1048,1048,0,209.732824
05/02/2019 16:04,201812,WESTERN EUROPE-OTHER,TURKEY,GATWICK,ISTANBUL,17588,17588,0,19668,19668,0,-10.575554
05/02/2019 16:04,201812,WESTERN EUROPE-OTHER,TURKEY,GATWICK,ISTANBUL (SABIHA GOKCEN),4829,4829,0,5778,5778,0,-16.424368
05/02/2019 16:04,201812,WESTERN EUROPE-OTHER,TURKEY,HEATHROW,ISTANBUL,87335,87335,0,85550,85550,0,2.086499
05/02/2019 16:04,201812,WESTERN EUROPE-OTHER,TURKEY,HEATHROW,ISTANBUL (SABIHA GOKCEN),151,151,0,0,0,0,0
05/02/2019 16:04,201812,WESTERN EUROPE-OTHER,TURKEY,STANSTED,ANTALYA,1633,1633,0,0,0,0,0
05/02/2019 16:04,201812,WESTERN EUROPE-OTHER,TURKEY,STANSTED,ISTANBUL,8812,8812,0,8787,8787,0,0.284511
05/02/2019 16:04,201812,WESTERN EUROPE-OTHER,TURKEY,STANSTED,ISTANBUL (SABIHA GOKCEN),32576,32576,0,28166,28166,0,15.657175
05/02/2019 16:04,201812,WESTERN EUROPE-OTHER,TURKEY,STANSTED,IZMIR (ADNAN MENDERES),4263,4263,0,3826,3826,0,11.42185
05/02/2019 16:04,201812,WESTERN EUROPE-OTHER,TURKEY,BIRMINGHAM,ANTALYA,1310,1310,0,500,0,500,162
05/02/2019 16:04,201812,WESTERN EUROPE-OTHER,TURKEY,BIRMINGHAM,DALAMAN,216,216,0,0,0,0,0
05/02/2019 16:04,201812,WESTERN EUROPE-OTHER,TURKEY,BIRMINGHAM,ISTANBUL,10565,10565,0,9754,9754,0,8.314538
05/02/2019 16:04,201812,WESTERN EUROPE-OTHER,TURKEY,BRISTOL,ANTALYA,196,0,196,0,0,0,0
05/02/2019 16:04,201812,WESTERN EUROPE-OTHER,TURKEY,EDINBURGH,ISTANBUL,5724,5724,0,5213,5213,0,9.802417
05/02/2019 16:04,201812,WESTERN EUROPE-OTHER,TURKEY,GLASGOW,ANTALYA,1689,1689,0,1689,1689,0,0
05/02/2019 16:04,201812,WESTERN EUROPE-OTHER,TURKEY,MANCHESTER,ANTALYA,5594,5408,186,3693,3098,595,51.475765
05/02/2019 16:04,201812,WESTERN EUROPE-OTHER,TURKEY,MANCHESTER,DALAMAN,1993,1993,0,824,824,0,141.868932
05/02/2019 16:04,201812,WESTERN EUROPE-OTHER,TURKEY,MANCHESTER,ISTANBUL,20610,20355,255,20709,20627,82,-0.478053
05/02/2019 16:04,201812,EASTERN EUROPE-EU,BULGARIA,GATWICK,SOFIA,13111,12006,1105,12690,11630,1060,3.317573
05/02/2019 16:04,201812,EASTERN EUROPE-EU,BULGARIA,HEATHROW,SOFIA,13261,13261,0,13408,13408,0,-1.09636
05/02/2019 16:04,201812,EASTERN EUROPE-EU,BULGARIA,LUTON,BURGAS,4153,4153,0,4291,4291,0,-3.216034
05/02/2019 16:04,201812,EASTERN EUROPE-EU,BULGARIA,LUTON,SOFIA,24279,24279,0,20694,20694,0,17.323862
05/02/2019 16:04,201812,EASTERN EUROPE-EU,BULGARIA,LUTON,VARNA,7456,7456,0,8528,8528,0,-12.570356
05/02/2019 16:04,201812,EASTERN EUROPE-EU,BULGARIA,SOUTHEND,SOFIA,1391,1391,0,0,0,0,0
05/02/2019 16:04,201812,EASTERN EUROPE-EU,BULGARIA,STANSTED,PLOVDIV,4818,4818,0,5147,5147,0,-6.392073
05/02/2019 16:04,201812,EASTERN EUROPE-EU,BULGARIA,STANSTED,SOFIA,21622,21622,0,19040,19040,0,13.560924
05/02/2019 16:04,201812,EASTERN EUROPE-EU,BULGARIA,BELFAST INTERNATIONAL,PLOVDIV,645,0,645,221,0,221,191.855204
05/02/2019 16:04,201812,EASTERN EUROPE-EU,BULGARIA,BIRMINGHAM,SOFIA,5429,4876,553,5382,4772,610,0.873281
05/02/2019 16:04,201812,EASTERN EUROPE-EU,BULGARIA,BRISTOL,SOFIA,3929,2813,1116,527,0,527,645.540797
05/02/2019 16:04,201812,EASTERN EUROPE-EU,BULGARIA,EAST MIDLANDS INTERNATIONAL,SOFIA,398,0,398,425,0,425,-6.352941
05/02/2019 16:04,201812,EASTERN EUROPE-EU,BULGARIA,EDINBURGH,SOFIA,4215,4215,0,1453,1453,0,190.08947
05/02/2019 16:04,201812,EASTERN EUROPE-EU,BULGARIA,GLASGOW,SOFIA,0,0,0,2854,2854,0,-100
05/02/2019 16:04,201812,EASTERN EUROPE-EU,BULGARIA,LEEDS BRADFORD,SOFIA,0,0,0,167,167,0,-100
05/02/2019 16:04,201812,EASTERN EUROPE-EU,BULGARIA,LIVERPOOL (JOHN LENNON),SOFIA,2763,2763,0,2525,2525,0,9.425743
05/02/2019 16:04,201812,EASTERN EUROPE-EU,BULGARIA,MANCHESTER,SOFIA,7306,6198,1108,6804,5954,850,7.378013
05/02/2019 16:04,201812,EASTERN EUROPE-EU,BULGARIA,NEWCASTLE,SOFIA,243,243,0,148,148,0,64.189189
05/02/2019 16:04,201812,EASTERN EUROPE-EU,CZECH REPUBLIC,GATWICK,PRAGUE,24242,24242,0,24438,24415,23,-0.80203
05/02/2019 16:04,201812,EASTERN EUROPE-EU,CZECH REPUBLIC,HEATHROW,PRAGUE,40652,40652,0,33257,33257,0,22.23592
05/02/2019 16:04,201812,EASTERN EUROPE-EU,CZECH REPUBLIC,LONDON CITY,PRAGUE,4093,4093,0,3396,3396,0,20.524146
05/02/2019 16:04,201812,EASTERN EUROPE-EU,CZECH REPUBLIC,LUTON,BRNO (TURANY),0,0,0,3404,3404,0,-100
05/02/2019 16:04,201812,EASTERN EUROPE-EU,CZECH REPUBLIC,LUTON,PRAGUE,10680,10680,0,7408,7408,0,44.168467
05/02/2019 16:04,201812,EASTERN EUROPE-EU,CZECH REPUBLIC,SOUTHEND,PRAGUE,7227,7227,0,4172,4172,0,73.22627
05/02/2019 16:04,201812,EASTERN EUROPE-EU,CZECH REPUBLIC,STANSTED,BRNO (TURANY),7333,7333,0,7149,7149,0,2.573787
05/02/2019 16:04,201812,EASTERN EUROPE-EU,CZECH REPUBLIC,STANSTED,OSTRAVA,5461,5461,0,5098,5098,0,7.120439
05/02/2019 16:04,201812,EASTERN EUROPE-EU,CZECH REPUBLIC,STANSTED,PARDUBICE,3448,3448,0,3510,3510,0,-1.766382
05/02/2019 16:04,201812,EASTERN EUROPE-EU,CZECH REPUBLIC,STANSTED,PRAGUE,33718,33718,0,37004,37004,0,-8.880121
05/02/2019 16:04,201812,EASTERN EUROPE-EU,CZECH REPUBLIC,BELFAST INTERNATIONAL,PRAGUE,2710,2710,0,292,292,0,828.082192
05/02/2019 16:04,201812,EASTERN EUROPE-EU,CZECH REPUBLIC,BIRMINGHAM,PRAGUE,7978,7978,0,7434,7434,0,7.317729
05/02/2019 16:04,201812,EASTERN EUROPE-EU,CZECH REPUBLIC,BRISTOL,PRAGUE,9412,9412,0,8918,8918,0,5.539359
05/02/2019 16:04,201812,EASTERN EUROPE-EU,CZECH REPUBLIC,CARDIFF WALES,PRAGUE,138,0,138,0,0,0,0
05/02/2019 16:04,201812,EASTERN EUROPE-EU,CZECH REPUBLIC,EAST MIDLANDS INTERNATIONAL,PRAGUE,2437,2437,0,2628,2628,0,-7.267884
05/02/2019 16:04,201812,EASTERN EUROPE-EU,CZECH REPUBLIC,EDINBURGH,PRAGUE,9500,9500,0,11008,11008,0,-13.699128
05/02/2019 16:04,201812,EASTERN EUROPE-EU,CZECH REPUBLIC,GLASGOW,PRAGUE,2628,2628,0,2807,2807,0,-6.376915
05/02/2019 16:04,201812,EASTERN EUROPE-EU,CZECH REPUBLIC,GUERNSEY,PRAGUE,37,0,37,0,0,0,0
05/02/2019 16:04,201812,EASTERN EUROPE-EU,CZECH REPUBLIC,LEEDS BRADFORD,PRAGUE,2974,2974,0,2535,2535,0,17.317554
05/02/2019 16:04,201812,EASTERN EUROPE-EU,CZECH REPUBLIC,LIVERPOOL (JOHN LENNON),PRAGUE,6846,6846,0,5368,5368,0,27.533532
05/02/2019 16:04,201812,EASTERN EUROPE-EU,CZECH REPUBLIC,MANCHESTER,PRAGUE,18746,18746,0,16503,16503,0,13.591468
05/02/2019 16:04,201812,EASTERN EUROPE-EU,CZECH REPUBLIC,NEWCASTLE,PRAGUE,2431,2431,0,2714,2714,0,-10.427413
05/02/2019 16:04,201812,EASTERN EUROPE-EU,ESTONIA,GATWICK,TALLIN,4625,4625,0,4088,4088,0,13.136008
05/02/2019 16:04,201812,EASTERN EUROPE-EU,ESTONIA,HEATHROW,TALLIN,2971,2971,0,2373,2373,0,25.200169
05/02/2019 16:04,201812,EASTERN EUROPE-EU,ESTONIA,LUTON,TALLIN,4131,4131,0,0,0,0,0
05/02/2019 16:04,201812,EASTERN EUROPE-EU,ESTONIA,STANSTED,TALLIN,7761,7761,0,7192,7192,0,7.911568
05/02/2019 16:04,201812,EASTERN EUROPE-EU,ESTONIA,EDINBURGH,TALLIN,3051,3051,0,0,0,0,0
05/02/2019 16:04,201812,EASTERN EUROPE-EU,HUNGARY,GATWICK,BUDAPEST,17305,16799,506,17371,17371,0,-0.379944
05/02/2019 16:04,201812,EASTERN EUROPE-EU,HUNGARY,HEATHROW,BUDAPEST,26483,26483,0,22307,22307,0,18.720581
05/02/2019 16:04,201812,EASTERN EUROPE-EU,HUNGARY,LUTON,BUDAPEST,45993,45993,0,37427,37427,0,22.88722
05/02/2019 16:04,201812,EASTERN EUROPE-EU,HUNGARY,LUTON,DEBRECEN,10985,10985,0,9707,9707,0,13.165757
05/02/2019 16:04,201812,EASTERN EUROPE-EU,HUNGARY,SOUTHEND,BUDAPEST,4353,4353,0,1748,1748,0,149.02746
05/02/2019 16:04,201812,EASTERN EUROPE-EU,HUNGARY,STANSTED,BUDAPEST,35501,35501,0,33980,33980,0,4.476162
05/02/2019 16:04,201812,EASTERN EUROPE-EU,HUNGARY,BIRMINGHAM,BUDAPEST,3156,3156,0,3502,3502,0,-9.880069
05/02/2019 16:04,201812,EASTERN EUROPE-EU,HUNGARY,BRISTOL,BUDAPEST,4632,4632,0,5485,5485,0,-15.551504
05/02/2019 16:04,201812,EASTERN EUROPE-EU,HUNGARY,DONCASTER SHEFFIELD,BUDAPEST,3161,3161,0,211,211,0,1398.104265
05/02/2019 16:04,201812,EASTERN EUROPE-EU,HUNGARY,DONCASTER SHEFFIELD,DEBRECEN,1469,1469,0,0,0,0,0
05/02/2019 16:04,201812,EASTERN EUROPE-EU,HUNGARY,EAST MIDLANDS INTERNATIONAL,BUDAPEST,6237,6237,0,6117,6117,0,1.961746
05/02/2019 16:04,201812,EASTERN EUROPE-EU,HUNGARY,EDINBURGH,BUDAPEST,6600,6600,0,5429,5429,0,21.56935
05/02/2019 16:04,201812,EASTERN EUROPE-EU,HUNGARY,GLASGOW,BUDAPEST,2834,2834,0,2422,2422,0,17.010735
05/02/2019 16:04,201812,EASTERN EUROPE-EU,HUNGARY,LEEDS BRADFORD,BUDAPEST,2621,2621,0,2734,2734,0,-4.133138
05/02/2019 16:04,201812,EASTERN EUROPE-EU,HUNGARY,LIVERPOOL (JOHN LENNON),BUDAPEST,3934,3934,0,2607,2607,0,50.901419
05/02/2019 16:04,201812,EASTERN EUROPE-EU,HUNGARY,MANCHESTER,BUDAPEST,15108,14891,217,13769,13769,0,9.724744
05/02/2019 16:04,201812,EASTERN EUROPE-EU,LATVIA,GATWICK,RIGA,9339,9339,0,9100,9100,0,2.626374
05/02/2019 16:04,201812,EASTERN EUROPE-EU,LATVIA,LUTON,RIGA,15596,15596,0,13622,13622,0,14.491264
05/02/2019 16:04,201812,EASTERN EUROPE-EU,LATVIA,STANSTED,RIGA,20119,20119,0,20157,20157,0,-0.18852
05/02/2019 16:04,201812,EASTERN EUROPE-EU,LATVIA,DONCASTER SHEFFIELD,RIGA,3396,3396,0,3706,3706,0,-8.364814
05/02/2019 16:04,201812,EASTERN EUROPE-EU,LATVIA,EAST MIDLANDS INTERNATIONAL,RIGA,4603,4603,0,5000,5000,0,-7.94
05/02/2019 16:04,201812,EASTERN EUROPE-EU,LATVIA,EDINBURGH,RIGA,1476,1476,0,0,0,0,0
05/02/2019 16:04,201812,EASTERN EUROPE-EU,LATVIA,GLASGOW,RIGA,0,0,0,2144,2144,0,-100
05/02/2019 16:04,201812,EASTERN EUROPE-EU,LATVIA,LEEDS BRADFORD,RIGA,3175,3175,0,3413,3413,0,-6.973337
05/02/2019 16:04,201812,EASTERN EUROPE-EU,LATVIA,LIVERPOOL (JOHN LENNON),RIGA,0,0,0,2741,2741,0,-100
05/02/2019 16:04,201812,EASTERN EUROPE-EU,LATVIA,MANCHESTER,RIGA,3190,3190,0,4453,4453,0,-28.362901
05/02/2019 16:04,201812,EASTERN EUROPE-EU,LITHUANIA,LUTON,KAUNAS,19700,19700,0,17889,17889,0,10.12354
05/02/2019 16:04,201812,EASTERN EUROPE-EU,LITHUANIA,LUTON,PALANGA,5455,5455,0,3131,3131,0,74.225487
05/02/2019 16:04,201812,EASTERN EUROPE-EU,LITHUANIA,LUTON,VILNIUS,26094,26094,0,22411,22411,0,16.433894
05/02/2019 16:04,201812,EASTERN EUROPE-EU,LITHUANIA,STANSTED,KAUNAS,8516,8516,0,8371,8371,0,1.732171
05/02/2019 16:04,201812,EASTERN EUROPE-EU,LITHUANIA,STANSTED,PALANGA,3463,3463,0,3938,3938,0,-12.06196
05/02/2019 16:04,201812,EASTERN EUROPE-EU,LITHUANIA,STANSTED,VILNIUS,10252,10252,0,10957,10957,0,-6.434243
05/02/2019 16:04,201812,EASTERN EUROPE-EU,LITHUANIA,BELFAST INTERNATIONAL,VILNIUS,3511,3511,0,2843,2843,0,23.496307
05/02/2019 16:04,201812,EASTERN EUROPE-EU,LITHUANIA,BIRMINGHAM,KAUNAS,0,0,0,367,367,0,-100
05/02/2019 16:04,201812,EASTERN EUROPE-EU,LITHUANIA,BIRMINGHAM,VILNIUS,2333,2333,0,3188,3188,0,-26.819322
05/02/2019 16:04,201812,EASTERN EUROPE-EU,LITHUANIA,BRISTOL,KAUNAS,2734,2734,0,3290,3290,0,-16.899696
05/02/2019 16:04,201812,EASTERN EUROPE-EU,LITHUANIA,DONCASTER SHEFFIELD,PALANGA,0,0,0,7,7,0,-100
05/02/2019 16:04,201812,EASTERN EUROPE-EU,LITHUANIA,DONCASTER SHEFFIELD,VILNIUS,3210,3210,0,3258,3258,0,-1.473297
05/02/2019 16:04,201812,EASTERN EUROPE-EU,LITHUANIA,LEEDS BRADFORD,VILNIUS,2357,2357,0,2854,2854,0,-17.414156
05/02/2019 16:04,201812,EASTERN EUROPE-EU,LITHUANIA,LIVERPOOL (JOHN LENNON),VILNIUS,3107,3107,0,3373,3373,0,-7.886155
05/02/2019 16:04,201812,EASTERN EUROPE-EU,POLAND,GATWICK,KRAKOW,12724,12724,0,11918,11918,0,6.76288
05/02/2019 16:04,201812,EASTERN EUROPE-EU,POLAND,GATWICK,WARSAW (CHOPIN),5107,5107,0,0,0,0,0
05/02/2019 16:04,201812,EASTERN EUROPE-EU,POLAND,HEATHROW,KRAKOW,9617,9617,0,9434,9434,0,1.939792
05/02/2019 16:04,201812,EASTERN EUROPE-EU,POLAND,HEATHROW,WARSAW (CHOPIN),35912,35912,0,36367,36367,0,-1.251134
05/02/2019 16:04,201812,EASTERN EUROPE-EU,POLAND,LUTON,BYDGOSZCZ,4701,4701,0,4270,4270,0,10.093677
05/02/2019 16:04,201812,EASTERN EUROPE-EU,POLAND,LUTON,GDANSK,27387,27387,0,23408,23408,0,16.998462
05/02/2019 16:04,201812,EASTERN EUROPE-EU,POLAND,LUTON,KATOWICE,29236,29236,0,23989,23989,0,21.872525
05/02/2019 16:04,201812,EASTERN EUROPE-EU,POLAND,LUTON,KRAKOW,5471,5471,0,0,0,0,0
05/02/2019 16:04,201812,EASTERN EUROPE-EU,POLAND,LUTON,LUBLIN (PORT LOTNICZY),9563,9563,0,8485,8485,0,12.704773
05/02/2019 16:04,201812,EASTERN EUROPE-EU,POLAND,LUTON,POZNAN,13081,13081,0,13310,13310,0,-1.720511
05/02/2019 16:04,201812,EASTERN EUROPE-EU,POLAND,LUTON,RZESZOW,3979,3979,0,5281,5281,0,-24.654422
05/02/2019 16:04,201812,EASTERN EUROPE-EU,POLAND,LUTON,SZCZECIN (GOLENOW),0,0,0,3351,3351,0,-100
05/02/2019 16:04,201812,EASTERN EUROPE-EU,POLAND,LUTON,SZYMANY (MAZURY),2724,2724,0,2271,2271,0,19.94716
05/02/2019 16:04,201812,EASTERN EUROPE-EU,POLAND,LUTON,WARSAW (CHOPIN),37652,37652,0,34083,34083,0,10.471496
05/02/2019 16:04,201812,EASTERN EUROPE-EU,POLAND,LUTON,WROCLAW,12406,12406,0,9058,9058,0,36.961802
05/02/2019 16:04,201812,EASTERN EUROPE-EU,POLAND,STANSTED,BYDGOSZCZ,8834,8834,0,9058,9058,0,-2.472952
05/02/2019 16:04,201812,EASTERN EUROPE-EU,POLAND,STANSTED,GDANSK,15795,15795,0,14758,14758,0,7.026697
05/02/2019 16:04,201812,EASTERN EUROPE-EU,POLAND,STANSTED,KATOWICE,10756,10756,0,11211,11211,0,-4.058514
05/02/2019 16:04,201812,EASTERN EUROPE-EU,POLAND,STANSTED,KRAKOW,26744,26744,0,27424,27424,0,-2.47958
05/02/2019 16:04,201812,EASTERN EUROPE-EU,POLAND,STANSTED,LODZ LUBLINEK,9170,9170,0,8701,8701,0,5.390185
05/02/2019 16:04,201812,EASTERN EUROPE-EU,POLAND,STANSTED,LUBLIN (PORT LOTNICZY),6444,6444,0,6283,6283,0,2.56247
05/02/2019 16:04,201812,EASTERN EUROPE-EU,POLAND,STANSTED,POZNAN,12863,12863,0,12451,12451,0,3.308971
05/02/2019 16:04,201812,EASTERN EUROPE-EU,POLAND,STANSTED,RZESZOW,7982,7982,0,9170,9170,0,-12.955289
05/02/2019 16:04,201812,EASTERN EUROPE-EU,POLAND,STANSTED,SZCZECIN (GOLENOW),7271,7271,0,6571,6571,0,10.652869
05/02/2019 16:04,201812,EASTERN EUROPE-EU,POLAND,STANSTED,SZYMANY (MAZURY),4100,4100,0,4168,4168,0,-1.631478
05/02/2019 16:04,201812,EASTERN EUROPE-EU,POLAND,STANSTED,WARSAW (MODLIN MASOVIA),28424,28424,0,28192,28192,0,0.822928
05/02/2019 16:04,201812,EASTERN EUROPE-EU,POLAND,STANSTED,WROCLAW,16522,16522,0,16720,16720,0,-1.184211
05/02/2019 16:04,201812,EASTERN EUROPE-EU,POLAND,ABERDEEN,GDANSK,2872,2872,0,3182,3182,0,-9.7423
05/02/2019 16:04,201812,EASTERN EUROPE-EU,POLAND,ABERDEEN,WARSAW (CHOPIN),0,0,0,2501,2501,0,-100
05/02/2019 16:04,201812,EASTERN EUROPE-EU,POLAND,BELFAST INTERNATIONAL,GDANSK,2977,2977,0,2854,2854,0,4.309741
05/02/2019 16:04,201812,EASTERN EUROPE-EU,POLAND,BELFAST INTERNATIONAL,KRAKOW,7565,7565,0,8334,8334,0,-9.227262
05/02/2019 16:04,201812,EASTERN EUROPE-EU,POLAND,BELFAST INTERNATIONAL,WARSAW (MODLIN MASOVIA),2584,2584,0,2781,2781,0,-7.083783
05/02/2019 16:04,201812,EASTERN EUROPE-EU,POLAND,BELFAST INTERNATIONAL,WROCLAW,3040,3040,0,2566,2566,0,18.47233
05/02/2019 16:04,201812,EASTERN EUROPE-EU,POLAND,BIRMINGHAM,BYDGOSZCZ,4918,4918,0,4088,4088,0,20.303327
05/02/2019 16:04,201812,EASTERN EUROPE-EU,POLAND,BIRMINGHAM,GDANSK,3911,3911,0,3306,3306,0,18.30006
05/02/2019 16:04,201812,EASTERN EUROPE-EU,POLAND,BIRMINGHAM,KATOWICE,2705,2705,0,2711,2711,0,-0.221321
05/02/2019 16:04,201812,EASTERN EUROPE-EU,POLAND,BIRMINGHAM,KRAKOW,6404,6404,0,6977,6977,0,-8.212699
05/02/2019 16:04,201812,EASTERN EUROPE-EU,POLAND,BIRMINGHAM,POZNAN,2688,2688,0,2622,2622,0,2.517162
05/02/2019 16:04,201812,EASTERN EUROPE-EU,POLAND,BIRMINGHAM,RZESZOW,0,0,0,353,353,0,-100
05/02/2019 16:04,201812,EASTERN EUROPE-EU,POLAND,BIRMINGHAM,WARSAW (CHOPIN),3650,3650,0,4087,4087,0,-10.692439
05/02/2019 16:04,201812,EASTERN EUROPE-EU,POLAND,BIRMINGHAM,WARSAW (MODLIN MASOVIA),4768,4768,0,4520,4520,0,5.486726
05/02/2019 16:04,201812,EASTERN EUROPE-EU,POLAND,BIRMINGHAM,WROCLAW,2559,2559,0,2702,2702,0,-5.292376
05/02/2019 16:04,201812,EASTERN EUROPE-EU,POLAND,BOURNEMOUTH,KRAKOW,3141,3141,0,2892,2892,0,8.609959
05/02/2019 16:04,201812,EASTERN EUROPE-EU,POLAND,BRISTOL,GDANSK,3488,3488,0,4211,4211,0,-17.169318
05/02/2019 16:04,201812,EASTERN EUROPE-EU,POLAND,BRISTOL,KATOWICE,3272,3272,0,3886,3886,0,-15.800309
05/02/2019 16:04,201812,EASTERN EUROPE-EU,POLAND,BRISTOL,KRAKOW,13723,13723,0,11325,11325,0,21.174393
05/02/2019 16:04,201812,EASTERN EUROPE-EU,POLAND,BRISTOL,POZNAN,4782,4737,45,3352,3352,0,42.661098
05/02/2019 16:04,201812,EASTERN EUROPE-EU,POLAND,BRISTOL,RZESZOW,2859,2859,0,3199,3199,0,-10.628321
05/02/2019 16:04,201812,EASTERN EUROPE-EU,POLAND,BRISTOL,WARSAW (MODLIN MASOVIA),6449,6449,0,5906,5906,0,9.19404
05/02/2019 16:04,201812,EASTERN EUROPE-EU,POLAND,BRISTOL,WROCLAW,3796,3796,0,4045,4045,0,-6.155748
05/02/2019 16:04,201812,EASTERN EUROPE-EU,POLAND,DONCASTER SHEFFIELD,GDANSK,6253,6253,0,5477,5477,0,14.16834
05/02/2019 16:04,201812,EASTERN EUROPE-EU,POLAND,DONCASTER SHEFFIELD,KATOWICE,6357,6357,0,5161,5161,0,23.173804
05/02/2019 16:04,201812,EASTERN EUROPE-EU,POLAND,DONCASTER SHEFFIELD,KRAKOW,0,0,0,6,6,0,-100
05/02/2019 16:04,201812,EASTERN EUROPE-EU,POLAND,DONCASTER SHEFFIELD,LUBLIN (PORT LOTNICZY),0,0,0,3253,3253,0,-100
05/02/2019 16:04,201812,EASTERN EUROPE-EU,POLAND,DONCASTER SHEFFIELD,POZNAN,3945,3945,0,5269,5269,0,-25.128108
05/02/2019 16:04,201812,EASTERN EUROPE-EU,POLAND,DONCASTER SHEFFIELD,WARSAW (CHOPIN),4780,4780,0,5038,5038,0,-5.12108
05/02/2019 16:04,201812,EASTERN EUROPE-EU,POLAND,DONCASTER SHEFFIELD,WROCLAW,2594,2594,0,2998,2998,0,-13.47565
05/02/2019 16:04,201812,EASTERN EUROPE-EU,POLAND,EAST MIDLANDS INTERNATIONAL,GDANSK,0,0,0,185,185,0,-100
05/02/2019 16:04,201812,EASTERN EUROPE-EU,POLAND,EAST MIDLANDS INTERNATIONAL,KRAKOW,5247,5247,0,5364,5364,0,-2.181208
05/02/2019 16:04,201812,EASTERN EUROPE-EU,POLAND,EAST MIDLANDS INTERNATIONAL,LODZ LUBLINEK,3178,3178,0,3462,3462,0,-8.203351
05/02/2019 16:04,201812,EASTERN EUROPE-EU,POLAND,EAST MIDLANDS INTERNATIONAL,RZESZOW,4742,4742,0,4669,4669,0,1.563504
05/02/2019 16:04,201812,EASTERN EUROPE-EU,POLAND,EAST MIDLANDS INTERNATIONAL,WARSAW (MODLIN MASOVIA),5164,5164,0,4468,4468,0,15.57744
05/02/2019 16:04,201812,EASTERN EUROPE-EU,POLAND,EAST MIDLANDS INTERNATIONAL,WROCLAW,7616,7616,0,6183,6183,0,23.176452
05/02/2019 16:04,201812,EASTERN EUROPE-EU,POLAND,EDINBURGH,GDANSK,4830,4830,0,5040,5040,0,-4.166667
05/02/2019 16:04,201812,EASTERN EUROPE-EU,POLAND,EDINBURGH,KATOWICE,3073,3073,0,3357,3357,0,-8.459934
05/02/2019 16:04,201812,EASTERN EUROPE-EU,POLAND,EDINBURGH,KRAKOW,12335,12335,0,10028,10028,0,23.005584
05/02/2019 16:04,201812,EASTERN EUROPE-EU,POLAND,EDINBURGH,POZNAN,3180,3180,0,4100,4100,0,-22.439024
05/02/2019 16:04,201812,EASTERN EUROPE-EU,POLAND,EDINBURGH,WARSAW (MODLIN MASOVIA),6011,6011,0,5210,5210,0,15.37428
05/02/2019 16:04,201812,EASTERN EUROPE-EU,POLAND,EDINBURGH,WROCLAW,3106,3106,0,3200,3200,0,-2.9375
05/02/2019 16:04,201812,EASTERN EUROPE-EU,POLAND,GLASGOW,GDANSK,0,0,0,2925,2925,0,-100
05/02/2019 16:04,201812,EASTERN EUROPE-EU,POLAND,GLASGOW,KATOWICE,0,0,0,2642,2642,0,-100
05/02/2019 16:04,201812,EASTERN EUROPE-EU,POLAND,GLASGOW,KRAKOW,3061,3061,0,2885,2885,0,6.10052
05/02/2019 16:04,201812,EASTERN EUROPE-EU,POLAND,GLASGOW,WARSAW (MODLIN MASOVIA),0,0,0,4321,4321,0,-100
05/02/2019 16:04,201812,EASTERN EUROPE-EU,POLAND,GLASGOW,WROCLAW,3093,3093,0,3185,3185,0,-2.88854
05/02/2019 16:04,201812,EASTERN EUROPE-EU,POLAND,LEEDS BRADFORD,GDANSK,4739,4739,0,5166,5166,0,-8.265583
05/02/2019 16:04,201812,EASTERN EUROPE-EU,POLAND,LEEDS BRADFORD,KRAKOW,9214,9214,0,6204,6204,0,48.517086
05/02/2019 16:04,201812,EASTERN EUROPE-EU,POLAND,LEEDS BRADFORD,WARSAW (CHOPIN),0,0,0,123,123,0,-100
05/02/2019 16:04,201812,EASTERN EUROPE-EU,POLAND,LEEDS BRADFORD,WARSAW (MODLIN MASOVIA),3693,3693,0,3126,3126,0,18.138196
05/02/2019 16:04,201812,EASTERN EUROPE-EU,POLAND,LEEDS BRADFORD,WROCLAW,2629,2629,0,2459,2459,0,6.913379
05/02/2019 16:04,201812,EASTERN EUROPE-EU,POLAND,LIVERPOOL (JOHN LENNON),GDANSK,4483,4483,0,4026,4026,0,11.351217
05/02/2019 16:04,201812,EASTERN EUROPE-EU,POLAND,LIVERPOOL (JOHN LENNON),KATOWICE,3096,3096,0,3614,3614,0,-14.333149
05/02/2019 16:04,201812,EASTERN EUROPE-EU,POLAND,LIVERPOOL (JOHN LENNON),KRAKOW,8914,8914,0,8593,8593,0,3.735599
05/02/2019 16:04,201812,EASTERN EUROPE-EU,POLAND,LIVERPOOL (JOHN LENNON),LUBLIN (PORT LOTNICZY),0,0,0,1644,1644,0,-100
05/02/2019 16:04,201812,EASTERN EUROPE-EU,POLAND,LIVERPOOL (JOHN LENNON),POZNAN,3286,3286,0,3649,3649,0,-9.947931
05/02/2019 16:04,201812,EASTERN EUROPE-EU,POLAND,LIVERPOOL (JOHN LENNON),SZCZECIN (GOLENOW),3085,3085,0,2392,2392,0,28.971572
05/02/2019 16:04,201812,EASTERN EUROPE-EU,POLAND,LIVERPOOL (JOHN LENNON),WARSAW (CHOPIN),2842,2842,0,3638,3638,0,-21.880154
05/02/2019 16:04,201812,EASTERN EUROPE-EU,POLAND,LIVERPOOL (JOHN LENNON),WARSAW (MODLIN MASOVIA),5942,5942,0,6339,6339,0,-6.262817
05/02/2019 16:04,201812,EASTERN EUROPE-EU,POLAND,LIVERPOOL (JOHN LENNON),WROCLAW,3445,3445,0,4249,4249,0,-18.922099
05/02/2019 16:04,201812,EASTERN EUROPE-EU,POLAND,MANCHESTER,GDANSK,3841,3841,0,4359,4359,0,-11.88346
05/02/2019 16:04,201812,EASTERN EUROPE-EU,POLAND,MANCHESTER,KRAKOW,18301,18301,0,14828,14828,0,23.421905
05/02/2019 16:04,201812,EASTERN EUROPE-EU,POLAND,MANCHESTER,RZESZOW,3739,3739,0,4317,4317,0,-13.388927
05/02/2019 16:04,201812,EASTERN EUROPE-EU,POLAND,MANCHESTER,WARSAW (MODLIN MASOVIA),3864,3864,0,4680,4680,0,-17.435897
05/02/2019 16:04,201812,EASTERN EUROPE-EU,POLAND,MANCHESTER,WROCLAW,3036,3036,0,3269,3269,0,-7.127562
05/02/2019 16:04,201812,EASTERN EUROPE-EU,POLAND,NEWCASTLE,KRAKOW,2502,2502,0,2809,2809,0,-10.929156
05/02/2019 16:04,201812,EASTERN EUROPE-EU,POLAND,NEWCASTLE,WARSAW (MODLIN MASOVIA),2268,2268,0,2625,2625,0,-13.6
05/02/2019 16:04,201812,EASTERN EUROPE-EU,POLAND,NEWCASTLE,WROCLAW,2952,2952,0,2730,2730,0,8.131868
05/02/2019 16:04,201812,EASTERN EUROPE-EU,POLAND,PRESTWICK,RZESZOW,2550,2550,0,2040,2040,0,25
05/02/2019 16:04,201812,EASTERN EUROPE-EU,POLAND,SOUTHAMPTON,KRAKOW,0,0,0,149,149,0,-100
05/02/2019 16:04,201812,EASTERN EUROPE-EU,ROMANIA,GATWICK,BUCHAREST (OTOPENI),9842,9842,0,8775,8775,0,12.159544
05/02/2019 16:04,201812,EASTERN EUROPE-EU,ROMANIA,HEATHROW,BUCHAREST (OTOPENI),17977,17977,0,18722,18722,0,-3.979276
05/02/2019 16:04,201812,EASTERN EUROPE-EU,ROMANIA,LUTON,BACAU,6749,6749,0,5954,5954,0,13.352368
05/02/2019 16:04,201812,EASTERN EUROPE-EU,ROMANIA,LUTON,BUCHAREST (OTOPENI),47880,47880,0,39156,39156,0,22.28011
05/02/2019 16:04,201812,EASTERN EUROPE-EU,ROMANIA,LUTON,CLUJ NAPOCA,21223,21223,0,19985,19985,0,6.194646
05/02/2019 16:04,201812,EASTERN EUROPE-EU,ROMANIA,LUTON,CONSTANTA,4487,4487,0,3795,3795,0,18.234519
05/02/2019 16:04,201812,EASTERN EUROPE-EU,ROMANIA,LUTON,CRAIOVA,9418,9418,0,8143,8143,0,15.65762
05/02/2019 16:04,201812,EASTERN EUROPE-EU,ROMANIA,LUTON,IASI,14643,14643,0,14835,14835,0,-1.294237
05/02/2019 16:04,201812,EASTERN EUROPE-EU,ROMANIA,LUTON,SATU MARE,3918,3918,0,2163,2163,0,81.137309
05/02/2019 16:04,201812,EASTERN EUROPE-EU,ROMANIA,LUTON,SIBIU,8458,8458,0,4872,4872,0,73.604269
05/02/2019 16:04,201812,EASTERN EUROPE-EU,ROMANIA,LUTON,SUCEAVA,10835,10835,0,6065,6065,0,78.64798
05/02/2019 16:04,201812,EASTERN EUROPE-EU,ROMANIA,LUTON,TIMISOARA,9302,9302,0,7996,7996,0,16.333167
05/02/2019 16:04,201812,EASTERN EUROPE-EU,ROMANIA,LUTON,TIRGU MURES,5099,5099,0,0,0,0,0
05/02/2019 16:04,201812,EASTERN EUROPE-EU,ROMANIA,STANSTED,BUCHAREST (OTOPENI),20103,20103,0,12994,12994,0,54.709866
05/02/2019 16:04,201812,EASTERN EUROPE-EU,ROMANIA,STANSTED,ORADEA,0,0,0,3755,3755,0,-100
05/02/2019 16:04,201812,EASTERN EUROPE-EU,ROMANIA,STANSTED,TIMISOARA,0,0,0,10036,10036,0,-100
05/02/2019 16:04,201812,EASTERN EUROPE-EU,ROMANIA,BIRMINGHAM,BUCHAREST (OTOPENI),8299,8299,0,8259,8259,0,0.48432
05/02/2019 16:04,201812,EASTERN EUROPE-EU,ROMANIA,BIRMINGHAM,CLUJ NAPOCA,1468,1468,0,2382,2382,0,-38.371117
05/02/2019 16:04,201812,EASTERN EUROPE-EU,ROMANIA,BIRMINGHAM,TIMISOARA,246,0,246,0,0,0,0
05/02/2019 16:04,201812,EASTERN EUROPE-EU,ROMANIA,BRISTOL,BUCHAREST (OTOPENI),3139,3139,0,3700,3700,0,-15.162162
05/02/2019 16:04,201812,EASTERN EUROPE-EU,ROMANIA,DONCASTER SHEFFIELD,BUCHAREST (OTOPENI),4296,4296,0,5307,5307,0,-19.050311
05/02/2019 16:04,201812,EASTERN EUROPE-EU,ROMANIA,DONCASTER SHEFFIELD,CLUJ NAPOCA,3201,3201,0,2855,2855,0,12.119089
05/02/2019 16:04,201812,EASTERN EUROPE-EU,ROMANIA,EDINBURGH,BUCHAREST (OTOPENI),0,0,0,134,134,0,-100
05/02/2019 16:04,201812,EASTERN EUROPE-EU,ROMANIA,GLASGOW,BUCHAREST (OTOPENI),2729,2729,0,2755,2755,0,-0.943739
05/02/2019 16:04,201812,EASTERN EUROPE-EU,ROMANIA,LIVERPOOL (JOHN LENNON),BACAU,2003,2003,0,2361,2361,0,-15.163066
05/02/2019 16:04,201812,EASTERN EUROPE-EU,ROMANIA,LIVERPOOL (JOHN LENNON),BUCHAREST (OTOPENI),8623,8623,0,5217,5217,0,65.286563
05/02/2019 16:04,201812,EASTERN EUROPE-EU,ROMANIA,LIVERPOOL (JOHN LENNON),CLUJ NAPOCA,2451,2451,0,1830,1830,0,33.934426
05/02/2019 16:04,201812,EASTERN EUROPE-EU,ROMANIA,LIVERPOOL (JOHN LENNON),IASI,2247,2247,0,0,0,0,0
05/02/2019 16:04,201812,EASTERN EUROPE-EU,ROMANIA,LIVERPOOL (JOHN LENNON),TIMISOARA,0,0,0,97,97,0,-100
05/02/2019 16:04,201812,EASTERN EUROPE-EU,ROMANIA,MANCHESTER,BUCHAREST (OTOPENI),139,0,139,340,0,340,-59.117647
05/02/2019 16:04,201812,EASTERN EUROPE-EU,SLOVAK REPUBLIC,GATWICK,BRATISLAVA,0,0,0,6,0,6,-100
05/02/2019 16:04,201812,EASTERN EUROPE-EU,SLOVAK REPUBLIC,LUTON,BRATISLAVA,8448,8448,0,0,0,0,0
05/02/2019 16:04,201812,EASTERN EUROPE-EU,SLOVAK REPUBLIC,LUTON,KOSICE,11767,11767,0,9507,9507,0,23.771958
05/02/2019 16:04,201812,EASTERN EUROPE-EU,SLOVAK REPUBLIC,LUTON,TATRY-POPRAD,4627,4627,0,3961,3961,0,16.813936
05/02/2019 16:04,201812,EASTERN EUROPE-EU,SLOVAK REPUBLIC,STANSTED,BRATISLAVA,17289,17289,0,17943,17943,0,-3.644875
05/02/2019 16:04,201812,EASTERN EUROPE-EU,SLOVAK REPUBLIC,BIRMINGHAM,BRATISLAVA,4804,4804,0,4432,4432,0,8.393502
05/02/2019 16:04,201812,EASTERN EUROPE-EU,SLOVAK REPUBLIC,DONCASTER SHEFFIELD,KOSICE,0,0,0,4389,4389,0,-100
05/02/2019 16:04,201812,EASTERN EUROPE-EU,SLOVAK REPUBLIC,EDINBURGH,BRATISLAVA,3410,3046,364,3102,3102,0,9.929078
05/02/2019 16:04,201812,EASTERN EUROPE-EU,SLOVAK REPUBLIC,GLASGOW,BRATISLAVA,725,0,725,0,0,0,0
05/02/2019 16:04,201812,EASTERN EUROPE-EU,SLOVAK REPUBLIC,LEEDS BRADFORD,BRATISLAVA,2458,2458,0,2699,2699,0,-8.929233
05/02/2019 16:04,201812,EASTERN EUROPE-EU,SLOVAK REPUBLIC,MANCHESTER,BRATISLAVA,4197,4197,0,4777,4777,0,-12.141511
05/02/2019 16:04,201812,EASTERN EUROPE -OTHER,ALBANIA,GATWICK,TIRANA,8284,8199,85,8285,8094,191,-0.01207
05/02/2019 16:04,201812,EASTERN EUROPE -OTHER,ALBANIA,LUTON,TIRANA,6156,6156,0,0,0,0,0
05/02/2019 16:04,201812,EASTERN EUROPE -OTHER,ALBANIA,STANSTED,TIRANA,209,0,209,659,0,659,-68.285281
05/02/2019 16:04,201812,EASTERN EUROPE -OTHER,ALBANIA,MANCHESTER,TIRANA,124,124,0,0,0,0,0
05/02/2019 16:04,201812,EASTERN EUROPE -OTHER,AZERBAIJAN,HEATHROW,BAKU (HEYDER ALIYEV INT'L),3175,3175,0,4036,4036,0,-21.333003
05/02/2019 16:04,201812,EASTERN EUROPE -OTHER,BELARUS,GATWICK,MINSK INT'L ,2635,2635,0,2675,2556,119,-1.495327
05/02/2019 16:04,201812,EASTERN EUROPE -OTHER,GEORGIA,GATWICK,TBILISI,1039,1039,0,834,834,0,24.580336
05/02/2019 16:04,201812,EASTERN EUROPE -OTHER,GEORGIA,LUTON,KUTAISI,2200,2200,0,1774,1774,0,24.013529
05/02/2019 16:04,201812,EASTERN EUROPE -OTHER,KAZAKHSTAN,HEATHROW,ASTANA,3333,3333,0,3668,3668,0,-9.133043
05/02/2019 16:04,201812,EASTERN EUROPE -OTHER,REPUBLIC OF MOLDOVA,LUTON,CHISINAU (KISHINEV),10957,10957,0,6726,6726,0,62.905144
05/02/2019 16:04,201812,EASTERN EUROPE -OTHER,REPUBLIC OF MOLDOVA,STANSTED,CHISINAU (KISHINEV),5041,5041,0,4274,4274,0,17.945718
05/02/2019 16:04,201812,EASTERN EUROPE -OTHER,RUSSIA,GATWICK,MOSCOW (SHEREMETYEVO),0,0,0,7288,7288,0,-100
05/02/2019 16:04,201812,EASTERN EUROPE -OTHER,RUSSIA,GATWICK,ST PETERSBURG,4544,4544,0,0,0,0,0
05/02/2019 16:04,201812,EASTERN EUROPE -OTHER,RUSSIA,HEATHROW,MOSCOW (DOMODEDOVO),12760,12760,0,19709,19709,0,-35.258004
05/02/2019 16:04,201812,EASTERN EUROPE -OTHER,RUSSIA,HEATHROW,MOSCOW (SHEREMETYEVO),43539,43539,0,34530,34530,0,26.090356
05/02/2019 16:04,201812,EASTERN EUROPE -OTHER,RUSSIA,HEATHROW,ST PETERSBURG,6394,6394,0,7713,7713,0,-17.100998
05/02/2019 16:04,201812,EASTERN EUROPE -OTHER,RUSSIA,LUTON,ST PETERSBURG,164,164,0,0,0,0,0
05/02/2019 16:04,201812,EASTERN EUROPE -OTHER,RUSSIA,LIVERPOOL (JOHN LENNON),MOSCOW (SHEREMETYEVO),0,0,0,160,0,160,-100
05/02/2019 16:04,201812,EASTERN EUROPE -OTHER,RUSSIA,MANCHESTER,MOSCOW (SHEREMETYEVO),0,0,0,155,0,155,-100
05/02/2019 16:04,201812,EASTERN EUROPE -OTHER,TURKMENISTAN,HEATHROW,ASHKHABAD,743,743,0,780,780,0,-4.74359
05/02/2019 16:04,201812,EASTERN EUROPE -OTHER,TURKMENISTAN,BIRMINGHAM,ASHKHABAD,6101,6101,0,5833,5833,0,4.594548
05/02/2019 16:04,201812,EASTERN EUROPE -OTHER,UKRAINE,GATWICK,KIEV (BORISPOL),13433,13433,0,12926,12926,0,3.922327
05/02/2019 16:04,201812,EASTERN EUROPE -OTHER,UKRAINE,HEATHROW,KIEV (BORISPOL),5607,5607,0,5944,5944,0,-5.669583
05/02/2019 16:04,201812,EASTERN EUROPE -OTHER,UKRAINE,LUTON,KHARKOV OSNOVA INTL,2186,2186,0,0,0,0,0
05/02/2019 16:04,201812,EASTERN EUROPE -OTHER,UKRAINE,LUTON,KIEV (ZHULYANY),4159,4159,0,4058,4058,0,2.488911
05/02/2019 16:04,201812,EASTERN EUROPE -OTHER,UKRAINE,LUTON,LVOV,2952,2952,0,0,0,0,0
05/02/2019 16:04,201812,EASTERN EUROPE -OTHER,UKRAINE,STANSTED,KIEV (BORISPOL),6493,6493,0,0,0,0,0
05/02/2019 16:04,201812,EASTERN EUROPE -OTHER,UKRAINE,STANSTED,LVOV,4127,4127,0,0,0,0,0
05/02/2019 16:04,201812,EASTERN EUROPE -OTHER,UKRAINE,BIRMINGHAM,KIEV (BORISPOL),95,95,0,0,0,0,0
05/02/2019 16:04,201812,EASTERN EUROPE -OTHER,UKRAINE,LEEDS BRADFORD,KIEV (BORISPOL),0,0,0,80,80,0,-100
05/02/2019 16:04,201812,EASTERN EUROPE -OTHER,UKRAINE,MANCHESTER,KHARKOV OSNOVA INTL,0,0,0,565,0,565,-100
05/02/2019 16:04,201812,EASTERN EUROPE -OTHER,UZBEKISTAN,HEATHROW,TASHKENT,2425,2425,0,2475,2475,0,-2.020202
05/02/2019 16:04,201812,NEAR EAST,ISRAEL,GATWICK,TEL AVIV,3839,3839,0,4139,4139,0,-7.248128
05/02/2019 16:04,201812,NEAR EAST,ISRAEL,HEATHROW,TEL AVIV,46738,46738,0,48728,48728,0,-4.083894
05/02/2019 16:04,201812,NEAR EAST,ISRAEL,LUTON,OVDA,2351,2351,0,0,0,0,0
05/02/2019 16:04,201812,NEAR EAST,ISRAEL,LUTON,TEL AVIV,34002,34002,0,28312,28312,0,20.097485
05/02/2019 16:04,201812,NEAR EAST,ISRAEL,STANSTED,TEL AVIV,7288,7288,0,0,0,0,0
05/02/2019 16:04,201812,NEAR EAST,ISRAEL,MANCHESTER,TEL AVIV,3200,3200,0,2858,2858,0,11.96641
05/02/2019 16:04,201812,NEAR EAST,JORDAN,GATWICK,AQABA,1414,1414,0,0,0,0,0
05/02/2019 16:04,201812,NEAR EAST,JORDAN,HEATHROW,AMMAN,18585,18585,0,18242,18242,0,1.880276
05/02/2019 16:04,201812,NEAR EAST,LEBANON,HEATHROW,BEIRUT,25212,25212,0,23470,23470,0,7.422241
05/02/2019 16:04,201812,NEAR EAST,LEBANON,BELFAST INTERNATIONAL,BEIRUT,0,0,0,91,0,91,-100
05/02/2019 16:04,201812,NORTH AFRICA,ALGERIA,GATWICK,ALGIERS,3947,3947,0,3785,3785,0,4.280053
05/02/2019 16:04,201812,NORTH AFRICA,ALGERIA,HEATHROW,ALGIERS,6043,6043,0,6595,6595,0,-8.369977
05/02/2019 16:04,201812,NORTH AFRICA,ALGERIA,BOURNEMOUTH,ALGIERS,0,0,0,1,1,0,-100
05/02/2019 16:04,201812,NORTH AFRICA,EGYPT,GATWICK,HURGHADA,16070,16070,0,15594,15594,0,3.052456
05/02/2019 16:04,201812,NORTH AFRICA,EGYPT,GATWICK,MARSA ALAM,3048,3048,0,2523,2523,0,20.808561
05/02/2019 16:04,201812,NORTH AFRICA,EGYPT,HEATHROW,CAIRO,32791,32791,0,31143,31143,0,5.291719
05/02/2019 16:04,201812,NORTH AFRICA,EGYPT,HEATHROW,LUXOR,874,874,0,704,704,0,24.147727
05/02/2019 16:04,201812,NORTH AFRICA,EGYPT,STANSTED,HURGHADA,2918,2918,0,0,0,0,0
05/02/2019 16:04,201812,NORTH AFRICA,EGYPT,BELFAST INTERNATIONAL,CAIRO,72,0,72,0,0,0,0
05/02/2019 16:04,201812,NORTH AFRICA,EGYPT,BIRMINGHAM,HURGHADA,9928,9928,0,5177,5177,0,91.771296
05/02/2019 16:04,201812,NORTH AFRICA,EGYPT,BIRMINGHAM,MARSA ALAM,1829,1829,0,1400,1400,0,30.642857
05/02/2019 16:04,201812,NORTH AFRICA,EGYPT,BRISTOL,HURGHADA,4259,1280,2979,0,0,0,0
05/02/2019 16:04,201812,NORTH AFRICA,EGYPT,EAST MIDLANDS INTERNATIONAL,HURGHADA,600,600,0,0,0,0,0
05/02/2019 16:04,201812,NORTH AFRICA,EGYPT,GLASGOW,HURGHADA,1043,1043,0,2196,2196,0,-52.504554
05/02/2019 16:04,201812,NORTH AFRICA,EGYPT,MANCHESTER,HURGHADA,13508,13508,0,10485,10485,0,28.831664
05/02/2019 16:04,201812,NORTH AFRICA,EGYPT,NEWCASTLE,HURGHADA,1701,1701,0,1468,1468,0,15.871935
05/02/2019 16:04,201812,NORTH AFRICA,MOROCCO,GATWICK,AGADIR (AL MASSIRA),7160,7160,0,7123,7123,0,0.519444
05/02/2019 16:04,201812,NORTH AFRICA,MOROCCO,GATWICK,CASABLANCA MOHAMED V,5498,5498,0,5787,5787,0,-4.993952
05/02/2019 16:04,201812,NORTH AFRICA,MOROCCO,GATWICK,FEZ,1334,1334,0,1228,1228,0,8.631922
05/02/2019 16:04,201812,NORTH AFRICA,MOROCCO,GATWICK,MARRAKESH,29250,29250,0,32123,32123,0,-8.943747
05/02/2019 16:04,201812,NORTH AFRICA,MOROCCO,GATWICK,TANGIERS (IBN BATUTA),2060,2060,0,2245,2245,0,-8.240535
05/02/2019 16:04,201812,NORTH AFRICA,MOROCCO,HEATHROW,CASABLANCA MOHAMED V,8379,8379,0,8071,8071,0,3.816132
05/02/2019 16:04,201812,NORTH AFRICA,MOROCCO,HEATHROW,MARRAKESH,4037,4037,0,0,0,0,0
05/02/2019 16:04,201812,NORTH AFRICA,MOROCCO,HEATHROW,RABAT,1121,1121,0,1105,1105,0,1.447964
05/02/2019 16:04,201812,NORTH AFRICA,MOROCCO,LUTON,AGADIR (AL MASSIRA),502,315,187,0,0,0,0
05/02/2019 16:04,201812,NORTH AFRICA,MOROCCO,LUTON,ESSAOUIRA,0,0,0,2429,2429,0,-100
05/02/2019 16:04,201812,NORTH AFRICA,MOROCCO,LUTON,MARRAKESH,3067,3067,0,3245,3245,0,-5.485362
05/02/2019 16:04,201812,NORTH AFRICA,MOROCCO,STANSTED,AGADIR (AL MASSIRA),3606,3606,0,3614,3614,0,-0.221361
05/02/2019 16:04,201812,NORTH AFRICA,MOROCCO,STANSTED,FEZ,2977,2977,0,3008,3008,0,-1.030585
05/02/2019 16:04,201812,NORTH AFRICA,MOROCCO,STANSTED,MARRAKESH,10438,10438,0,10725,10363,362,-2.675991
05/02/2019 16:04,201812,NORTH AFRICA,MOROCCO,STANSTED,RABAT,3920,3920,0,4513,4513,0,-13.139818
05/02/2019 16:04,201812,NORTH AFRICA,MOROCCO,BIRMINGHAM,AGADIR (AL MASSIRA),807,807,0,0,0,0,0
05/02/2019 16:04,201812,NORTH AFRICA,MOROCCO,BIRMINGHAM,MARRAKESH,0,0,0,1764,1764,0,-100
05/02/2019 16:04,201812,NORTH AFRICA,MOROCCO,LIVERPOOL (JOHN LENNON),MARRAKESH,2895,2895,0,2602,2602,0,11.260569
05/02/2019 16:04,201812,NORTH AFRICA,MOROCCO,MANCHESTER,AGADIR (AL MASSIRA),10145,10145,0,6882,6882,0,47.413543
05/02/2019 16:04,201812,NORTH AFRICA,MOROCCO,MANCHESTER,CASABLANCA MOHAMED V,2076,2076,0,2401,2401,0,-13.536027
05/02/2019 16:04,201812,NORTH AFRICA,MOROCCO,MANCHESTER,MARRAKESH,9148,9148,0,7598,7412,186,20.400105
05/02/2019 16:04,201812,NORTH AFRICA,TUNISIA,GATWICK,ENFIDHA - HAMMAMET INTL,5544,4189,1355,0,0,0,0
05/02/2019 16:04,201812,NORTH AFRICA,TUNISIA,GATWICK,TUNIS,1941,1941,0,2435,2435,0,-20.287474
05/02/2019 16:04,201812,NORTH AFRICA,TUNISIA,HEATHROW,TUNIS,4105,4105,0,4210,4210,0,-2.494062
05/02/2019 16:04,201812,NORTH AFRICA,TUNISIA,BIRMINGHAM,ENFIDHA - HAMMAMET INTL,1602,0,1602,0,0,0,0
05/02/2019 16:04,201812,NORTH AFRICA,TUNISIA,MANCHESTER,ENFIDHA - HAMMAMET INTL,4331,2954,1377,0,0,0,0
05/02/2019 16:04,201812,EAST AFRICA,ETHIOPIA,HEATHROW,ADDIS ABABA,23929,23929,0,19259,19259,0,24.248403
05/02/2019 16:04,201812,EAST AFRICA,ETHIOPIA,MANCHESTER,ADDIS ABABA,1820,1820,0,0,0,0,0
05/02/2019 16:04,201812,EAST AFRICA,KENYA,HEATHROW,NAIROBI,25027,25027,0,30303,30303,0,-17.410817
05/02/2019 16:04,201812,EAST AFRICA,RWANDA,GATWICK,KIGALI,2297,2297,0,2397,2397,0,-4.171882
05/02/2019 16:04,201812,WEST AFRICA,GAMBIA,GATWICK,BANJUL,7569,5578,1991,8011,5463,2548,-5.517414
05/02/2019 16:04,201812,WEST AFRICA,GAMBIA,BIRMINGHAM,BANJUL,3344,3344,0,3580,3580,0,-6.592179
05/02/2019 16:04,201812,WEST AFRICA,GAMBIA,EAST MIDLANDS INTERNATIONAL,BANJUL,205,0,205,0,0,0,0
05/02/2019 16:04,201812,WEST AFRICA,GAMBIA,MANCHESTER,BANJUL,7088,7088,0,5485,5485,0,29.22516
05/02/2019 16:04,201812,WEST AFRICA,GHANA,HEATHROW,ACCRA,18020,18020,0,17861,17861,0,0.890208
05/02/2019 16:04,201812,WEST AFRICA,NIGERIA,GATWICK,LAGOS,0,0,0,6870,6870,0,-100
05/02/2019 16:04,201812,WEST AFRICA,NIGERIA,HEATHROW,ABUJA,11900,11900,0,12093,12093,0,-1.595965
05/02/2019 16:04,201812,WEST AFRICA,NIGERIA,HEATHROW,LAGOS,33987,33987,0,32152,32152,0,5.707265
05/02/2019 16:04,201812,CENTRAL AFRICA,ANGOLA,HEATHROW,LUANDA,0,0,0,747,747,0,-100
05/02/2019 16:04,201812,SOUTHERN AFRICA,REPUBLIC OF SOUTH AFRICA,GATWICK,CAPE TOWN,10855,10855,0,9265,9265,0,17.16136
05/02/2019 16:04,201812,SOUTHERN AFRICA,REPUBLIC OF SOUTH AFRICA,HEATHROW,CAPE TOWN,39229,39229,0,38828,38828,0,1.03276
05/02/2019 16:04,201812,SOUTHERN AFRICA,REPUBLIC OF SOUTH AFRICA,HEATHROW,DURBAN,4989,4989,0,0,0,0,0
05/02/2019 16:04,201812,SOUTHERN AFRICA,REPUBLIC OF SOUTH AFRICA,HEATHROW,JOHANNESBURG,97116,97116,0,84199,84199,0,15.341037
05/02/2019 16:04,201812,MIDDLE EAST,BAHRAIN,HEATHROW,BAHRAIN,40524,40524,0,32459,32459,0,24.84673
05/02/2019 16:04,201812,MIDDLE EAST,IRAN,HEATHROW,TEHRAN IMAM KHOMEINI,4322,4322,0,11355,11355,0,-61.937472
05/02/2019 16:04,201812,MIDDLE EAST,IRAQ,GATWICK,BAGHDAD (GECA),1136,1136,0,1177,1177,0,-3.483432
05/02/2019 16:04,201812,MIDDLE EAST,IRAQ,GATWICK,SULAYMANIYAH INT,524,524,0,0,0,0,0
05/02/2019 16:04,201812,MIDDLE EAST,IRAQ,MANCHESTER,BAGHDAD (GECA),727,727,0,834,834,0,-12.829736
05/02/2019 16:04,201812,MIDDLE EAST,KUWAIT,HEATHROW,KUWAIT,38020,38020,0,36780,36780,0,3.371397
05/02/2019 16:04,201812,MIDDLE EAST,OMAN,HEATHROW,MUSCAT,34289,34289,0,31549,31549,0,8.684903
05/02/2019 16:04,201812,MIDDLE EAST,OMAN,MANCHESTER,MUSCAT,12763,12763,0,10091,10091,0,26.479041
05/02/2019 16:04,201812,MIDDLE EAST,QATAR,GATWICK,DOHA HAMAD,22306,22306,0,0,0,0,0
05/02/2019 16:04,201812,MIDDLE EAST,QATAR,HEATHROW,DOHA HAMAD,112307,112307,0,117412,117412,0,-4.347937
05/02/2019 16:04,201812,MIDDLE EAST,QATAR,BIRMINGHAM,DOHA HAMAD,10586,10586,0,11160,11160,0,-5.143369
05/02/2019 16:04,201812,MIDDLE EAST,QATAR,CARDIFF WALES,DOHA HAMAD,6449,6449,0,0,0,0,0
05/02/2019 16:04,201812,MIDDLE EAST,QATAR,EDINBURGH,DOHA HAMAD,13184,13184,0,12121,12121,0,8.769903
05/02/2019 16:04,201812,MIDDLE EAST,QATAR,MANCHESTER,DOHA HAMAD,33400,33400,0,28800,28800,0,15.972222
05/02/2019 16:04,201812,MIDDLE EAST,SAUDI ARABIA,HEATHROW,JEDDAH,22568,22568,0,21487,21487,0,5.030949
05/02/2019 16:04,201812,MIDDLE EAST,SAUDI ARABIA,HEATHROW,RIYADH,24939,24939,0,23715,23715,0,5.16129
05/02/2019 16:04,201812,MIDDLE EAST,SAUDI ARABIA,MANCHESTER,JEDDAH,10777,10777,0,9741,9741,0,10.635458
05/02/2019 16:04,201812,MIDDLE EAST,UNITED ARAB EMIRATES,GATWICK,DUBAI,83986,83986,0,92370,92370,0,-9.07654
05/02/2019 16:04,201812,MIDDLE EAST,UNITED ARAB EMIRATES,GATWICK,DUBAI (WORLD CENTRAL),567,0,567,0,0,0,0
05/02/2019 16:04,201812,MIDDLE EAST,UNITED ARAB EMIRATES,HEATHROW,ABU DHABI INTERNATIONAL,92717,92717,0,90482,90482,0,2.470105
05/02/2019 16:04,201812,MIDDLE EAST,UNITED ARAB EMIRATES,HEATHROW,DUBAI,232558,232558,0,271376,271376,0,-14.304139
05/02/2019 16:04,201812,MIDDLE EAST,UNITED ARAB EMIRATES,STANSTED,DUBAI,19453,19453,0,0,0,0,0
05/02/2019 16:04,201812,MIDDLE EAST,UNITED ARAB EMIRATES,BIRMINGHAM,DUBAI,61098,61098,0,66783,66783,0,-8.512645
05/02/2019 16:04,201812,MIDDLE EAST,UNITED ARAB EMIRATES,BIRMINGHAM,DUBAI (WORLD CENTRAL),581,0,581,0,0,0,0
05/02/2019 16:04,201812,MIDDLE EAST,UNITED ARAB EMIRATES,EDINBURGH,ABU DHABI INTERNATIONAL,0,0,0,9583,9583,0,-100
05/02/2019 16:04,201812,MIDDLE EAST,UNITED ARAB EMIRATES,EDINBURGH,DUBAI,16140,16140,0,0,0,0,0
05/02/2019 16:04,201812,MIDDLE EAST,UNITED ARAB EMIRATES,GLASGOW,DUBAI,35153,35153,0,41209,41209,0,-14.695819
05/02/2019 16:04,201812,MIDDLE EAST,UNITED ARAB EMIRATES,MANCHESTER,ABU DHABI INTERNATIONAL,32116,32116,0,40617,40617,0,-20.92966
05/02/2019 16:04,201812,MIDDLE EAST,UNITED ARAB EMIRATES,MANCHESTER,DUBAI,85164,85164,0,92006,92006,0,-7.436472
05/02/2019 16:04,201812,MIDDLE EAST,UNITED ARAB EMIRATES,MANCHESTER,DUBAI (WORLD CENTRAL),580,0,580,0,0,0,0
05/02/2019 16:04,201812,MIDDLE EAST,UNITED ARAB EMIRATES,NEWCASTLE,DUBAI,20562,20562,0,21626,21626,0,-4.920004
05/02/2019 16:04,201812,INDIAN SUB-CONTINENT,BANGLADESH,HEATHROW,DHAKHA,7620,7620,0,6482,6482,0,17.55631
05/02/2019 16:04,201812,INDIAN SUB-CONTINENT,BANGLADESH,HEATHROW,SYLHET,5292,5292,0,5699,5699,0,-7.141604
05/02/2019 16:04,201812,INDIAN SUB-CONTINENT,INDIA,GATWICK,COCHIN,577,0,577,0,0,0,0
05/02/2019 16:04,201812,INDIAN SUB-CONTINENT,INDIA,GATWICK,GOA,8461,5741,2720,8082,5174,2908,4.689433
05/02/2019 16:04,201812,INDIAN SUB-CONTINENT,INDIA,HEATHROW,AHMEDABAD,7044,7044,0,5613,5613,0,25.494388
05/02/2019 16:04,201812,INDIAN SUB-CONTINENT,INDIA,HEATHROW,AMRITSAR,581,581,0,562,562,0,3.380783
05/02/2019 16:04,201812,INDIAN SUB-CONTINENT,INDIA,HEATHROW,BANGALORE (BENGALURU),18940,18940,0,14389,14389,0,31.628327
05/02/2019 16:04,201812,INDIAN SUB-CONTINENT,INDIA,HEATHROW,CHENNAI,11070,11070,0,10554,10554,0,4.889142
05/02/2019 16:04,201812,INDIAN SUB-CONTINENT,INDIA,HEATHROW,DELHI,85288,85288,0,91447,91447,0,-6.735049
05/02/2019 16:04,201812,INDIAN SUB-CONTINENT,INDIA,HEATHROW,HYDERABAD ( RAJIV GHANDI ),12045,12045,0,11541,11541,0,4.367039
05/02/2019 16:04,201812,INDIAN SUB-CONTINENT,INDIA,HEATHROW,MUMBAI,97479,97479,0,95475,95475,0,2.098979
05/02/2019 16:04,201812,INDIAN SUB-CONTINENT,INDIA,BIRMINGHAM,AMRITSAR,5899,5899,0,5962,5962,0,-1.056692
05/02/2019 16:04,201812,INDIAN SUB-CONTINENT,INDIA,BIRMINGHAM,COCHIN,575,0,575,0,0,0,0
05/02/2019 16:04,201812,INDIAN SUB-CONTINENT,INDIA,BIRMINGHAM,DELHI,5820,5820,0,7178,7178,0,-18.918919
05/02/2019 16:04,201812,INDIAN SUB-CONTINENT,INDIA,BIRMINGHAM,GOA,1836,0,1836,851,0,851,115.746181
05/02/2019 16:04,201812,INDIAN SUB-CONTINENT,INDIA,MANCHESTER,COCHIN,586,0,586,0,0,0,0
05/02/2019 16:04,201812,INDIAN SUB-CONTINENT,INDIA,MANCHESTER,GOA,0,0,0,13530,9840,3690,-100
05/02/2019 16:04,201812,INDIAN SUB-CONTINENT,INDIA,MANCHESTER,MUMBAI,9296,9296,0,0,0,0,0
05/02/2019 16:04,201812,INDIAN SUB-CONTINENT,PAKISTAN,GATWICK,ISLAMABAD,0,0,0,217,0,217,-100
05/02/2019 16:04,201812,INDIAN SUB-CONTINENT,PAKISTAN,HEATHROW,ISLAMABAD,13423,13423,0,13666,13666,0,-1.778136
05/02/2019 16:04,201812,INDIAN SUB-CONTINENT,PAKISTAN,HEATHROW,KARACHI,4565,4565,0,4732,4732,0,-3.529163
05/02/2019 16:04,201812,INDIAN SUB-CONTINENT,PAKISTAN,HEATHROW,LAHORE,8432,8432,0,7932,7932,0,6.30358
05/02/2019 16:04,201812,INDIAN SUB-CONTINENT,PAKISTAN,BIRMINGHAM,ISLAMABAD,7111,7111,0,6136,6136,0,15.889831
05/02/2019 16:04,201812,INDIAN SUB-CONTINENT,PAKISTAN,MANCHESTER,ISLAMABAD,16637,16637,0,16839,16839,0,-1.199596
05/02/2019 16:04,201812,INDIAN SUB-CONTINENT,PAKISTAN,MANCHESTER,LAHORE,4472,4472,0,4373,4373,0,2.263892
05/02/2019 16:04,201812,INDIAN SUB-CONTINENT,SRI LANKA,GATWICK,COLOMBO,2081,0,2081,819,0,819,154.090354
05/02/2019 16:04,201812,INDIAN SUB-CONTINENT,SRI LANKA,HEATHROW,COLOMBO,22368,22368,0,22540,22540,0,-0.763088
05/02/2019 16:04,201812,FAR EAST,BRUNEI,HEATHROW,BANDAR SERI BEGAWAN,10378,10378,0,6304,6304,0,64.625635
05/02/2019 16:04,201812,FAR EAST,CHINA,GATWICK,CHENGDU,3722,3722,0,0,0,0,0
05/02/2019 16:04,201812,FAR EAST,CHINA,GATWICK,CHONGQING JIANGBEI INTERNATIONAL,0,0,0,1822,1822,0,-100
05/02/2019 16:04,201812,FAR EAST,CHINA,GATWICK,SHANGHAI (PU DONG),4526,4526,0,0,0,0,0
05/02/2019 16:04,201812,FAR EAST,CHINA,GATWICK,TIANJIN,0,0,0,1974,1974,0,-100
05/02/2019 16:04,201812,FAR EAST,CHINA,HEATHROW,BEIJING,41661,41661,0,37369,37369,0,11.485456
05/02/2019 16:04,201812,FAR EAST,CHINA,HEATHROW,CHANGSHA HUANGHUA INTERNATIONAL AIRPORT,3437,3437,0,0,0,0,0
05/02/2019 16:04,201812,FAR EAST,CHINA,HEATHROW,CHONGQING JIANGBEI INTERNATIONAL,3605,3605,0,0,0,0,0
05/02/2019 16:04,201812,FAR EAST,CHINA,HEATHROW,GUANGZHOU BAIYUN INTERNATIONAL,13580,13580,0,17473,17473,0,-22.280089
05/02/2019 16:04,201812,FAR EAST,CHINA,HEATHROW,QINGDAO,2797,2797,0,1744,0,1744,60.37844
05/02/2019 16:04,201812,FAR EAST,CHINA,HEATHROW,SANYA PHOENIX INTERNATIONAL,1635,1635,0,0,0,0,0
05/02/2019 16:04,201812,FAR EAST,CHINA,HEATHROW,SHANGHAI (PU DONG),40929,40929,0,39403,39403,0,3.872802
05/02/2019 16:04,201812,FAR EAST,CHINA,HEATHROW,TIANJIN,692,692,0,0,0,0,0
05/02/2019 16:04,201812,FAR EAST,CHINA,HEATHROW,WUHAN TIANHE INTERNATIONAL,4464,4464,0,0,0,0,0
05/02/2019 16:04,201812,FAR EAST,CHINA,HEATHROW,XIAN XIANYANG,4393,4393,0,0,0,0,0
05/02/2019 16:04,201812,FAR EAST,CHINA,EDINBURGH,BEIJING,1338,1338,0,0,0,0,0
05/02/2019 16:04,201812,FAR EAST,CHINA,MANCHESTER,BEIJING,5355,5355,0,5577,5577,0,-3.980635
05/02/2019 16:04,201812,FAR EAST,HONG KONG,GATWICK,HONG KONG (CHEK LAP KOK),13177,13177,0,13605,13605,0,-3.145902
05/02/2019 16:04,201812,FAR EAST,HONG KONG,HEATHROW,HONG KONG (CHEK LAP KOK),134917,134917,0,133443,133443,0,1.104591
05/02/2019 16:04,201812,FAR EAST,HONG KONG,MANCHESTER,HONG KONG (CHEK LAP KOK),17632,17632,0,14443,14443,0,22.0799
05/02/2019 16:04,201812,FAR EAST,INDONESIA,HEATHROW,JAKARTA (SOEKARNO-HATTA INTNL),2790,2790,0,5667,5667,0,-50.767602
05/02/2019 16:04,201812,FAR EAST,JAPAN,HEATHROW,TOKYO (HANEDA),44058,44058,0,42381,42381,0,3.956962
05/02/2019 16:04,201812,FAR EAST,JAPAN,HEATHROW,TOKYO (NARITA),9755,9755,0,10469,10469,0,-6.820136
05/02/2019 16:04,201812,FAR EAST,MALAYSIA,GATWICK,LANGKAWI,585,0,585,0,0,0,0
05/02/2019 16:04,201812,FAR EAST,MALAYSIA,HEATHROW,KUALA LUMPUR (SEPANG),42444,42444,0,58597,58597,0,-27.566258
05/02/2019 16:04,201812,FAR EAST,MALAYSIA,BIRMINGHAM,LANGKAWI,582,0,582,0,0,0,0
05/02/2019 16:04,201812,FAR EAST,PHILIPPINES,HEATHROW,MANILA,11485,11485,0,13224,13224,0,-13.150333
05/02/2019 16:04,201812,FAR EAST,REPUBLIC OF KOREA,HEATHROW,SEOUL (INCHEON),39057,39057,0,39246,39246,0,-0.481578
05/02/2019 16:04,201812,FAR EAST,SINGAPORE,GATWICK,SINGAPORE,10044,10044,0,9680,9680,0,3.760331
05/02/2019 16:04,201812,FAR EAST,SINGAPORE,HEATHROW,SINGAPORE,127314,127314,0,102075,102075,0,24.725937
05/02/2019 16:04,201812,FAR EAST,SINGAPORE,MANCHESTER,SINGAPORE,7645,7645,0,7425,7425,0,2.962963
05/02/2019 16:04,201812,FAR EAST,TAIWAN,GATWICK,TAIPEI,8660,8660,0,9447,9447,0,-8.330687
05/02/2019 16:04,201812,FAR EAST,TAIWAN,HEATHROW,TAIPEI,2475,2475,0,2453,2453,0,0.896861
05/02/2019 16:04,201812,FAR EAST,THAILAND,GATWICK,KRABI,0,0,0,712,0,712,-100
05/02/2019 16:04,201812,FAR EAST,THAILAND,GATWICK,PHUKET,2344,0,2344,2924,0,2924,-19.835841
05/02/2019 16:04,201812,FAR EAST,THAILAND,GATWICK,U-TAPAO,585,0,585,0,0,0,0
05/02/2019 16:04,201812,FAR EAST,THAILAND,HEATHROW,BANGKOK SUVARNABHUMI ,69985,69985,0,71818,71818,0,-2.552285
05/02/2019 16:04,201812,FAR EAST,THAILAND,BIRMINGHAM,PHUKET,294,0,294,716,0,716,-58.938547
05/02/2019 16:04,201812,FAR EAST,THAILAND,BIRMINGHAM,U-TAPAO,588,0,588,0,0,0,0
05/02/2019 16:04,201812,FAR EAST,THAILAND,MANCHESTER,PHUKET,2079,0,2079,1035,0,1035,100.869565
05/02/2019 16:04,201812,FAR EAST,VIETNAM,GATWICK,PHU QUOC INTERNATIONAL,2205,0,2205,1724,0,1724,27.900232
05/02/2019 16:04,201812,FAR EAST,VIETNAM,HEATHROW,HANOI,6762,6762,0,6832,6832,0,-1.02459
05/02/2019 16:04,201812,FAR EAST,VIETNAM,HEATHROW,HO CHI MINH CITY,5841,5841,0,5325,5325,0,9.690141
05/02/2019 16:04,201812,AUSTRALASIA,AUSTRALIA,HEATHROW,MELBOURNE,1170,1170,0,14705,14705,0,-92.043523
05/02/2019 16:04,201812,AUSTRALASIA,AUSTRALIA,HEATHROW,PERTH (AUSTRALIA),12490,12490,0,0,0,0,0
05/02/2019 16:04,201812,AUSTRALASIA,AUSTRALIA,HEATHROW,SYDNEY,15821,15821,0,18428,18428,0,-14.14695
05/02/2019 16:04,201812,AUSTRALASIA,NEW ZEALAND,HEATHROW,AUCKLAND INTERNATIONAL,2259,2259,0,2178,2178,0,3.719008
05/02/2019 16:04,201812,CANADA,CANADA,GATWICK,CALGARY,6843,6843,0,6610,6610,0,3.524962
05/02/2019 16:04,201812,CANADA,CANADA,GATWICK,TORONTO,27714,27714,0,29176,29176,0,-5.010968
05/02/2019 16:04,201812,CANADA,CANADA,GATWICK,VANCOUVER,0,0,0,1750,1750,0,-100
05/02/2019 16:04,201812,CANADA,CANADA,HEATHROW,CALGARY,15849,15849,0,25312,25312,0,-37.38543
05/02/2019 16:04,201812,CANADA,CANADA,HEATHROW,HALIFAX INT,4993,4993,0,3777,3777,0,32.194864
05/02/2019 16:04,201812,CANADA,CANADA,HEATHROW,MONTREAL (DORVAL),26025,26025,0,25609,25609,0,1.624429
05/02/2019 16:04,201812,CANADA,CANADA,HEATHROW,OTTAWA INTERNATIONAL,9054,9054,0,8469,8469,0,6.907545
05/02/2019 16:04,201812,CANADA,CANADA,HEATHROW,ST JOHNS,1993,1993,0,2154,2154,0,-7.474466
05/02/2019 16:04,201812,CANADA,CANADA,HEATHROW,TORONTO,90434,90434,0,85740,85740,0,5.474691
05/02/2019 16:04,201812,CANADA,CANADA,HEATHROW,VANCOUVER,39698,39698,0,39211,39211,0,1.241998
05/02/2019 16:04,201812,CANADA,CANADA,BIRMINGHAM,MONTREAL (DORVAL),48,0,48,0,0,0,0
05/02/2019 16:04,201812,CANADA,CANADA,BIRMINGHAM,TORONTO,467,467,0,0,0,0,0
05/02/2019 16:04,201812,CANADA,CANADA,GLASGOW,TORONTO,3149,3149,0,3233,3233,0,-2.598206
05/02/2019 16:04,201812,CANADA,CANADA,MANCHESTER,EDMONTON,0,0,0,3,3,0,-100
05/02/2019 16:04,201812,CANADA,CANADA,MANCHESTER,ST JOHNS,0,0,0,158,158,0,-100
05/02/2019 16:04,201812,CANADA,CANADA,MANCHESTER,TORONTO,3661,3661,0,4258,4218,40,-14.020667
05/02/2019 16:04,201812,CANADA,CANADA,MANCHESTER,VANCOUVER,0,0,0,353,353,0,-100
05/02/2019 16:04,201812,UNITED STATES OF AMERICA,USA,GATWICK,BOSTON,15930,15930,0,13620,13620,0,16.960352
05/02/2019 16:04,201812,UNITED STATES OF AMERICA,USA,GATWICK,CHICAGO (O'HARE),8819,8819,0,0,0,0,0
05/02/2019 16:04,201812,UNITED STATES OF AMERICA,USA,GATWICK,DENVER INTERNATIONAL,6026,6026,0,6327,6327,0,-4.757389
05/02/2019 16:04,201812,UNITED STATES OF AMERICA,USA,GATWICK,FORT LAUDERDALE,20699,20699,0,15837,15837,0,30.700259
05/02/2019 16:04,201812,UNITED STATES OF AMERICA,USA,GATWICK,LAS VEGAS,27049,27049,0,17999,17999,0,50.280571
05/02/2019 16:04,201812,UNITED STATES OF AMERICA,USA,GATWICK,LOS ANGELES INTERNATIONAL,17138,17138,0,19586,19586,0,-12.498724
05/02/2019 16:04,201812,UNITED STATES OF AMERICA,USA,GATWICK,NEW YORK (JF KENNEDY),59167,59167,0,50367,50367,0,17.471757
05/02/2019 16:04,201812,UNITED STATES OF AMERICA,USA,GATWICK,OAKLAND,6960,6960,0,14585,14585,0,-52.279739
05/02/2019 16:04,201812,UNITED STATES OF AMERICA,USA,GATWICK,ORLANDO,56923,56923,0,47768,47768,0,19.16555
05/02/2019 16:04,201812,UNITED STATES OF AMERICA,USA,GATWICK,SEATTLE (TACOMA),0,0,0,8493,8493,0,-100
05/02/2019 16:04,201812,UNITED STATES OF AMERICA,USA,GATWICK,TAMPA,15801,15801,0,10316,10316,0,53.169833
05/02/2019 16:04,201812,UNITED STATES OF AMERICA,USA,HEATHROW,ATLANTA,52674,52674,0,48603,48603,0,8.376026
05/02/2019 16:04,201812,UNITED STATES OF AMERICA,USA,HEATHROW,AUSTIN (BERGSTROM),14228,14228,0,9842,9842,0,44.564113
05/02/2019 16:04,201812,UNITED STATES OF AMERICA,USA,HEATHROW,BALTIMORE,9984,9984,0,9777,9777,0,2.117214
05/02/2019 16:04,201812,UNITED STATES OF AMERICA,USA,HEATHROW,BOSTON,61211,61211,0,62116,61872,244,-1.456952
05/02/2019 16:04,201812,UNITED STATES OF AMERICA,USA,HEATHROW,CHARLOTTE,26551,26551,0,26552,26552,0,-0.003766
05/02/2019 16:04,201812,UNITED STATES OF AMERICA,USA,HEATHROW,CHICAGO (O'HARE),82451,82451,0,81450,81450,0,1.228975
05/02/2019 16:04,201812,UNITED STATES OF AMERICA,USA,HEATHROW,DALLAS/FORT WORTH,63870,63870,0,51584,51584,0,23.817463
05/02/2019 16:04,201812,UNITED STATES OF AMERICA,USA,HEATHROW,DENVER INTERNATIONAL,15874,15874,0,13697,13697,0,15.893991
05/02/2019 16:04,201812,UNITED STATES OF AMERICA,USA,HEATHROW,DETROIT,18488,18488,0,16289,16289,0,13.499908
05/02/2019 16:04,201812,UNITED STATES OF AMERICA,USA,HEATHROW,HOUSTON,42810,42810,0,42536,42536,0,0.64416
05/02/2019 16:04,201812,UNITED STATES OF AMERICA,USA,HEATHROW,LAS VEGAS,17679,17679,0,20537,20537,0,-13.916346
05/02/2019 16:04,201812,UNITED STATES OF AMERICA,USA,HEATHROW,LOS ANGELES INTERNATIONAL,124653,124653,0,119625,119625,0,4.203135
05/02/2019 16:04,201812,UNITED STATES OF AMERICA,USA,HEATHROW,MIAMI INTERNATIONAL,98166,98166,0,97121,97121,0,1.075977
05/02/2019 16:04,201812,UNITED STATES OF AMERICA,USA,HEATHROW,MINNEAPOLIS-ST PAUL,10532,10532,0,11352,11352,0,-7.223397
05/02/2019 16:04,201812,UNITED STATES OF AMERICA,USA,HEATHROW,NASHVILLE METROPOLITAN,5350,5350,0,0,0,0,0
05/02/2019 16:04,201812,UNITED STATES OF AMERICA,USA,HEATHROW,NEW ORLEANS,5942,5942,0,6185,6185,0,-3.92886
05/02/2019 16:04,201812,UNITED STATES OF AMERICA,USA,HEATHROW,NEW YORK (JF KENNEDY),270322,270322,0,258063,258063,0,4.75039
05/02/2019 16:04,201812,UNITED STATES OF AMERICA,USA,HEATHROW,NEW YORK (NEWARK),92155,92155,0,93580,93580,0,-1.522761
05/02/2019 16:04,201812,UNITED STATES OF AMERICA,USA,HEATHROW,ORLANDO,1611,1611,0,0,0,0,0
05/02/2019 16:04,201812,UNITED STATES OF AMERICA,USA,HEATHROW,PHILADELPHIA INTERNATIONAL,36626,36626,0,42235,42235,0,-13.280455
05/02/2019 16:04,201812,UNITED STATES OF AMERICA,USA,HEATHROW,PHOENIX,17611,17611,0,15857,15857,0,11.061361
05/02/2019 16:04,201812,UNITED STATES OF AMERICA,USA,HEATHROW,RALEIGH,12272,12272,0,10882,10882,0,12.773387
05/02/2019 16:04,201812,UNITED STATES OF AMERICA,USA,HEATHROW,SAN DIEGO,13025,13025,0,11840,11840,0,10.008446
05/02/2019 16:04,201812,UNITED STATES OF AMERICA,USA,HEATHROW,SAN FRANCISCO,78345,78345,0,73456,73456,0,6.655685
05/02/2019 16:04,201812,UNITED STATES OF AMERICA,USA,HEATHROW,SAN JOSE,9048,9048,0,8141,8141,0,11.141137
05/02/2019 16:04,201812,UNITED STATES OF AMERICA,USA,HEATHROW,SEATTLE (TACOMA),28421,28421,0,27739,27739,0,2.458632
05/02/2019 16:04,201812,UNITED STATES OF AMERICA,USA,HEATHROW,WASHINGTON (DULLES),66755,66755,0,68217,68217,0,-2.143161
05/02/2019 16:04,201812,UNITED STATES OF AMERICA,USA,LONDON CITY,NEW YORK (JF KENNEDY),580,580,0,650,650,0,-10.769231
05/02/2019 16:04,201812,UNITED STATES OF AMERICA,USA,STANSTED,NEW YORK (NEWARK),0,0,0,655,655,0,-100
05/02/2019 16:04,201812,UNITED STATES OF AMERICA,USA,BELFAST INTERNATIONAL,NEW YORK (NEWARK),0,0,0,449,449,0,-100
05/02/2019 16:04,201812,UNITED STATES OF AMERICA,USA,BELFAST INTERNATIONAL,NEWBURGH/USA,0,0,0,2530,2530,0,-100
05/02/2019 16:04,201812,UNITED STATES OF AMERICA,USA,BIRMINGHAM,NEW YORK (NEWARK),0,0,0,121,121,0,-100
05/02/2019 16:04,201812,UNITED STATES OF AMERICA,USA,CARDIFF WALES,ORLANDO,325,325,0,0,0,0,0
05/02/2019 16:04,201812,UNITED STATES OF AMERICA,USA,DONCASTER SHEFFIELD,NEW YORK (JF KENNEDY),332,332,0,0,0,0,0
05/02/2019 16:04,201812,UNITED STATES OF AMERICA,USA,EAST MIDLANDS INTERNATIONAL,NEW YORK (NEWARK),0,0,0,424,424,0,-100
05/02/2019 16:04,201812,UNITED STATES OF AMERICA,USA,EDINBURGH,NEW YORK (JF KENNEDY),6026,6026,0,6480,6480,0,-7.006173
05/02/2019 16:04,201812,UNITED STATES OF AMERICA,USA,EDINBURGH,NEW YORK (NEWARK),9869,9869,0,9691,9691,0,1.836756
05/02/2019 16:04,201812,UNITED STATES OF AMERICA,USA,EDINBURGH,NEWBURGH/USA,7899,7899,0,4212,4212,0,87.535613
05/02/2019 16:04,201812,UNITED STATES OF AMERICA,USA,EDINBURGH,PROVIDENCE,0,0,0,2077,2077,0,-100
05/02/2019 16:04,201812,UNITED STATES OF AMERICA,USA,EDINBURGH,WINDSOR LOCKS BRADLEY INTL,0,0,0,1948,1948,0,-100
05/02/2019 16:04,201812,UNITED STATES OF AMERICA,USA,GLASGOW,NEW YORK (NEWARK),0,0,0,230,230,0,-100
05/02/2019 16:04,201812,UNITED STATES OF AMERICA,USA,LEEDS BRADFORD,NEW YORK (NEWARK),1763,1763,0,1093,1093,0,61.299177
05/02/2019 16:04,201812,UNITED STATES OF AMERICA,USA,LIVERPOOL (JOHN LENNON),NEW YORK (JF KENNEDY),326,326,0,0,0,0,0
05/02/2019 16:04,201812,UNITED STATES OF AMERICA,USA,MANCHESTER,ATLANTA,8796,8796,0,5725,5725,0,53.641921
05/02/2019 16:04,201812,UNITED STATES OF AMERICA,USA,MANCHESTER,CHICAGO (O'HARE),0,0,0,7267,7267,0,-100
05/02/2019 16:04,201812,UNITED STATES OF AMERICA,USA,MANCHESTER,HOUSTON,5972,5972,0,5399,5399,0,10.613076
05/02/2019 16:04,201812,UNITED STATES OF AMERICA,USA,MANCHESTER,LAS VEGAS,893,893,0,924,924,0,-3.354978
05/02/2019 16:04,201812,UNITED STATES OF AMERICA,USA,MANCHESTER,NEW YORK (JF KENNEDY),21840,21840,0,15864,15864,0,37.670197
05/02/2019 16:04,201812,UNITED STATES OF AMERICA,USA,MANCHESTER,NEW YORK (NEWARK),12085,12085,0,11819,11819,0,2.250613
05/02/2019 16:04,201812,UNITED STATES OF AMERICA,USA,MANCHESTER,ORLANDO,28707,28707,0,28309,28309,0,1.405913
05/02/2019 16:04,201812,UNITED STATES OF AMERICA,USA,MANCHESTER,PHILADELPHIA INTERNATIONAL,11830,11830,0,11516,11516,0,2.726641
05/02/2019 16:04,201812,UNITED STATES OF AMERICA,USA,NEWCASTLE,NEW YORK (NEWARK),1766,1766,0,1538,1538,0,14.824447
05/02/2019 16:04,201812,CENTRAL AMERICA,COSTA RICA,GATWICK,LIBERIA,2664,0,2664,2612,0,2612,1.990812
05/02/2019 16:04,201812,CENTRAL AMERICA,COSTA RICA,GATWICK,SAN JOSE COST RICA,4901,4901,0,6186,6186,0,-20.772713
05/02/2019 16:04,201812,CENTRAL AMERICA,CUBA,GATWICK,HAVANA,4696,4696,0,7276,7276,0,-35.459043
05/02/2019 16:04,201812,CENTRAL AMERICA,CUBA,GATWICK,HOLGUIN (FRANK PAIS),2493,2493,0,2489,2489,0,0.160707
05/02/2019 16:04,201812,CENTRAL AMERICA,CUBA,GATWICK,VARADERO,0,0,0,3250,0,3250,-100
05/02/2019 16:04,201812,CENTRAL AMERICA,CUBA,HEATHROW,HAVANA,385,385,0,0,0,0,0
05/02/2019 16:04,201812,CENTRAL AMERICA,CUBA,MANCHESTER,CUNAGUA (CAYO COCO),2474,2474,0,1999,1999,0,23.761881
05/02/2019 16:04,201812,CENTRAL AMERICA,CUBA,MANCHESTER,HOLGUIN (FRANK PAIS),2817,2817,0,3689,3689,0,-23.637842
05/02/2019 16:04,201812,CENTRAL AMERICA,CUBA,MANCHESTER,VARADERO,2802,2802,0,3060,3060,0,-8.431373
05/02/2019 16:04,201812,CENTRAL AMERICA,DOMINICAN REPUBLIC,GATWICK,LA ROMANA,0,0,0,2311,0,2311,-100
05/02/2019 16:04,201812,CENTRAL AMERICA,DOMINICAN REPUBLIC,GATWICK,PUERTO PLATA,0,0,0,2404,0,2404,-100
05/02/2019 16:04,201812,CENTRAL AMERICA,DOMINICAN REPUBLIC,GATWICK,PUNTA CANA,11706,6633,5073,12329,6069,6260,-5.053127
05/02/2019 16:04,201812,CENTRAL AMERICA,DOMINICAN REPUBLIC,BIRMINGHAM,LA ROMANA,0,0,0,2338,0,2338,-100
05/02/2019 16:04,201812,CENTRAL AMERICA,DOMINICAN REPUBLIC,BIRMINGHAM,PUNTA CANA,291,291,0,0,0,0,0
05/02/2019 16:04,201812,CENTRAL AMERICA,DOMINICAN REPUBLIC,MANCHESTER,LA ROMANA,0,0,0,2313,0,2313,-100
05/02/2019 16:04,201812,CENTRAL AMERICA,DOMINICAN REPUBLIC,MANCHESTER,PUERTO PLATA,0,0,0,2346,0,2346,-100
05/02/2019 16:04,201812,CENTRAL AMERICA,DOMINICAN REPUBLIC,MANCHESTER,PUNTA CANA,6080,312,5768,5731,771,4960,6.089688
05/02/2019 16:04,201812,CENTRAL AMERICA,MEXICO,GATWICK,CANCUN,25916,25916,0,27504,27462,42,-5.773706
05/02/2019 16:04,201812,CENTRAL AMERICA,MEXICO,GATWICK,PUERTO VALLARTA,2333,0,2333,3335,0,3335,-30.044978
05/02/2019 16:04,201812,CENTRAL AMERICA,MEXICO,HEATHROW,MEXICO CITY,19886,19886,0,20000,20000,0,-0.57
05/02/2019 16:04,201812,CENTRAL AMERICA,MEXICO,STANSTED,PUERTO VALLARTA,301,0,301,0,0,0,0
05/02/2019 16:04,201812,CENTRAL AMERICA,MEXICO,BIRMINGHAM,CANCUN,5579,5579,0,5051,5051,0,10.453376
05/02/2019 16:04,201812,CENTRAL AMERICA,MEXICO,CARDIFF WALES,CANCUN,291,291,0,0,0,0,0
05/02/2019 16:04,201812,CENTRAL AMERICA,MEXICO,MANCHESTER,CANCUN,14600,14600,0,12845,12845,0,13.662904
05/02/2019 16:04,201812,CENTRAL AMERICA,MEXICO,MANCHESTER,PUERTO VALLARTA,3330,0,3330,2567,0,2567,29.723413
05/02/2019 16:04,201812,SOUTH AMERICA,ARGENTINA,GATWICK,BUENOS AIRES,13023,13023,0,0,0,0,0
05/02/2019 16:04,201812,SOUTH AMERICA,ARGENTINA,HEATHROW,BUENOS AIRES,14409,14409,0,13987,13987,0,3.017087
05/02/2019 16:04,201812,SOUTH AMERICA,BRAZIL,HEATHROW,RIO DE JANEIRO (GALEAO),10688,10688,0,8867,8867,0,20.536822
05/02/2019 16:04,201812,SOUTH AMERICA,BRAZIL,HEATHROW,SAO PAULO (GUARULHOS),38347,38347,0,35767,35767,0,7.213353
05/02/2019 16:04,201812,SOUTH AMERICA,CHILE,HEATHROW,SANTIAGO DE CHILE,7760,7760,0,5407,5407,0,43.517662
05/02/2019 16:04,201812,SOUTH AMERICA,COLOMBIA,HEATHROW,BOGOTA,13585,13585,0,14061,14061,0,-3.38525
05/02/2019 16:04,201812,CARIBBEAN AREA,ANTIGUA AND BARBUDA,GATWICK,ANTIGUA,14117,14117,0,14474,14474,0,-2.466492
05/02/2019 16:04,201812,CARIBBEAN AREA,ANTIGUA AND BARBUDA,HEATHROW,ANTIGUA,268,268,0,0,0,0,0
05/02/2019 16:04,201812,CARIBBEAN AREA,ANTIGUA AND BARBUDA,MANCHESTER,ANTIGUA,1050,1050,0,0,0,0,0
05/02/2019 16:04,201812,CARIBBEAN AREA,BAHAMAS,HEATHROW,NASSAU,5048,5048,0,4186,4186,0,20.592451
05/02/2019 16:04,201812,CARIBBEAN AREA,BARBADOS,GATWICK,BRIDGETOWN,54205,36975,17230,55197,39658,15539,-1.797199
05/02/2019 16:04,201812,CARIBBEAN AREA,BARBADOS,HEATHROW,BRIDGETOWN,3051,3051,0,3970,2438,1532,-23.148615
05/02/2019 16:04,201812,CARIBBEAN AREA,BARBADOS,LUTON,BRIDGETOWN,300,300,0,0,0,0,0
05/02/2019 16:04,201812,CARIBBEAN AREA,BARBADOS,BELFAST INTERNATIONAL,BRIDGETOWN,0,0,0,280,0,280,-100
05/02/2019 16:04,201812,CARIBBEAN AREA,BARBADOS,BIRMINGHAM,BRIDGETOWN,9646,0,9646,7973,278,7695,20.983319
05/02/2019 16:04,201812,CARIBBEAN AREA,BARBADOS,BOURNEMOUTH,BRIDGETOWN,0,0,0,299,0,299,-100
05/02/2019 16:04,201812,CARIBBEAN AREA,BARBADOS,BRISTOL,BRIDGETOWN,0,0,0,576,0,576,-100
05/02/2019 16:04,201812,CARIBBEAN AREA,BARBADOS,CARDIFF WALES,BRIDGETOWN,1414,0,1414,589,0,589,140.067912
05/02/2019 16:04,201812,CARIBBEAN AREA,BARBADOS,EAST MIDLANDS INTERNATIONAL,BRIDGETOWN,587,0,587,0,0,0,0
05/02/2019 16:04,201812,CARIBBEAN AREA,BARBADOS,GLASGOW,BRIDGETOWN,1181,0,1181,1900,0,1900,-37.842105
05/02/2019 16:04,201812,CARIBBEAN AREA,BARBADOS,MANCHESTER,BRIDGETOWN,25139,8584,16555,23195,10510,12685,8.381117
05/02/2019 16:04,201812,CARIBBEAN AREA,BARBADOS,NEWCASTLE,BRIDGETOWN,295,295,0,458,458,0,-35.58952
05/02/2019 16:04,201812,CARIBBEAN AREA,BERMUDA,GATWICK,BERMUDA,6558,6258,300,6899,6899,0,-4.942745
05/02/2019 16:04,201812,CARIBBEAN AREA,CAYMAN ISLANDS,HEATHROW,GRAND CAYMAN,3611,3611,0,3145,3145,0,14.81717
05/02/2019 16:04,201812,CARIBBEAN AREA,GRENADA,GATWICK,GRENADA,3187,3187,0,2735,2735,0,16.526508
05/02/2019 16:04,201812,CARIBBEAN AREA,GUADELOUPE,GATWICK,POINTE A PITRE GUADELOUPE,898,0,898,0,0,0,0
05/02/2019 16:04,201812,CARIBBEAN AREA,JAMAICA,GATWICK,KINGSTON,6820,6820,0,6103,6103,0,11.74832
05/02/2019 16:04,201812,CARIBBEAN AREA,JAMAICA,GATWICK,MONTEGO BAY,18087,9110,8977,20172,9435,10737,-10.336109
05/02/2019 16:04,201812,CARIBBEAN AREA,JAMAICA,BIRMINGHAM,MONTEGO BAY,2963,0,2963,1851,0,1851,60.075635
05/02/2019 16:04,201812,CARIBBEAN AREA,JAMAICA,CARDIFF WALES,KINGSTON,183,183,0,0,0,0,0
05/02/2019 16:04,201812,CARIBBEAN AREA,JAMAICA,CARDIFF WALES,MONTEGO BAY,593,0,593,298,0,298,98.993289
05/02/2019 16:04,201812,CARIBBEAN AREA,JAMAICA,DONCASTER SHEFFIELD,MONTEGO BAY,0,0,0,304,0,304,-100
05/02/2019 16:04,201812,CARIBBEAN AREA,JAMAICA,GLASGOW,MONTEGO BAY,586,0,586,582,0,582,0.687285
05/02/2019 16:04,201812,CARIBBEAN AREA,JAMAICA,MANCHESTER,MONTEGO BAY,9156,0,9156,8586,0,8586,6.638714
05/02/2019 16:04,201812,CARIBBEAN AREA,JAMAICA,NEWCASTLE,MONTEGO BAY,296,296,0,0,0,0,0
05/02/2019 16:04,201812,CARIBBEAN AREA,SAINT KITTS AND NEVIS,GATWICK,ST KITTS,1389,1389,0,1668,1668,0,-16.726619
05/02/2019 16:04,201812,CARIBBEAN AREA,ST LUCIA,GATWICK,ST LUCIA (HEWANORRA),19393,15352,4041,18762,15549,3213,3.363181
05/02/2019 16:04,201812,CARIBBEAN AREA,ST LUCIA,MANCHESTER,ST LUCIA (HEWANORRA),1173,1173,0,2456,2456,0,-52.239414
05/02/2019 16:04,201812,CARIBBEAN AREA,TRINIDAD AND TOBAGO,GATWICK,PORT OF SPAIN,5085,5085,0,4815,4815,0,5.607477
05/02/2019 16:04,201812,CARIBBEAN AREA,TRINIDAD AND TOBAGO,GATWICK,TOBAGO,3505,3505,0,2429,2429,0,44.298065
05/02/2019 16:04,201812,CARIBBEAN AREA,TRINIDAD AND TOBAGO,MANCHESTER,TOBAGO,1359,1359,0,1092,1092,0,24.450549
05/02/2019 16:04,201812,CARIBBEAN AREA,TURKS AND CAICOS ISLANDS,GATWICK,PROVIDENCIALES,1883,1883,0,1141,1141,0,65.030675
05/02/2019 16:04,201812,INDIAN OCEAN ISLANDS,MALDIVE ISLANDS,GATWICK,MALE INTERNATIONAL,5610,5610,0,6094,6094,0,-7.942238
05/02/2019 16:04,201812,INDIAN OCEAN ISLANDS,MALDIVE ISLANDS,HEATHROW,MALE INTERNATIONAL,242,242,0,0,0,0,0
05/02/2019 16:04,201812,INDIAN OCEAN ISLANDS,MAURITIUS,GATWICK,MAURITIUS,13927,13043,884,13655,12453,1202,1.991944
05/02/2019 16:04,201812,INDIAN OCEAN ISLANDS,MAURITIUS,HEATHROW,MAURITIUS,8620,8620,0,8666,8666,0,-0.53081
05/02/2019 16:04,201812,INDIAN OCEAN ISLANDS,MAURITIUS,MANCHESTER,MAURITIUS,553,0,553,958,0,958,-42.275574
05/02/2019 16:04,201812,INDIAN OCEAN ISLANDS,SEYCHELLES,HEATHROW,SEYCHELLES,3029,3029,0,0,0,0,0
05/02/2019 16:04,201812,ATLANTIC OCEAN ISLANDS,CAPE VERDE ISLANDS,GATWICK,BOA VISTA (RABIL),6543,6543,0,5934,5934,0,10.262892
05/02/2019 16:04,201812,ATLANTIC OCEAN ISLANDS,CAPE VERDE ISLANDS,GATWICK,ILHA DO SAL C.VERDE,8443,8064,379,8435,8435,0,0.094843
05/02/2019 16:04,201812,ATLANTIC OCEAN ISLANDS,CAPE VERDE ISLANDS,LUTON,BOA VISTA (RABIL),217,0,217,0,0,0,0
05/02/2019 16:04,201812,ATLANTIC OCEAN ISLANDS,CAPE VERDE ISLANDS,LUTON,ILHA DO SAL C.VERDE,196,0,196,0,0,0,0
05/02/2019 16:04,201812,ATLANTIC OCEAN ISLANDS,CAPE VERDE ISLANDS,STANSTED,ILHA DO SAL C.VERDE,228,228,0,0,0,0,0
05/02/2019 16:04,201812,ATLANTIC OCEAN ISLANDS,CAPE VERDE ISLANDS,BIRMINGHAM,BOA VISTA (RABIL),3567,3567,0,1601,1601,0,122.798251
05/02/2019 16:04,201812,ATLANTIC OCEAN ISLANDS,CAPE VERDE ISLANDS,BIRMINGHAM,ILHA DO SAL C.VERDE,2923,2923,0,4957,4957,0,-41.032883
05/02/2019 16:04,201812,ATLANTIC OCEAN ISLANDS,CAPE VERDE ISLANDS,BRISTOL,ILHA DO SAL C.VERDE,1622,785,837,1981,1981,0,-18.122161
05/02/2019 16:04,201812,ATLANTIC OCEAN ISLANDS,CAPE VERDE ISLANDS,GLASGOW,ILHA DO SAL C.VERDE,0,0,0,1511,0,1511,-100
05/02/2019 16:04,201812,ATLANTIC OCEAN ISLANDS,CAPE VERDE ISLANDS,MANCHESTER,BOA VISTA (RABIL),5383,5383,0,5240,5240,0,2.729008
05/02/2019 16:04,201812,ATLANTIC OCEAN ISLANDS,CAPE VERDE ISLANDS,MANCHESTER,ILHA DO SAL C.VERDE,6215,6215,0,5508,5508,0,12.835875
05/02/2019 16:04,201812,OIL RIGS,OIL RIGS,ABERDEEN,OIL RIGS,32307,0,32307,26776,0,26776,20.656558
05/02/2019 16:04,201812,OIL RIGS,OIL RIGS,BLACKPOOL,OIL RIGS,910,0,910,2143,0,2143,-57.536164
05/02/2019 16:04,201812,OIL RIGS,OIL RIGS,HUMBERSIDE,OIL RIGS,1676,0,1676,1383,0,1383,21.185828
05/02/2019 16:04,201812,OIL RIGS,OIL RIGS,NORWICH,OIL RIGS,7201,0,7201,6168,0,6168,16.74773
05/02/2019 16:04,201812,OIL RIGS,OIL RIGS,SCATSTA,OIL RIGS,4285,0,4285,6448,0,6448,-33.545285
05/02/2019 16:04,201812,OIL RIGS,OIL RIGS,SUMBURGH,OIL RIGS,4936,0,4936,16,0,16,30750

