rundate,this_period,last_period,reporting_airport_group_name,reporting_airport_name,total_atms_this_period,atms_passenger_aircraft_this_period,atms_cargo_aircraft_this_period,total_atms_last_period,atms_passenger_aircraft_last_period,atms_cargo_aircraft_last_period,total_atms_percent,atms_passenger_aircraft_percent,atms_cargo_aircraft_percent
15/01/2020 14:05,201911,201811,Other UK Airports,ABERDEEN,6105,5986,119,6547,6423,124,-6.751184,-6.803674,-4.032258
15/01/2020 14:05,201911,201811,Non UK Reporting Airports,ALDERNEY,328,326,2,327,323,4,0.305810,0.928793,-50.000000
15/01/2020 14:05,201911,201811,Other UK Airports,BARRA,100,100,0,97,97,0,3.092784,3.092784,
15/01/2020 14:05,201911,201811,Other UK Airports,BELFAST CITY (GEORGE BEST),2562,2562,0,2771,2771,0,-7.542403,-7.542403,
15/01/2020 14:05,201911,201811,Other UK Airports,BELFAST INTERNATIONAL,3258,2797,461,3623,3322,301,-10.074524,-15.803733,53.156146
15/01/2020 14:05,201911,201811,Other UK Airports,BENBECULA,166,140,26,148,148,0,12.162162,-5.405405,
15/01/2020 14:05,201911,201811,Other UK Airports,BIGGIN HILL,31,31,0,7,7,0,342.857143,342.857143,
15/01/2020 14:05,201911,201811,Other UK Airports,BIRMINGHAM,6901,6771,130,7461,7247,214,-7.505696,-6.568235,-39.252336
15/01/2020 14:05,201911,201811,Other UK Airports,BLACKPOOL,327,327,0,374,374,0,-12.566845,-12.566845,
15/01/2020 14:05,201911,201811,Other UK Airports,BOURNEMOUTH,256,256,0,181,181,0,41.436464,41.436464,
15/01/2020 14:05,201911,201811,Other UK Airports,BRISTOL,3929,3929,0,4375,4375,0,-10.194286,-10.194286,
15/01/2020 14:05,201911,201811,Other UK Airports,CAMPBELTOWN,84,84,0,88,88,0,-4.545455,-4.545455,
15/01/2020 14:05,201911,201811,Other UK Airports,CARDIFF WALES,1021,1021,0,1077,1077,0,-5.199629,-5.199629,
15/01/2020 14:05,201911,201811,Other UK Airports,CITY OF DERRY (EGLINTON),246,246,0,236,236,0,4.237288,4.237288,
15/01/2020 14:05,201911,201811,Other UK Airports,DONCASTER SHEFFIELD,395,380,15,489,488,1,-19.222904,-22.131148,"1,400.000000"
15/01/2020 14:05,201911,201811,Other UK Airports,DUNDEE,106,106,0,102,102,0,3.921569,3.921569,
15/01/2020 14:05,201911,201811,Other UK Airports,DURHAM TEES VALLEY,288,288,0,282,282,0,2.127660,2.127660,
15/01/2020 14:05,201911,201811,Other UK Airports,EAST MIDLANDS INTERNATIONAL,3902,1819,2083,3886,1893,1993,0.411734,-3.909139,4.515805
15/01/2020 14:05,201911,201811,Other UK Airports,EDINBURGH,9343,8881,462,9452,8977,475,-1.153195,-1.069400,-2.736842
15/01/2020 14:05,201911,201811,Other UK Airports,EXETER,874,831,43,986,943,43,-11.359026,-11.876988,0.000000
15/01/2020 14:05,201911,201811,London Area Airports,GATWICK,18217,18216,1,19124,19124,0,-4.742732,-4.747961,
15/01/2020 14:05,201911,201811,Other UK Airports,GLASGOW,5607,5553,54,5930,5863,67,-5.446880,-5.287396,-19.402985
15/01/2020 14:05,201911,201811,Non UK Reporting Airports,GUERNSEY,1922,1764,158,1678,1522,156,14.541120,15.900131,1.282051
15/01/2020 14:05,201911,201811,London Area Airports,HEATHROW,38150,37951,199,38222,37975,247,-0.188373,-0.063199,-19.433198
15/01/2020 14:05,201911,201811,Other UK Airports,HUMBERSIDE,515,504,11,651,637,14,-20.890937,-20.879121,-21.428571
15/01/2020 14:05,201911,201811,Other UK Airports,INVERNESS,926,861,65,884,841,43,4.751131,2.378121,51.162791
15/01/2020 14:05,201911,201811,Other UK Airports,ISLAY,118,118,0,137,137,0,-13.868613,-13.868613,
15/01/2020 14:05,201911,201811,Non UK Reporting Airports,ISLE OF MAN,1018,974,44,1122,1078,44,-9.269162,-9.647495,0.000000
15/01/2020 14:05,201911,201811,Other UK Airports,ISLES OF SCILLY (ST.MARYS),356,281,75,437,351,86,-18.535469,-19.943020,-12.790698
15/01/2020 14:05,201911,201811,Non UK Reporting Airports,JERSEY,1804,1745,59,1756,1615,141,2.733485,8.049536,-58.156028
15/01/2020 14:05,201911,201811,Other UK Airports,KIRKWALL,824,820,4,834,829,5,-1.199041,-1.085645,-20.000000
15/01/2020 14:05,201911,201811,Other UK Airports,LANDS END (ST JUST),326,252,74,413,327,86,-21.065375,-22.935780,-13.953488
15/01/2020 14:05,201911,201811,Other UK Airports,LEEDS BRADFORD,1793,1793,0,1872,1872,0,-4.220085,-4.220085,
15/01/2020 14:05,201911,201811,Other UK Airports,LERWICK (TINGWALL),74,74,0,60,60,0,23.333333,23.333333,
15/01/2020 14:05,201911,201811,Other UK Airports,LIVERPOOL (JOHN LENNON),2208,2191,17,2517,2505,12,-12.276520,-12.534930,41.666667
15/01/2020 14:05,201911,201811,London Area Airports,LONDON CITY,6499,6499,0,6673,6673,0,-2.607523,-2.607523,
15/01/2020 14:05,201911,201811,London Area Airports,LUTON,7192,6947,245,7339,7139,200,-2.002998,-2.689452,22.500000
15/01/2020 14:05,201911,201811,Other UK Airports,LYDD,0,0,0,2,2,0,-.000000,-.000000,
15/01/2020 14:05,201911,201811,Other UK Airports,MANCHESTER,13238,13166,72,13689,13626,63,-3.294616,-3.375899,14.285714
15/01/2020 14:05,201911,201811,Other UK Airports,NEWCASTLE,2655,2617,38,2619,2588,31,1.374570,1.120556,22.580645
15/01/2020 14:05,201911,201811,Other UK Airports,NEWQUAY,477,477,0,369,369,0,29.268293,29.268293,
15/01/2020 14:05,201911,201811,Other UK Airports,NORWICH,1422,1422,0,1661,1661,0,-14.388922,-14.388922,
15/01/2020 14:05,201911,201811,Other UK Airports,PRESTWICK,204,136,68,207,141,66,-1.449275,-3.546099,3.030303
15/01/2020 14:05,201911,201811,Other UK Airports,SCATSTA,417,417,0,570,570,0,-26.842105,-26.842105,
15/01/2020 14:05,201911,201811,Other UK Airports,SOUTHAMPTON,2456,2456,0,2577,2574,3,-4.695382,-4.584305,-.000000
15/01/2020 14:05,201911,201811,London Area Airports,SOUTHEND,1474,1474,0,1234,1234,0,19.448947,19.448947,
15/01/2020 14:05,201911,201811,London Area Airports,STANSTED,12497,11576,921,13343,12484,859,-6.340403,-7.273310,7.217695
15/01/2020 14:05,201911,201811,Other UK Airports,STORNOWAY,490,446,44,497,497,0,-1.408451,-10.261569,
15/01/2020 14:05,201911,201811,Other UK Airports,SUMBURGH,903,903,0,905,905,0,-0.220994,-0.220994,
15/01/2020 14:05,201911,201811,Other UK Airports,TIREE,116,116,0,135,134,1,-14.074074,-13.432836,-.000000
15/01/2020 14:05,201911,201811,Other UK Airports,WICK JOHN O GROATS,96,96,0,122,122,0,-21.311475,-21.311475,

