rundate,this_period,foreign_region,foreign_country,UK_airport,foreign_airport,total_pax_this_period,total_pax_scheduled_this_period,total_pax_charter_this_period,total_pax_last_period,total_pax_scheduled_last_period,total_pax_charter_last_period,total_pax_percent
10/02/2020 11:31,201912,Unknown,Unknown,MANCHESTER,Unknown,116,116,0,0,0,0,0
10/02/2020 11:31,201912,WESTERN EUROPE-EU,AUSTRIA,GATWICK,INNSBRUCK,26952,23610,3342,27702,24703,2999,-2.707386
10/02/2020 11:31,201912,WESTERN EUROPE-EU,AUSTRIA,GATWICK,KLAGENFURT,1184,1184,0,1442,1442,0,-17.891817
10/02/2020 11:31,201912,WESTERN EUROPE-EU,AUSTRIA,GATWICK,SALZBURG,16822,15778,1044,15443,13710,1733,8.929612
10/02/2020 11:31,201912,WESTERN EUROPE-EU,AUSTRIA,GATWICK,VIENNA,24737,24737,0,31131,31131,0,-20.539013
10/02/2020 11:31,201912,WESTERN EUROPE-EU,AUSTRIA,HEATHROW,INNSBRUCK,3413,3413,0,7395,7395,0,-53.847194
10/02/2020 11:31,201912,WESTERN EUROPE-EU,AUSTRIA,HEATHROW,SALZBURG,3300,3300,0,2532,2532,0,30.331754
10/02/2020 11:31,201912,WESTERN EUROPE-EU,AUSTRIA,HEATHROW,VIENNA,74428,74428,0,64355,64355,0,15.652241
10/02/2020 11:31,201912,WESTERN EUROPE-EU,AUSTRIA,LUTON,INNSBRUCK,2679,2679,0,1575,1575,0,70.095238
10/02/2020 11:31,201912,WESTERN EUROPE-EU,AUSTRIA,LUTON,SALZBURG,2115,1640,475,2002,1514,488,5.644356
10/02/2020 11:31,201912,WESTERN EUROPE-EU,AUSTRIA,LUTON,VIENNA,7233,7233,0,7691,7691,0,-5.955012
10/02/2020 11:31,201912,WESTERN EUROPE-EU,AUSTRIA,STANSTED,INNSBRUCK,929,0,929,1825,946,879,-49.09589
10/02/2020 11:31,201912,WESTERN EUROPE-EU,AUSTRIA,STANSTED,SALZBURG,9685,8865,820,13818,13345,473,-29.910262
10/02/2020 11:31,201912,WESTERN EUROPE-EU,AUSTRIA,STANSTED,VIENNA,19222,19222,0,20426,20426,0,-5.894448
10/02/2020 11:31,201912,WESTERN EUROPE-EU,AUSTRIA,BELFAST CITY (GEORGE BEST),SALZBURG,0,0,0,254,0,254,-100
10/02/2020 11:31,201912,WESTERN EUROPE-EU,AUSTRIA,BELFAST INTERNATIONAL,SALZBURG,2007,2007,0,1584,1584,0,26.704545
10/02/2020 11:31,201912,WESTERN EUROPE-EU,AUSTRIA,BELFAST INTERNATIONAL,VIENNA,139,139,0,148,148,0,-6.081081
10/02/2020 11:31,201912,WESTERN EUROPE-EU,AUSTRIA,BIGGIN HILL,INNSBRUCK,0,0,0,16,0,16,-100
10/02/2020 11:31,201912,WESTERN EUROPE-EU,AUSTRIA,BIRMINGHAM,INNSBRUCK,2282,365,1917,1862,0,1862,22.556391
10/02/2020 11:31,201912,WESTERN EUROPE-EU,AUSTRIA,BIRMINGHAM,SALZBURG,1084,522,562,1089,554,535,-0.459137
10/02/2020 11:31,201912,WESTERN EUROPE-EU,AUSTRIA,BIRMINGHAM,VIENNA,10908,10908,0,3511,3511,0,210.680718
10/02/2020 11:31,201912,WESTERN EUROPE-EU,AUSTRIA,BRISTOL,INNSBRUCK,3618,2660,958,3448,1985,1463,4.930394
10/02/2020 11:31,201912,WESTERN EUROPE-EU,AUSTRIA,BRISTOL,SALZBURG,2146,1628,518,2151,1618,533,-0.23245
10/02/2020 11:31,201912,WESTERN EUROPE-EU,AUSTRIA,BRISTOL,VIENNA,4155,4155,0,3195,3195,0,30.046948
10/02/2020 11:31,201912,WESTERN EUROPE-EU,AUSTRIA,EAST MIDLANDS INTERNATIONAL,SALZBURG,542,401,141,814,349,465,-33.415233
10/02/2020 11:31,201912,WESTERN EUROPE-EU,AUSTRIA,EDINBURGH,INNSBRUCK,647,0,647,497,0,497,30.181087
10/02/2020 11:31,201912,WESTERN EUROPE-EU,AUSTRIA,EDINBURGH,SALZBURG,782,517,265,802,514,288,-2.493766
10/02/2020 11:31,201912,WESTERN EUROPE-EU,AUSTRIA,EDINBURGH,VIENNA,9326,9326,0,5279,5279,0,76.662247
10/02/2020 11:31,201912,WESTERN EUROPE-EU,AUSTRIA,GLASGOW,SALZBURG,0,0,0,894,0,894,-100
10/02/2020 11:31,201912,WESTERN EUROPE-EU,AUSTRIA,GLASGOW,VIENNA,0,0,0,1452,716,736,-100
10/02/2020 11:31,201912,WESTERN EUROPE-EU,AUSTRIA,LEEDS BRADFORD,SALZBURG,395,395,0,429,429,0,-7.925408
10/02/2020 11:31,201912,WESTERN EUROPE-EU,AUSTRIA,LEEDS BRADFORD,VIENNA,2832,2832,0,0,0,0,0
10/02/2020 11:31,201912,WESTERN EUROPE-EU,AUSTRIA,LIVERPOOL (JOHN LENNON),SALZBURG,1367,847,520,763,763,0,79.161206
10/02/2020 11:31,201912,WESTERN EUROPE-EU,AUSTRIA,LIVERPOOL (JOHN LENNON),VIENNA,2855,2855,0,0,0,0,0
10/02/2020 11:31,201912,WESTERN EUROPE-EU,AUSTRIA,MANCHESTER,INNSBRUCK,4587,2012,2575,4751,2272,2479,-3.451905
10/02/2020 11:31,201912,WESTERN EUROPE-EU,AUSTRIA,MANCHESTER,SALZBURG,2671,1566,1105,2326,1288,1038,14.83233
10/02/2020 11:31,201912,WESTERN EUROPE-EU,AUSTRIA,MANCHESTER,VIENNA,12041,12041,0,9731,9731,0,23.738567
10/02/2020 11:31,201912,WESTERN EUROPE-EU,AUSTRIA,NEWCASTLE,INNSBRUCK,850,850,0,459,459,0,85.185185
10/02/2020 11:31,201912,WESTERN EUROPE-EU,AUSTRIA,NEWCASTLE,SALZBURG,125,125,0,171,171,0,-26.900585
10/02/2020 11:31,201912,WESTERN EUROPE-EU,AUSTRIA,NEWCASTLE,VIENNA,1693,1693,0,349,349,0,385.100287
10/02/2020 11:31,201912,WESTERN EUROPE-EU,BELGIUM,GATWICK,BRUSSELS,0,0,0,1205,1205,0,-100
10/02/2020 11:31,201912,WESTERN EUROPE-EU,BELGIUM,HEATHROW,BRUSSELS,64090,64090,0,60636,60636,0,5.696286
10/02/2020 11:31,201912,WESTERN EUROPE-EU,BELGIUM,LONDON CITY,ANTWERP,4171,4171,0,0,0,0,0
10/02/2020 11:31,201912,WESTERN EUROPE-EU,BELGIUM,SOUTHEND,ANTWERP,0,0,0,1502,1502,0,-100
10/02/2020 11:31,201912,WESTERN EUROPE-EU,BELGIUM,ABERDEEN,BRUSSELS,284,284,0,0,0,0,0
10/02/2020 11:31,201912,WESTERN EUROPE-EU,BELGIUM,BIRMINGHAM,BRUSSELS,11338,11338,0,10200,10200,0,11.156863
10/02/2020 11:31,201912,WESTERN EUROPE-EU,BELGIUM,BRISTOL,BRUSSELS,4508,4508,0,3865,3865,0,16.636481
10/02/2020 11:31,201912,WESTERN EUROPE-EU,BELGIUM,EAST MIDLANDS INTERNATIONAL,BRUSSELS,1167,1167,0,1848,1848,0,-36.850649
10/02/2020 11:31,201912,WESTERN EUROPE-EU,BELGIUM,EDINBURGH,BRUSSELS,9364,9364,0,9620,9620,0,-2.661123
10/02/2020 11:31,201912,WESTERN EUROPE-EU,BELGIUM,EDINBURGH,CHARLEROI,7493,7493,0,5402,5402,0,38.707886
10/02/2020 11:31,201912,WESTERN EUROPE-EU,BELGIUM,MANCHESTER,ANTWERP,0,0,0,25,0,25,-100
10/02/2020 11:31,201912,WESTERN EUROPE-EU,BELGIUM,MANCHESTER,BRUSSELS,22119,22119,0,19711,19663,48,12.216529
10/02/2020 11:31,201912,WESTERN EUROPE-EU,BELGIUM,MANCHESTER,CHARLEROI,14010,13837,173,11649,11649,0,20.267834
10/02/2020 11:31,201912,WESTERN EUROPE-EU,BELGIUM,NEWCASTLE,BRUSSELS,1231,1231,0,2272,2272,0,-45.818662
10/02/2020 11:31,201912,WESTERN EUROPE-EU,BELGIUM,SOUTHAMPTON,LIEGE,0,0,0,61,0,61,-100
10/02/2020 11:31,201912,WESTERN EUROPE-EU,CROATIA,GATWICK,DUBROVNIK,1681,1681,0,1675,1675,0,0.358209
10/02/2020 11:31,201912,WESTERN EUROPE-EU,CROATIA,HEATHROW,ZAGREB,14491,14491,0,13612,13612,0,6.457537
10/02/2020 11:31,201912,WESTERN EUROPE-EU,CROATIA,MANCHESTER,ZAGREB,538,0,538,0,0,0,0
10/02/2020 11:31,201912,WESTERN EUROPE-EU,CYPRUS,GATWICK,LARNACA,8737,8737,0,7991,7991,0,9.335502
10/02/2020 11:31,201912,WESTERN EUROPE-EU,CYPRUS,GATWICK,PAPHOS,14160,10368,3792,11582,9474,2108,22.258677
10/02/2020 11:31,201912,WESTERN EUROPE-EU,CYPRUS,HEATHROW,LARNACA,18132,18132,0,11436,11436,0,58.551941
10/02/2020 11:31,201912,WESTERN EUROPE-EU,CYPRUS,LUTON,LARNACA,12275,12275,0,15071,15071,0,-18.552186
10/02/2020 11:31,201912,WESTERN EUROPE-EU,CYPRUS,LUTON,PAPHOS,5873,5873,0,6295,5552,743,-6.703733
10/02/2020 11:31,201912,WESTERN EUROPE-EU,CYPRUS,STANSTED,LARNACA,1499,1499,0,1418,1418,0,5.712271
10/02/2020 11:31,201912,WESTERN EUROPE-EU,CYPRUS,STANSTED,PAPHOS,14338,14338,0,14808,13467,1341,-3.17396
10/02/2020 11:31,201912,WESTERN EUROPE-EU,CYPRUS,BIRMINGHAM,LARNACA,0,0,0,3251,3251,0,-100
10/02/2020 11:31,201912,WESTERN EUROPE-EU,CYPRUS,BIRMINGHAM,PAPHOS,4742,3141,1601,2915,1570,1345,62.675815
10/02/2020 11:31,201912,WESTERN EUROPE-EU,CYPRUS,BOURNEMOUTH,PAPHOS,1347,0,1347,2593,2593,0,-48.052449
10/02/2020 11:31,201912,WESTERN EUROPE-EU,CYPRUS,BRISTOL,LARNACA,2614,2614,0,2667,2667,0,-1.987252
10/02/2020 11:31,201912,WESTERN EUROPE-EU,CYPRUS,BRISTOL,PAPHOS,5816,4431,1385,4789,4789,0,21.444978
10/02/2020 11:31,201912,WESTERN EUROPE-EU,CYPRUS,CARDIFF WALES,PAPHOS,1380,0,1380,0,0,0,0
10/02/2020 11:31,201912,WESTERN EUROPE-EU,CYPRUS,DONCASTER SHEFFIELD,PAPHOS,1412,0,1412,0,0,0,0
10/02/2020 11:31,201912,WESTERN EUROPE-EU,CYPRUS,EAST MIDLANDS INTERNATIONAL,PAPHOS,1008,0,1008,0,0,0,0
10/02/2020 11:31,201912,WESTERN EUROPE-EU,CYPRUS,EDINBURGH,PAPHOS,4208,2796,1412,3105,3105,0,35.523349
10/02/2020 11:31,201912,WESTERN EUROPE-EU,CYPRUS,LIVERPOOL (JOHN LENNON),LARNACA,3096,3096,0,2961,2961,0,4.559271
10/02/2020 11:31,201912,WESTERN EUROPE-EU,CYPRUS,LIVERPOOL (JOHN LENNON),PAPHOS,1974,1974,0,2732,2732,0,-27.745242
10/02/2020 11:31,201912,WESTERN EUROPE-EU,CYPRUS,MANCHESTER,PAPHOS,16175,13166,3009,15114,12535,2579,7.019981
10/02/2020 11:31,201912,WESTERN EUROPE-EU,CYPRUS,NEWCASTLE,PAPHOS,1445,1445,0,1333,1333,0,8.402101
10/02/2020 11:31,201912,WESTERN EUROPE-EU,DENMARK,GATWICK,AARHUS (TIRSTRUP),2167,2167,0,1905,1905,0,13.753281
10/02/2020 11:31,201912,WESTERN EUROPE-EU,DENMARK,GATWICK,COPENHAGEN,66291,66291,0,65576,65449,127,1.090338
10/02/2020 11:31,201912,WESTERN EUROPE-EU,DENMARK,HEATHROW,BILLUND,7643,7643,0,9839,9839,0,-22.319341
10/02/2020 11:31,201912,WESTERN EUROPE-EU,DENMARK,HEATHROW,COPENHAGEN,78412,78412,0,79861,79861,0,-1.814403
10/02/2020 11:31,201912,WESTERN EUROPE-EU,DENMARK,LONDON CITY,BILLUND,1543,1543,0,1149,1149,0,34.290688
10/02/2020 11:31,201912,WESTERN EUROPE-EU,DENMARK,LUTON,COPENHAGEN,8738,8738,0,9826,9826,0,-11.072664
10/02/2020 11:31,201912,WESTERN EUROPE-EU,DENMARK,STANSTED,AALBORG,3760,3760,0,5388,5388,0,-30.215293
10/02/2020 11:31,201912,WESTERN EUROPE-EU,DENMARK,STANSTED,AARHUS (TIRSTRUP),7142,7142,0,6780,6780,0,5.339233
10/02/2020 11:31,201912,WESTERN EUROPE-EU,DENMARK,STANSTED,BILLUND,16873,16873,0,18054,18054,0,-6.541487
10/02/2020 11:31,201912,WESTERN EUROPE-EU,DENMARK,STANSTED,COPENHAGEN,33259,33259,0,25544,25544,0,30.202787
10/02/2020 11:31,201912,WESTERN EUROPE-EU,DENMARK,ABERDEEN,COPENHAGEN,1343,1343,0,1440,1440,0,-6.736111
10/02/2020 11:31,201912,WESTERN EUROPE-EU,DENMARK,ABERDEEN,ESBJERG,1175,1175,0,829,829,0,41.737033
10/02/2020 11:31,201912,WESTERN EUROPE-EU,DENMARK,BIRMINGHAM,COPENHAGEN,5295,5295,0,5400,5400,0,-1.944444
10/02/2020 11:31,201912,WESTERN EUROPE-EU,DENMARK,BRISTOL,COPENHAGEN,4322,4322,0,3975,3975,0,8.72956
10/02/2020 11:31,201912,WESTERN EUROPE-EU,DENMARK,DUNDEE,BILLUND,0,0,0,28,0,28,-100
10/02/2020 11:31,201912,WESTERN EUROPE-EU,DENMARK,EAST MIDLANDS INTERNATIONAL,COPENHAGEN,370,370,0,0,0,0,0
10/02/2020 11:31,201912,WESTERN EUROPE-EU,DENMARK,EDINBURGH,BILLUND,0,0,0,159,159,0,-100
10/02/2020 11:31,201912,WESTERN EUROPE-EU,DENMARK,EDINBURGH,COPENHAGEN,16526,16526,0,15856,15856,0,4.22553
10/02/2020 11:31,201912,WESTERN EUROPE-EU,DENMARK,GLASGOW,COPENHAGEN,3,3,0,0,0,0,0
10/02/2020 11:31,201912,WESTERN EUROPE-EU,DENMARK,LEEDS BRADFORD,COPENHAGEN,372,372,0,185,185,0,101.081081
10/02/2020 11:31,201912,WESTERN EUROPE-EU,DENMARK,LIVERPOOL (JOHN LENNON),COPENHAGEN,3236,2915,321,0,0,0,0
10/02/2020 11:31,201912,WESTERN EUROPE-EU,DENMARK,LIVERPOOL (JOHN LENNON),KARUP,0,0,0,128,0,128,-100
10/02/2020 11:31,201912,WESTERN EUROPE-EU,DENMARK,MANCHESTER,AARHUS (TIRSTRUP),364,364,0,0,0,0,0
10/02/2020 11:31,201912,WESTERN EUROPE-EU,DENMARK,MANCHESTER,BILLUND,4406,4406,0,1487,1487,0,196.301278
10/02/2020 11:31,201912,WESTERN EUROPE-EU,DENMARK,MANCHESTER,COPENHAGEN,27943,27943,0,29599,29599,0,-5.594784
10/02/2020 11:31,201912,WESTERN EUROPE-EU,DENMARK,NEWCASTLE,COPENHAGEN,179,179,0,187,187,0,-4.278075
10/02/2020 11:31,201912,WESTERN EUROPE-EU,FINLAND,GATWICK,ENONTEKIO,2058,0,2058,2858,0,2858,-27.991603
10/02/2020 11:31,201912,WESTERN EUROPE-EU,FINLAND,GATWICK,HELSINKI,17559,17559,0,18967,18967,0,-7.42342
10/02/2020 11:31,201912,WESTERN EUROPE-EU,FINLAND,GATWICK,IVALO,8497,2125,6372,10347,1384,8963,-17.879579
10/02/2020 11:31,201912,WESTERN EUROPE-EU,FINLAND,GATWICK,KITTILA,15334,945,14389,15656,2791,12865,-2.056719
10/02/2020 11:31,201912,WESTERN EUROPE-EU,FINLAND,GATWICK,KUUSAMO,3391,0,3391,3260,0,3260,4.018405
10/02/2020 11:31,201912,WESTERN EUROPE-EU,FINLAND,GATWICK,ROVANIEMI,18411,8349,10062,22425,11114,11311,-17.899666
10/02/2020 11:31,201912,WESTERN EUROPE-EU,FINLAND,HEATHROW,HELSINKI,70342,70342,0,65353,65353,0,7.633927
10/02/2020 11:31,201912,WESTERN EUROPE-EU,FINLAND,LUTON,IVALO,722,0,722,1337,715,622,-45.998504
10/02/2020 11:31,201912,WESTERN EUROPE-EU,FINLAND,STANSTED,ENONTEKIO,3003,0,3003,1454,0,1454,106.5337
10/02/2020 11:31,201912,WESTERN EUROPE-EU,FINLAND,STANSTED,IVALO,2348,0,2348,2016,0,2016,16.468254
10/02/2020 11:31,201912,WESTERN EUROPE-EU,FINLAND,STANSTED,KITTILA,0,0,0,592,0,592,-100
10/02/2020 11:31,201912,WESTERN EUROPE-EU,FINLAND,STANSTED,ROVANIEMI,377,0,377,362,0,362,4.143646
10/02/2020 11:31,201912,WESTERN EUROPE-EU,FINLAND,ABERDEEN,ENONTEKIO,743,0,743,748,0,748,-0.668449
10/02/2020 11:31,201912,WESTERN EUROPE-EU,FINLAND,ABERDEEN,IVALO,252,0,252,270,0,270,-6.666667
10/02/2020 11:31,201912,WESTERN EUROPE-EU,FINLAND,BELFAST INTERNATIONAL,ENONTEKIO,810,0,810,370,0,370,118.918919
10/02/2020 11:31,201912,WESTERN EUROPE-EU,FINLAND,BELFAST INTERNATIONAL,IVALO,200,0,200,180,0,180,11.111111
10/02/2020 11:31,201912,WESTERN EUROPE-EU,FINLAND,BELFAST INTERNATIONAL,ROVANIEMI,0,0,0,1728,0,1728,-100
10/02/2020 11:31,201912,WESTERN EUROPE-EU,FINLAND,BIRMINGHAM,ENONTEKIO,1953,0,1953,2022,0,2022,-3.412463
10/02/2020 11:31,201912,WESTERN EUROPE-EU,FINLAND,BIRMINGHAM,IVALO,3711,0,3711,4943,0,4943,-24.924135
10/02/2020 11:31,201912,WESTERN EUROPE-EU,FINLAND,BIRMINGHAM,KITTILA,626,0,626,442,0,442,41.628959
10/02/2020 11:31,201912,WESTERN EUROPE-EU,FINLAND,BIRMINGHAM,KUUSAMO,548,0,548,727,0,727,-24.621733
10/02/2020 11:31,201912,WESTERN EUROPE-EU,FINLAND,BIRMINGHAM,ROVANIEMI,3633,0,3633,6105,1992,4113,-40.4914
10/02/2020 11:31,201912,WESTERN EUROPE-EU,FINLAND,BOURNEMOUTH,ENONTEKIO,376,0,376,710,0,710,-47.042254
10/02/2020 11:31,201912,WESTERN EUROPE-EU,FINLAND,BOURNEMOUTH,IVALO,820,0,820,598,0,598,37.123746
10/02/2020 11:31,201912,WESTERN EUROPE-EU,FINLAND,BOURNEMOUTH,KITTILA,378,0,378,371,0,371,1.886792
10/02/2020 11:31,201912,WESTERN EUROPE-EU,FINLAND,BRISTOL,ENONTEKIO,1494,0,1494,1418,171,1247,5.359661
10/02/2020 11:31,201912,WESTERN EUROPE-EU,FINLAND,BRISTOL,IVALO,960,0,960,1083,0,1083,-11.357341
10/02/2020 11:31,201912,WESTERN EUROPE-EU,FINLAND,BRISTOL,KITTILA,6956,0,6956,7018,0,7018,-0.883443
10/02/2020 11:31,201912,WESTERN EUROPE-EU,FINLAND,BRISTOL,ROVANIEMI,742,0,742,1620,0,1620,-54.197531
10/02/2020 11:31,201912,WESTERN EUROPE-EU,FINLAND,CARDIFF WALES,ENONTEKIO,378,0,378,375,0,375,0.8
10/02/2020 11:31,201912,WESTERN EUROPE-EU,FINLAND,CARDIFF WALES,IVALO,354,0,354,512,0,512,-30.859375
10/02/2020 11:31,201912,WESTERN EUROPE-EU,FINLAND,DONCASTER SHEFFIELD,ENONTEKIO,1143,0,1143,1060,0,1060,7.830189
10/02/2020 11:31,201912,WESTERN EUROPE-EU,FINLAND,DONCASTER SHEFFIELD,KITTILA,2471,0,2471,2290,0,2290,7.90393
10/02/2020 11:31,201912,WESTERN EUROPE-EU,FINLAND,EAST MIDLANDS INTERNATIONAL,ENONTEKIO,1036,0,1036,1444,0,1444,-28.254848
10/02/2020 11:31,201912,WESTERN EUROPE-EU,FINLAND,EAST MIDLANDS INTERNATIONAL,IVALO,1109,0,1109,965,0,965,14.92228
10/02/2020 11:31,201912,WESTERN EUROPE-EU,FINLAND,EAST MIDLANDS INTERNATIONAL,KITTILA,3222,0,3222,4229,219,4010,-23.811776
10/02/2020 11:31,201912,WESTERN EUROPE-EU,FINLAND,EAST MIDLANDS INTERNATIONAL,ROVANIEMI,308,0,308,2477,1736,741,-87.565604
10/02/2020 11:31,201912,WESTERN EUROPE-EU,FINLAND,EDINBURGH,ENONTEKIO,758,0,758,732,0,732,3.551913
10/02/2020 11:31,201912,WESTERN EUROPE-EU,FINLAND,EDINBURGH,HELSINKI,2686,2686,0,2649,2649,0,1.396753
10/02/2020 11:31,201912,WESTERN EUROPE-EU,FINLAND,EDINBURGH,IVALO,396,0,396,342,0,342,15.789474
10/02/2020 11:31,201912,WESTERN EUROPE-EU,FINLAND,EDINBURGH,KITTILA,378,0,378,376,0,376,0.531915
10/02/2020 11:31,201912,WESTERN EUROPE-EU,FINLAND,EXETER,ENONTEKIO,378,0,378,374,0,374,1.069519
10/02/2020 11:31,201912,WESTERN EUROPE-EU,FINLAND,EXETER,IVALO,179,0,179,179,0,179,0
10/02/2020 11:31,201912,WESTERN EUROPE-EU,FINLAND,EXETER,ROVANIEMI,0,0,0,138,0,138,-100
10/02/2020 11:31,201912,WESTERN EUROPE-EU,FINLAND,GLASGOW,ENONTEKIO,1305,0,1305,1229,359,870,6.183889
10/02/2020 11:31,201912,WESTERN EUROPE-EU,FINLAND,GLASGOW,IVALO,694,0,694,713,713,0,-2.664797
10/02/2020 11:31,201912,WESTERN EUROPE-EU,FINLAND,GLASGOW,KITTILA,0,0,0,411,0,411,-100
10/02/2020 11:31,201912,WESTERN EUROPE-EU,FINLAND,GLASGOW,ROVANIEMI,2734,0,2734,3287,430,2857,-16.823852
10/02/2020 11:31,201912,WESTERN EUROPE-EU,FINLAND,HUMBERSIDE,ENONTEKIO,544,0,544,538,0,538,1.115242
10/02/2020 11:31,201912,WESTERN EUROPE-EU,FINLAND,HUMBERSIDE,IVALO,338,0,338,356,0,356,-5.05618
10/02/2020 11:31,201912,WESTERN EUROPE-EU,FINLAND,LEEDS BRADFORD,ENONTEKIO,1713,0,1713,742,0,742,130.862534
10/02/2020 11:31,201912,WESTERN EUROPE-EU,FINLAND,LEEDS BRADFORD,IVALO,1089,0,1089,1065,0,1065,2.253521
10/02/2020 11:31,201912,WESTERN EUROPE-EU,FINLAND,LIVERPOOL (JOHN LENNON),ENONTEKIO,746,0,746,375,0,375,98.933333
10/02/2020 11:31,201912,WESTERN EUROPE-EU,FINLAND,LIVERPOOL (JOHN LENNON),IVALO,612,0,612,629,0,629,-2.702703
10/02/2020 11:31,201912,WESTERN EUROPE-EU,FINLAND,MANCHESTER,ENONTEKIO,2910,0,2910,3303,0,3303,-11.898274
10/02/2020 11:31,201912,WESTERN EUROPE-EU,FINLAND,MANCHESTER,HELSINKI,15011,15011,0,15449,15449,0,-2.835135
10/02/2020 11:31,201912,WESTERN EUROPE-EU,FINLAND,MANCHESTER,IVALO,7326,0,7326,8384,0,8384,-12.619275
10/02/2020 11:31,201912,WESTERN EUROPE-EU,FINLAND,MANCHESTER,KITTILA,13917,0,13917,11836,1309,10527,17.581953
10/02/2020 11:31,201912,WESTERN EUROPE-EU,FINLAND,MANCHESTER,KUUSAMO,3301,0,3301,3163,0,3163,4.362947
10/02/2020 11:31,201912,WESTERN EUROPE-EU,FINLAND,MANCHESTER,ROVANIEMI,9195,3072,6123,12311,5998,6313,-25.310698
10/02/2020 11:31,201912,WESTERN EUROPE-EU,FINLAND,NEWCASTLE,ENONTEKIO,756,756,0,153,153,0,394.117647
10/02/2020 11:31,201912,WESTERN EUROPE-EU,FINLAND,NEWCASTLE,IVALO,702,702,0,624,624,0,12.5
10/02/2020 11:31,201912,WESTERN EUROPE-EU,FINLAND,NEWCASTLE,KITTILA,2674,2674,0,2773,2773,0,-3.570141
10/02/2020 11:31,201912,WESTERN EUROPE-EU,FINLAND,NEWCASTLE,ROVANIEMI,372,372,0,1236,1236,0,-69.902913
10/02/2020 11:31,201912,WESTERN EUROPE-EU,FINLAND,NORWICH,ENONTEKIO,372,0,372,0,0,0,0
10/02/2020 11:31,201912,WESTERN EUROPE-EU,FINLAND,NORWICH,IVALO,360,0,360,356,0,356,1.123596
10/02/2020 11:31,201912,WESTERN EUROPE-EU,FINLAND,PRESTWICK,ROVANIEMI,346,0,346,0,0,0,0
10/02/2020 11:31,201912,WESTERN EUROPE-EU,FINLAND,TEESSIDE INTERNATIONAL AIRPORT,ENONTEKIO,377,0,377,374,0,374,0.802139
10/02/2020 11:31,201912,WESTERN EUROPE-EU,FRANCE,GATWICK,BORDEAUX,23360,23360,0,19028,19028,0,22.766449
10/02/2020 11:31,201912,WESTERN EUROPE-EU,FRANCE,GATWICK,CHAMBERY,5687,0,5687,5973,0,5973,-4.788214
10/02/2020 11:31,201912,WESTERN EUROPE-EU,FRANCE,GATWICK,GRENOBLE,15074,7224,7850,15165,6815,8350,-0.600066
10/02/2020 11:31,201912,WESTERN EUROPE-EU,FRANCE,GATWICK,LYON,27893,24734,3159,23828,21861,1967,17.059762
10/02/2020 11:31,201912,WESTERN EUROPE-EU,FRANCE,GATWICK,MARSEILLE,13077,12977,100,9953,9953,0,31.387521
10/02/2020 11:31,201912,WESTERN EUROPE-EU,FRANCE,GATWICK,MONTPELLIER,12776,12776,0,10374,10374,0,23.154039
10/02/2020 11:31,201912,WESTERN EUROPE-EU,FRANCE,GATWICK,NANTES,15028,15028,0,12980,12980,0,15.77812
10/02/2020 11:31,201912,WESTERN EUROPE-EU,FRANCE,GATWICK,NICE,31619,31612,7,31932,31932,0,-0.980208
10/02/2020 11:31,201912,WESTERN EUROPE-EU,FRANCE,GATWICK,PARIS (CHARLES DE GAULLE),55220,55220,0,40490,40490,0,36.379353
10/02/2020 11:31,201912,WESTERN EUROPE-EU,FRANCE,GATWICK,TOULON / HYERES,78,0,78,0,0,0,0
10/02/2020 11:31,201912,WESTERN EUROPE-EU,FRANCE,GATWICK,TOULOUSE (BLAGNAC),19657,17784,1873,18552,17750,802,5.956231
10/02/2020 11:31,201912,WESTERN EUROPE-EU,FRANCE,HEATHROW,GRENOBLE,660,660,0,563,563,0,17.22913
10/02/2020 11:31,201912,WESTERN EUROPE-EU,FRANCE,HEATHROW,LYON,22090,22090,0,20507,20507,0,7.719315
10/02/2020 11:31,201912,WESTERN EUROPE-EU,FRANCE,HEATHROW,MARSEILLE,20065,20065,0,18984,18984,0,5.694269
10/02/2020 11:31,201912,WESTERN EUROPE-EU,FRANCE,HEATHROW,NICE,30827,30827,0,28401,28401,0,8.541953
10/02/2020 11:31,201912,WESTERN EUROPE-EU,FRANCE,HEATHROW,PARIS (CHARLES DE GAULLE),115204,115204,0,102683,102683,0,12.193839
10/02/2020 11:31,201912,WESTERN EUROPE-EU,FRANCE,HEATHROW,TOULOUSE (BLAGNAC),18805,18805,0,19231,19231,0,-2.215173
10/02/2020 11:31,201912,WESTERN EUROPE-EU,FRANCE,LONDON CITY,CHAMBERY,1516,1516,0,1522,1522,0,-0.394218
10/02/2020 11:31,201912,WESTERN EUROPE-EU,FRANCE,LONDON CITY,PARIS (ORLY),0,0,0,6325,6325,0,-100
10/02/2020 11:31,201912,WESTERN EUROPE-EU,FRANCE,LUTON,BEZIERS,1887,1887,0,2908,2908,0,-35.110041
10/02/2020 11:31,201912,WESTERN EUROPE-EU,FRANCE,LUTON,BORDEAUX,7347,7347,0,8665,8665,0,-15.210617
10/02/2020 11:31,201912,WESTERN EUROPE-EU,FRANCE,LUTON,CHAMBERY,0,0,0,557,0,557,-100
10/02/2020 11:31,201912,WESTERN EUROPE-EU,FRANCE,LUTON,GRENOBLE,3802,3802,0,2601,2601,0,46.174548
10/02/2020 11:31,201912,WESTERN EUROPE-EU,FRANCE,LUTON,LYON,12055,12055,0,9792,9792,0,23.110703
10/02/2020 11:31,201912,WESTERN EUROPE-EU,FRANCE,LUTON,MARSEILLE,2325,2325,0,2785,2785,0,-16.517056
10/02/2020 11:31,201912,WESTERN EUROPE-EU,FRANCE,LUTON,NANTES,4094,4094,0,3817,3817,0,7.257008
10/02/2020 11:31,201912,WESTERN EUROPE-EU,FRANCE,LUTON,NICE,7138,7138,0,6610,6610,0,7.987897
10/02/2020 11:31,201912,WESTERN EUROPE-EU,FRANCE,LUTON,PARIS (CHARLES DE GAULLE),26156,26156,0,25555,25555,0,2.35179
10/02/2020 11:31,201912,WESTERN EUROPE-EU,FRANCE,LUTON,TOULOUSE (BLAGNAC),0,0,0,4130,4130,0,-100
10/02/2020 11:31,201912,WESTERN EUROPE-EU,FRANCE,SOUTHEND,BREST,1979,1979,0,0,0,0,0
10/02/2020 11:31,201912,WESTERN EUROPE-EU,FRANCE,SOUTHEND,CAEN,1513,1513,0,1263,1263,0,19.794141
10/02/2020 11:31,201912,WESTERN EUROPE-EU,FRANCE,SOUTHEND,LYON,0,0,0,3116,3116,0,-100
10/02/2020 11:31,201912,WESTERN EUROPE-EU,FRANCE,SOUTHEND,PARIS (CHARLES DE GAULLE),5589,5589,0,5185,5185,0,7.791707
10/02/2020 11:31,201912,WESTERN EUROPE-EU,FRANCE,SOUTHEND,RENNES,3453,3453,0,4252,4252,0,-18.791157
10/02/2020 11:31,201912,WESTERN EUROPE-EU,FRANCE,STANSTED,BERGERAC,4196,4196,0,4375,4375,0,-4.091429
10/02/2020 11:31,201912,WESTERN EUROPE-EU,FRANCE,STANSTED,BIARRITZ,4466,4466,0,4539,4539,0,-1.608284
10/02/2020 11:31,201912,WESTERN EUROPE-EU,FRANCE,STANSTED,BORDEAUX,7915,7915,0,6846,6846,0,15.614958
10/02/2020 11:31,201912,WESTERN EUROPE-EU,FRANCE,STANSTED,CARCASSONNE,3198,3198,0,4265,4265,0,-25.017585
10/02/2020 11:31,201912,WESTERN EUROPE-EU,FRANCE,STANSTED,CHAMBERY,2554,739,1815,2786,825,1961,-8.327351
10/02/2020 11:31,201912,WESTERN EUROPE-EU,FRANCE,STANSTED,DINARD,3590,3590,0,3957,3957,0,-9.274703
10/02/2020 11:31,201912,WESTERN EUROPE-EU,FRANCE,STANSTED,DOLE,726,726,0,703,703,0,3.271693
10/02/2020 11:31,201912,WESTERN EUROPE-EU,FRANCE,STANSTED,GRENOBLE,6799,6175,624,5048,4829,219,34.687005
10/02/2020 11:31,201912,WESTERN EUROPE-EU,FRANCE,STANSTED,LA ROCHELLE,2795,2795,0,2907,2907,0,-3.852769
10/02/2020 11:31,201912,WESTERN EUROPE-EU,FRANCE,STANSTED,LIMOGES,6283,6283,0,6037,6037,0,4.074872
10/02/2020 11:31,201912,WESTERN EUROPE-EU,FRANCE,STANSTED,LYON,2395,2395,0,2191,2191,0,9.310817
10/02/2020 11:31,201912,WESTERN EUROPE-EU,FRANCE,STANSTED,MARSEILLE,9869,9869,0,9227,9227,0,6.957841
10/02/2020 11:31,201912,WESTERN EUROPE-EU,FRANCE,STANSTED,NANTES,8850,8850,0,5069,5069,0,74.590649
10/02/2020 11:31,201912,WESTERN EUROPE-EU,FRANCE,STANSTED,NICE,10680,10680,0,13422,13422,0,-20.429146
10/02/2020 11:31,201912,WESTERN EUROPE-EU,FRANCE,STANSTED,NIMES,0,0,0,2513,2513,0,-100
10/02/2020 11:31,201912,WESTERN EUROPE-EU,FRANCE,STANSTED,PARIS (CHARLES DE GAULLE),4870,4870,0,0,0,0,0
10/02/2020 11:31,201912,WESTERN EUROPE-EU,FRANCE,STANSTED,PAU,367,367,0,0,0,0,0
10/02/2020 11:31,201912,WESTERN EUROPE-EU,FRANCE,STANSTED,POITIERS,3244,3244,0,3011,3011,0,7.738293
10/02/2020 11:31,201912,WESTERN EUROPE-EU,FRANCE,STANSTED,TARBES-LOURDES INTERNATIONAL,2895,2895,0,3126,3126,0,-7.389635
10/02/2020 11:31,201912,WESTERN EUROPE-EU,FRANCE,STANSTED,TOULOUSE (BLAGNAC),15846,15846,0,17177,17177,0,-7.748734
10/02/2020 11:31,201912,WESTERN EUROPE-EU,FRANCE,STANSTED,TOURS,3027,3027,0,3042,3042,0,-0.493097
10/02/2020 11:31,201912,WESTERN EUROPE-EU,FRANCE,ABERDEEN,PARIS (CHARLES DE GAULLE),7132,7132,0,7570,7570,0,-5.785997
10/02/2020 11:31,201912,WESTERN EUROPE-EU,FRANCE,BELFAST CITY (GEORGE BEST),PARIS (CHARLES DE GAULLE),63,63,0,0,0,0,0
10/02/2020 11:31,201912,WESTERN EUROPE-EU,FRANCE,BELFAST INTERNATIONAL,LYON,753,753,0,764,764,0,-1.439791
10/02/2020 11:31,201912,WESTERN EUROPE-EU,FRANCE,BELFAST INTERNATIONAL,PARIS (CHARLES DE GAULLE),6656,6656,0,6190,6190,0,7.528271
10/02/2020 11:31,201912,WESTERN EUROPE-EU,FRANCE,BIGGIN HILL,AVIGNON,9,0,9,0,0,0,0
10/02/2020 11:31,201912,WESTERN EUROPE-EU,FRANCE,BIGGIN HILL,CHAMBERY,0,0,0,11,0,11,-100
10/02/2020 11:31,201912,WESTERN EUROPE-EU,FRANCE,BIGGIN HILL,NICE,4,0,4,0,0,0,0
10/02/2020 11:31,201912,WESTERN EUROPE-EU,FRANCE,BIGGIN HILL,PARIS (LE BOURGET),0,0,0,2,0,2,-100
10/02/2020 11:31,201912,WESTERN EUROPE-EU,FRANCE,BIRMINGHAM,CHAMBERY,1772,442,1330,1862,383,1479,-4.833512
10/02/2020 11:31,201912,WESTERN EUROPE-EU,FRANCE,BIRMINGHAM,GRENOBLE,1462,1462,0,1504,1001,503,-2.792553
10/02/2020 11:31,201912,WESTERN EUROPE-EU,FRANCE,BIRMINGHAM,LYON,710,415,295,3642,3642,0,-80.505217
10/02/2020 11:31,201912,WESTERN EUROPE-EU,FRANCE,BIRMINGHAM,MONTPELLIER,0,0,0,270,0,270,-100
10/02/2020 11:31,201912,WESTERN EUROPE-EU,FRANCE,BIRMINGHAM,NANTES,391,391,0,995,995,0,-60.703518
10/02/2020 11:31,201912,WESTERN EUROPE-EU,FRANCE,BIRMINGHAM,PARIS (CHARLES DE GAULLE),33579,33579,0,36123,36123,0,-7.042604
10/02/2020 11:31,201912,WESTERN EUROPE-EU,FRANCE,BIRMINGHAM,PAU,0,0,0,90,0,90,-100
10/02/2020 11:31,201912,WESTERN EUROPE-EU,FRANCE,BIRMINGHAM,TOULOUSE (BLAGNAC),756,0,756,552,0,552,36.956522
10/02/2020 11:31,201912,WESTERN EUROPE-EU,FRANCE,BRISTOL,BORDEAUX,3040,3040,0,3087,3087,0,-1.522514
10/02/2020 11:31,201912,WESTERN EUROPE-EU,FRANCE,BRISTOL,CHAMBERY,1615,0,1615,1275,0,1275,26.666667
10/02/2020 11:31,201912,WESTERN EUROPE-EU,FRANCE,BRISTOL,CLERMONT FERRAND,706,0,706,0,0,0,0
10/02/2020 11:31,201912,WESTERN EUROPE-EU,FRANCE,BRISTOL,GRENOBLE,2836,2383,453,2470,2470,0,14.817814
10/02/2020 11:31,201912,WESTERN EUROPE-EU,FRANCE,BRISTOL,LA ROCHELLE,0,0,0,252,0,252,-100
10/02/2020 11:31,201912,WESTERN EUROPE-EU,FRANCE,BRISTOL,LIMOGES,0,0,0,2579,2579,0,-100
10/02/2020 11:31,201912,WESTERN EUROPE-EU,FRANCE,BRISTOL,LYON,1657,1504,153,1066,879,187,55.440901
10/02/2020 11:31,201912,WESTERN EUROPE-EU,FRANCE,BRISTOL,NICE,3319,3319,0,2522,2522,0,31.601903
10/02/2020 11:31,201912,WESTERN EUROPE-EU,FRANCE,BRISTOL,PARIS (CHARLES DE GAULLE),17773,17773,0,12736,12736,0,39.549309
10/02/2020 11:31,201912,WESTERN EUROPE-EU,FRANCE,BRISTOL,TOULOUSE (BLAGNAC),5607,4927,680,6488,6488,0,-13.578915
10/02/2020 11:31,201912,WESTERN EUROPE-EU,FRANCE,CARDIFF WALES,BIARRITZ,176,0,176,0,0,0,0
10/02/2020 11:31,201912,WESTERN EUROPE-EU,FRANCE,CARDIFF WALES,CHAMBERY,325,325,0,350,350,0,-7.142857
10/02/2020 11:31,201912,WESTERN EUROPE-EU,FRANCE,CARDIFF WALES,PARIS (CHARLES DE GAULLE),4179,4179,0,4787,4787,0,-12.701065
10/02/2020 11:31,201912,WESTERN EUROPE-EU,FRANCE,CARDIFF WALES,PAU,195,0,195,0,0,0,0
10/02/2020 11:31,201912,WESTERN EUROPE-EU,FRANCE,CARDIFF WALES,TOULOUSE (BLAGNAC),0,0,0,83,83,0,-100
10/02/2020 11:31,201912,WESTERN EUROPE-EU,FRANCE,CARDIFF WALES,VILLACOUBLAY,84,0,84,0,0,0,0
10/02/2020 11:31,201912,WESTERN EUROPE-EU,FRANCE,DONCASTER SHEFFIELD,PARIS (CHARLES DE GAULLE),0,0,0,1448,1448,0,-100
10/02/2020 11:31,201912,WESTERN EUROPE-EU,FRANCE,EAST MIDLANDS INTERNATIONAL,CHAMBERY,546,0,546,316,0,316,72.78481
10/02/2020 11:31,201912,WESTERN EUROPE-EU,FRANCE,EAST MIDLANDS INTERNATIONAL,LIMOGES,3271,3271,0,2955,2955,0,10.693739
10/02/2020 11:31,201912,WESTERN EUROPE-EU,FRANCE,EAST MIDLANDS INTERNATIONAL,LYON,0,0,0,338,0,338,-100
10/02/2020 11:31,201912,WESTERN EUROPE-EU,FRANCE,EAST MIDLANDS INTERNATIONAL,PARIS (CHARLES DE GAULLE),0,0,0,421,0,421,-100
10/02/2020 11:31,201912,WESTERN EUROPE-EU,FRANCE,EDINBURGH,BASTIA,119,0,119,0,0,0,0
10/02/2020 11:31,201912,WESTERN EUROPE-EU,FRANCE,EDINBURGH,CHAMBERY,622,0,622,743,0,743,-16.28533
10/02/2020 11:31,201912,WESTERN EUROPE-EU,FRANCE,EDINBURGH,GRENOBLE,816,816,0,843,843,0,-3.202847
10/02/2020 11:31,201912,WESTERN EUROPE-EU,FRANCE,EDINBURGH,LYON,875,875,0,775,775,0,12.903226
10/02/2020 11:31,201912,WESTERN EUROPE-EU,FRANCE,EDINBURGH,MARSEILLE,3555,3555,0,2869,2869,0,23.91077
10/02/2020 11:31,201912,WESTERN EUROPE-EU,FRANCE,EDINBURGH,NANTES,3868,3868,0,2939,2939,0,31.609391
10/02/2020 11:31,201912,WESTERN EUROPE-EU,FRANCE,EDINBURGH,PARIS (CHARLES DE GAULLE),31428,31428,0,33674,33674,0,-6.669834
10/02/2020 11:31,201912,WESTERN EUROPE-EU,FRANCE,EDINBURGH,TOULOUSE (BLAGNAC),3252,3161,91,2722,2684,38,19.470977
10/02/2020 11:31,201912,WESTERN EUROPE-EU,FRANCE,EXETER,CHAMBERY,907,342,565,813,449,364,11.562116
10/02/2020 11:31,201912,WESTERN EUROPE-EU,FRANCE,EXETER,LYON,0,0,0,187,0,187,-100
10/02/2020 11:31,201912,WESTERN EUROPE-EU,FRANCE,EXETER,PARIS (CHARLES DE GAULLE),6104,6104,0,6092,6092,0,0.19698
10/02/2020 11:31,201912,WESTERN EUROPE-EU,FRANCE,GLASGOW,CHAMBERY,179,0,179,0,0,0,0
10/02/2020 11:31,201912,WESTERN EUROPE-EU,FRANCE,GLASGOW,GRENOBLE,495,495,0,238,238,0,107.983193
10/02/2020 11:31,201912,WESTERN EUROPE-EU,FRANCE,GLASGOW,LA ROCHELLE,470,0,470,0,0,0,0
10/02/2020 11:31,201912,WESTERN EUROPE-EU,FRANCE,GLASGOW,LYON,0,0,0,729,0,729,-100
10/02/2020 11:31,201912,WESTERN EUROPE-EU,FRANCE,GLASGOW,PARIS (CHARLES DE GAULLE),8432,8432,0,8999,8999,0,-6.3007
10/02/2020 11:31,201912,WESTERN EUROPE-EU,FRANCE,GUERNSEY,DINARD,0,0,0,127,127,0,-100
10/02/2020 11:31,201912,WESTERN EUROPE-EU,FRANCE,GUERNSEY,GRENOBLE,0,0,0,30,30,0,-100
10/02/2020 11:31,201912,WESTERN EUROPE-EU,FRANCE,JERSEY,BEAUVAIS,134,0,134,0,0,0,0
10/02/2020 11:31,201912,WESTERN EUROPE-EU,FRANCE,JERSEY,GRENOBLE,0,0,0,36,36,0,-100
10/02/2020 11:31,201912,WESTERN EUROPE-EU,FRANCE,LEEDS BRADFORD,GRENOBLE,499,499,0,456,456,0,9.429825
10/02/2020 11:31,201912,WESTERN EUROPE-EU,FRANCE,LEEDS BRADFORD,PARIS (CHARLES DE GAULLE),4700,4700,0,4252,4252,0,10.536218
10/02/2020 11:31,201912,WESTERN EUROPE-EU,FRANCE,LIVERPOOL (JOHN LENNON),GRENOBLE,1318,1318,0,640,640,0,105.9375
10/02/2020 11:31,201912,WESTERN EUROPE-EU,FRANCE,LIVERPOOL (JOHN LENNON),NICE,4632,4632,0,4375,4375,0,5.874286
10/02/2020 11:31,201912,WESTERN EUROPE-EU,FRANCE,LIVERPOOL (JOHN LENNON),PARIS (CHARLES DE GAULLE),7260,7260,0,7174,7174,0,1.198773
10/02/2020 11:31,201912,WESTERN EUROPE-EU,FRANCE,LIVERPOOL (JOHN LENNON),TOULOUSE (BLAGNAC),0,0,0,2964,2964,0,-100
10/02/2020 11:31,201912,WESTERN EUROPE-EU,FRANCE,MANCHESTER,BIARRITZ,170,170,0,0,0,0,0
10/02/2020 11:31,201912,WESTERN EUROPE-EU,FRANCE,MANCHESTER,BORDEAUX,4218,4218,0,2162,2080,82,95.097132
10/02/2020 11:31,201912,WESTERN EUROPE-EU,FRANCE,MANCHESTER,CARCASSONNE,2624,2624,0,3332,3332,0,-21.248499
10/02/2020 11:31,201912,WESTERN EUROPE-EU,FRANCE,MANCHESTER,CHAMBERY,3160,510,2650,4075,1042,3033,-22.453988
10/02/2020 11:31,201912,WESTERN EUROPE-EU,FRANCE,MANCHESTER,GRENOBLE,2658,2658,0,2826,2826,0,-5.944798
10/02/2020 11:31,201912,WESTERN EUROPE-EU,FRANCE,MANCHESTER,LIMOGES,4004,4004,0,3138,3138,0,27.597196
10/02/2020 11:31,201912,WESTERN EUROPE-EU,FRANCE,MANCHESTER,LYON,4322,4322,0,3583,3583,0,20.625174
10/02/2020 11:31,201912,WESTERN EUROPE-EU,FRANCE,MANCHESTER,MARSEILLE,2474,2474,0,0,0,0,0
10/02/2020 11:31,201912,WESTERN EUROPE-EU,FRANCE,MANCHESTER,NANTES,3091,3091,0,501,501,0,516.966068
10/02/2020 11:31,201912,WESTERN EUROPE-EU,FRANCE,MANCHESTER,NICE,1952,1952,0,0,0,0,0
10/02/2020 11:31,201912,WESTERN EUROPE-EU,FRANCE,MANCHESTER,PARIS (CHARLES DE GAULLE),57687,57687,0,58637,58637,0,-1.620137
10/02/2020 11:31,201912,WESTERN EUROPE-EU,FRANCE,MANCHESTER,TOULOUSE (BLAGNAC),1108,0,1108,2103,1546,557,-47.313362
10/02/2020 11:31,201912,WESTERN EUROPE-EU,FRANCE,NEWCASTLE,GRENOBLE,486,486,0,479,479,0,1.461378
10/02/2020 11:31,201912,WESTERN EUROPE-EU,FRANCE,NEWCASTLE,PARIS (CHARLES DE GAULLE),13166,13166,0,13451,13451,0,-2.118802
10/02/2020 11:31,201912,WESTERN EUROPE-EU,FRANCE,SOUTHAMPTON,BERGERAC,1272,1272,0,2522,2522,0,-49.563838
10/02/2020 11:31,201912,WESTERN EUROPE-EU,FRANCE,SOUTHAMPTON,BORDEAUX,0,0,0,206,206,0,-100
10/02/2020 11:31,201912,WESTERN EUROPE-EU,FRANCE,SOUTHAMPTON,CHAMBERY,633,633,0,1306,720,586,-51.531394
10/02/2020 11:31,201912,WESTERN EUROPE-EU,FRANCE,SOUTHAMPTON,LA ROCHELLE,0,0,0,226,226,0,-100
10/02/2020 11:31,201912,WESTERN EUROPE-EU,FRANCE,SOUTHAMPTON,LIMOGES,387,387,0,714,714,0,-45.798319
10/02/2020 11:31,201912,WESTERN EUROPE-EU,FRANCE,SOUTHAMPTON,LYON,0,0,0,202,202,0,-100
10/02/2020 11:31,201912,WESTERN EUROPE-EU,FRANCE,SOUTHAMPTON,NANTES,0,0,0,988,988,0,-100
10/02/2020 11:31,201912,WESTERN EUROPE-EU,FRANCE,SOUTHAMPTON,PARIS (CHARLES DE GAULLE),6908,6908,0,5861,5861,0,17.863846
10/02/2020 11:31,201912,WESTERN EUROPE-EU,FRANCE,SOUTHAMPTON,RENNES,0,0,0,827,827,0,-100
10/02/2020 11:31,201912,WESTERN EUROPE-EU,GERMANY,GATWICK,BERLIN (SCHONEFELD),18098,18098,0,16216,16216,0,11.605821
10/02/2020 11:31,201912,WESTERN EUROPE-EU,GERMANY,GATWICK,BERLIN (TEGEL),27211,27211,0,23308,23308,0,16.745323
10/02/2020 11:31,201912,WESTERN EUROPE-EU,GERMANY,GATWICK,COLOGNE BONN,5890,5890,0,4324,4324,0,36.216466
10/02/2020 11:31,201912,WESTERN EUROPE-EU,GERMANY,GATWICK,DUSSELDORF,16230,16230,0,0,0,0,0
10/02/2020 11:31,201912,WESTERN EUROPE-EU,GERMANY,GATWICK,FRANKFURT MAIN,9,0,9,0,0,0,0
10/02/2020 11:31,201912,WESTERN EUROPE-EU,GERMANY,GATWICK,FRIEDRICHSHAFEN,3679,1800,1879,3436,2369,1067,7.072177
10/02/2020 11:31,201912,WESTERN EUROPE-EU,GERMANY,GATWICK,HAMBURG,17738,17732,6,15328,15328,0,15.72286
10/02/2020 11:31,201912,WESTERN EUROPE-EU,GERMANY,GATWICK,MUNICH,24913,24913,0,21436,21436,0,16.220377
10/02/2020 11:31,201912,WESTERN EUROPE-EU,GERMANY,GATWICK,NUREMBERG,4901,4901,0,4565,4565,0,7.36035
10/02/2020 11:31,201912,WESTERN EUROPE-EU,GERMANY,GATWICK,STUTTGART,12598,12598,0,10974,10974,0,14.798615
10/02/2020 11:31,201912,WESTERN EUROPE-EU,GERMANY,HEATHROW,BERLIN (TEGEL),55767,55767,0,76892,76892,0,-27.473599
10/02/2020 11:31,201912,WESTERN EUROPE-EU,GERMANY,HEATHROW,COLOGNE BONN,17626,17626,0,16232,16232,0,8.587974
10/02/2020 11:31,201912,WESTERN EUROPE-EU,GERMANY,HEATHROW,DUSSELDORF,66896,66896,0,65616,65616,0,1.950744
10/02/2020 11:31,201912,WESTERN EUROPE-EU,GERMANY,HEATHROW,FRANKFURT MAIN,117968,117968,0,118566,118566,0,-0.50436
10/02/2020 11:31,201912,WESTERN EUROPE-EU,GERMANY,HEATHROW,HAMBURG,51012,51012,0,50931,50931,0,0.159039
10/02/2020 11:31,201912,WESTERN EUROPE-EU,GERMANY,HEATHROW,HANOVER,12871,12871,0,17644,17644,0,-27.051689
10/02/2020 11:31,201912,WESTERN EUROPE-EU,GERMANY,HEATHROW,MUNICH,109527,109527,0,103812,103812,0,5.505144
10/02/2020 11:31,201912,WESTERN EUROPE-EU,GERMANY,HEATHROW,STUTTGART,28824,28824,0,30206,30206,0,-4.57525
10/02/2020 11:31,201912,WESTERN EUROPE-EU,GERMANY,LONDON CITY,BERLIN (TEGEL),13924,13924,0,9597,9597,0,45.087006
10/02/2020 11:31,201912,WESTERN EUROPE-EU,GERMANY,LONDON CITY,DUSSELDORF,8403,8403,0,12176,12176,0,-30.987188
10/02/2020 11:31,201912,WESTERN EUROPE-EU,GERMANY,LONDON CITY,FRANKFURT MAIN,20917,20917,0,18407,18407,0,13.636117
10/02/2020 11:31,201912,WESTERN EUROPE-EU,GERMANY,LONDON CITY,MUNICH,10705,10705,0,0,0,0,0
10/02/2020 11:31,201912,WESTERN EUROPE-EU,GERMANY,LUTON,BERLIN (SCHONEFELD),17492,17492,0,16103,16103,0,8.625722
10/02/2020 11:31,201912,WESTERN EUROPE-EU,GERMANY,LUTON,BERLIN (TEGEL),0,0,0,139,139,0,-100
10/02/2020 11:31,201912,WESTERN EUROPE-EU,GERMANY,LUTON,DORTMUND,15732,15732,0,15154,15154,0,3.814174
10/02/2020 11:31,201912,WESTERN EUROPE-EU,GERMANY,LUTON,HAMBURG,0,0,0,134,134,0,-100
10/02/2020 11:31,201912,WESTERN EUROPE-EU,GERMANY,LUTON,MUNICH,8672,8672,0,7034,7034,0,23.286892
10/02/2020 11:31,201912,WESTERN EUROPE-EU,GERMANY,SOUTHEND,COLOGNE BONN,0,0,0,3678,3678,0,-100
10/02/2020 11:31,201912,WESTERN EUROPE-EU,GERMANY,SOUTHEND,PADERBORN,0,0,0,72,72,0,-100
10/02/2020 11:31,201912,WESTERN EUROPE-EU,GERMANY,STANSTED,BERLIN (SCHONEFELD),37330,37330,0,38938,38771,167,-4.129642
10/02/2020 11:31,201912,WESTERN EUROPE-EU,GERMANY,STANSTED,BERLIN (TEGEL),491,491,0,461,461,0,6.507592
10/02/2020 11:31,201912,WESTERN EUROPE-EU,GERMANY,STANSTED,BREMEN,14471,14471,0,13720,13720,0,5.473761
10/02/2020 11:31,201912,WESTERN EUROPE-EU,GERMANY,STANSTED,COLOGNE BONN,22801,22801,0,35444,35444,0,-35.670353
10/02/2020 11:31,201912,WESTERN EUROPE-EU,GERMANY,STANSTED,DORTMUND,9974,9974,0,10083,10083,0,-1.081027
10/02/2020 11:31,201912,WESTERN EUROPE-EU,GERMANY,STANSTED,DRESDEN,4305,4305,0,0,0,0,0
10/02/2020 11:31,201912,WESTERN EUROPE-EU,GERMANY,STANSTED,FRANKFURT MAIN,25354,25354,0,17274,17274,0,46.775501
10/02/2020 11:31,201912,WESTERN EUROPE-EU,GERMANY,STANSTED,FRIEDRICHSHAFEN,486,486,0,0,0,0,0
10/02/2020 11:31,201912,WESTERN EUROPE-EU,GERMANY,STANSTED,HAHN,0,0,0,7335,7335,0,-100
10/02/2020 11:31,201912,WESTERN EUROPE-EU,GERMANY,STANSTED,HAMBURG,10547,10547,0,13264,13264,0,-20.484017
10/02/2020 11:31,201912,WESTERN EUROPE-EU,GERMANY,STANSTED,HANOVER,0,0,0,7073,7073,0,-100
10/02/2020 11:31,201912,WESTERN EUROPE-EU,GERMANY,STANSTED,KARLSRUHE/BADEN BADEN,10700,10700,0,10996,10996,0,-2.691888
10/02/2020 11:31,201912,WESTERN EUROPE-EU,GERMANY,STANSTED,LEIPZIG,0,0,0,3764,3764,0,-100
10/02/2020 11:31,201912,WESTERN EUROPE-EU,GERMANY,STANSTED,MEMMINGEN ALLGAU,7791,7791,0,7789,7789,0,0.025677
10/02/2020 11:31,201912,WESTERN EUROPE-EU,GERMANY,STANSTED,MUNICH,8787,8787,0,16699,16699,0,-47.380083
10/02/2020 11:31,201912,WESTERN EUROPE-EU,GERMANY,STANSTED,NUREMBERG,15906,15906,0,15486,15486,0,2.712127
10/02/2020 11:31,201912,WESTERN EUROPE-EU,GERMANY,BELFAST INTERNATIONAL,BERLIN (SCHONEFELD),0,0,0,3068,3068,0,-100
10/02/2020 11:31,201912,WESTERN EUROPE-EU,GERMANY,BELFAST INTERNATIONAL,COLOGNE BONN,292,292,0,0,0,0,0
10/02/2020 11:31,201912,WESTERN EUROPE-EU,GERMANY,BIRMINGHAM,BERLIN (TEGEL),0,0,0,6768,6768,0,-100
10/02/2020 11:31,201912,WESTERN EUROPE-EU,GERMANY,BIRMINGHAM,DUSSELDORF,23143,23143,0,24031,24031,0,-3.695227
10/02/2020 11:31,201912,WESTERN EUROPE-EU,GERMANY,BIRMINGHAM,FRANKFURT MAIN,24910,24910,0,24194,24194,0,2.959411
10/02/2020 11:31,201912,WESTERN EUROPE-EU,GERMANY,BIRMINGHAM,HAMBURG,0,0,0,3055,3055,0,-100
10/02/2020 11:31,201912,WESTERN EUROPE-EU,GERMANY,BIRMINGHAM,HANOVER,0,0,0,2562,2562,0,-100
10/02/2020 11:31,201912,WESTERN EUROPE-EU,GERMANY,BIRMINGHAM,MUNICH,14802,14802,0,15418,15418,0,-3.99533
10/02/2020 11:31,201912,WESTERN EUROPE-EU,GERMANY,BIRMINGHAM,STUTTGART,5567,5567,0,5606,5606,0,-0.695683
10/02/2020 11:31,201912,WESTERN EUROPE-EU,GERMANY,BRISTOL,BERLIN (SCHONEFELD),9097,9097,0,9471,9471,0,-3.948897
10/02/2020 11:31,201912,WESTERN EUROPE-EU,GERMANY,BRISTOL,COLOGNE BONN,5996,5996,0,6215,6215,0,-3.523733
10/02/2020 11:31,201912,WESTERN EUROPE-EU,GERMANY,BRISTOL,DUSSELDORF,0,0,0,1056,1056,0,-100
10/02/2020 11:31,201912,WESTERN EUROPE-EU,GERMANY,BRISTOL,FRANKFURT MAIN,0,0,0,3664,3664,0,-100
10/02/2020 11:31,201912,WESTERN EUROPE-EU,GERMANY,BRISTOL,HAMBURG,0,0,0,907,907,0,-100
10/02/2020 11:31,201912,WESTERN EUROPE-EU,GERMANY,BRISTOL,MUNICH,0,0,0,3517,3517,0,-100
10/02/2020 11:31,201912,WESTERN EUROPE-EU,GERMANY,CARDIFF WALES,BERLIN (TEGEL),0,0,0,1369,1369,0,-100
10/02/2020 11:31,201912,WESTERN EUROPE-EU,GERMANY,CARDIFF WALES,MUNICH,0,0,0,1876,1876,0,-100
10/02/2020 11:31,201912,WESTERN EUROPE-EU,GERMANY,EAST MIDLANDS INTERNATIONAL,BERLIN (SCHONEFELD),3773,3773,0,2850,2850,0,32.385965
10/02/2020 11:31,201912,WESTERN EUROPE-EU,GERMANY,EAST MIDLANDS INTERNATIONAL,HAMBURG,0,0,0,122,122,0,-100
10/02/2020 11:31,201912,WESTERN EUROPE-EU,GERMANY,EDINBURGH,BERLIN (SCHONEFELD),8880,8880,0,8696,8696,0,2.115915
10/02/2020 11:31,201912,WESTERN EUROPE-EU,GERMANY,EDINBURGH,BERLIN (TEGEL),8661,8661,0,3788,3788,0,128.643083
10/02/2020 11:31,201912,WESTERN EUROPE-EU,GERMANY,EDINBURGH,COLOGNE BONN,2124,2124,0,2220,2220,0,-4.324324
10/02/2020 11:31,201912,WESTERN EUROPE-EU,GERMANY,EDINBURGH,DUSSELDORF,2427,2427,0,2215,2215,0,9.571106
10/02/2020 11:31,201912,WESTERN EUROPE-EU,GERMANY,EDINBURGH,FRANKFURT MAIN,13093,13093,0,12727,12727,0,2.875776
10/02/2020 11:31,201912,WESTERN EUROPE-EU,GERMANY,EDINBURGH,HAMBURG,11507,11507,0,11124,11124,0,3.443006
10/02/2020 11:31,201912,WESTERN EUROPE-EU,GERMANY,EDINBURGH,MEMMINGEN ALLGAU,0,0,0,2276,2276,0,-100
10/02/2020 11:31,201912,WESTERN EUROPE-EU,GERMANY,EDINBURGH,MUNICH,14529,14529,0,14032,14032,0,3.541904
10/02/2020 11:31,201912,WESTERN EUROPE-EU,GERMANY,EDINBURGH,NUREMBERG,175,175,0,0,0,0,0
10/02/2020 11:31,201912,WESTERN EUROPE-EU,GERMANY,EDINBURGH,STUTTGART,0,0,0,2780,2780,0,-100
10/02/2020 11:31,201912,WESTERN EUROPE-EU,GERMANY,GLASGOW,BERLIN (SCHONEFELD),7192,7192,0,7927,7927,0,-9.272108
10/02/2020 11:31,201912,WESTERN EUROPE-EU,GERMANY,GLASGOW,DUSSELDORF,810,810,0,5679,5679,0,-85.736926
10/02/2020 11:31,201912,WESTERN EUROPE-EU,GERMANY,GLASGOW,FRANKFURT MAIN,6550,6550,0,7557,7557,0,-13.325394
10/02/2020 11:31,201912,WESTERN EUROPE-EU,GERMANY,GLASGOW,MUNICH,0,0,0,3643,3643,0,-100
10/02/2020 11:31,201912,WESTERN EUROPE-EU,GERMANY,HUMBERSIDE,BONN (HANGALAR),86,0,86,0,0,0,0
10/02/2020 11:31,201912,WESTERN EUROPE-EU,GERMANY,ISLE OF MAN,COLOGNE BONN,0,0,0,105,0,105,-100
10/02/2020 11:31,201912,WESTERN EUROPE-EU,GERMANY,LEEDS BRADFORD,BERLIN (SCHONEFELD),0,0,0,2013,2013,0,-100
10/02/2020 11:31,201912,WESTERN EUROPE-EU,GERMANY,LEEDS BRADFORD,COLOGNE BONN,188,188,0,373,373,0,-49.597855
10/02/2020 11:31,201912,WESTERN EUROPE-EU,GERMANY,LEEDS BRADFORD,DUSSELDORF,0,0,0,3069,3069,0,-100
10/02/2020 11:31,201912,WESTERN EUROPE-EU,GERMANY,LEEDS BRADFORD,NUREMBERG,296,296,0,0,0,0,0
10/02/2020 11:31,201912,WESTERN EUROPE-EU,GERMANY,LIVERPOOL (JOHN LENNON),BERLIN (SCHONEFELD),6757,6757,0,6782,6782,0,-0.368623
10/02/2020 11:31,201912,WESTERN EUROPE-EU,GERMANY,MANCHESTER,BADEN BADEN,0,0,0,287,0,287,-100
10/02/2020 11:31,201912,WESTERN EUROPE-EU,GERMANY,MANCHESTER,BERLIN (SCHONEFELD),13802,13802,0,29255,29255,0,-52.82174
10/02/2020 11:31,201912,WESTERN EUROPE-EU,GERMANY,MANCHESTER,BERLIN (TEGEL),18984,18984,0,0,0,0,0
10/02/2020 11:31,201912,WESTERN EUROPE-EU,GERMANY,MANCHESTER,COLOGNE BONN,12100,12100,0,8803,8803,0,37.453141
10/02/2020 11:31,201912,WESTERN EUROPE-EU,GERMANY,MANCHESTER,DUSSELDORF,28377,28377,0,26805,26805,0,5.864578
10/02/2020 11:31,201912,WESTERN EUROPE-EU,GERMANY,MANCHESTER,FRANKFURT MAIN,37476,37476,0,44179,44179,0,-15.172367
10/02/2020 11:31,201912,WESTERN EUROPE-EU,GERMANY,MANCHESTER,HAMBURG,14831,14831,0,20759,20759,0,-28.556289
10/02/2020 11:31,201912,WESTERN EUROPE-EU,GERMANY,MANCHESTER,HANOVER,2434,2434,0,2685,2685,0,-9.348231
10/02/2020 11:31,201912,WESTERN EUROPE-EU,GERMANY,MANCHESTER,MUNICH,31145,31145,0,30632,30632,0,1.674719
10/02/2020 11:31,201912,WESTERN EUROPE-EU,GERMANY,MANCHESTER,NUREMBERG,0,0,0,7021,7021,0,-100
10/02/2020 11:31,201912,WESTERN EUROPE-EU,GERMANY,MANCHESTER,STUTTGART,0,0,0,6611,6611,0,-100
10/02/2020 11:31,201912,WESTERN EUROPE-EU,GERMANY,NEWCASTLE,BERLIN (SCHONEFELD),352,352,0,3023,3023,0,-88.355938
10/02/2020 11:31,201912,WESTERN EUROPE-EU,GERMANY,NEWCASTLE,COLOGNE BONN,362,362,0,0,0,0,0
10/02/2020 11:31,201912,WESTERN EUROPE-EU,GERMANY,NEWCASTLE,DUSSELDORF,4884,4884,0,4623,4623,0,5.645685
10/02/2020 11:31,201912,WESTERN EUROPE-EU,GERMANY,NEWCASTLE,MUNICH,0,0,0,141,141,0,-100
10/02/2020 11:31,201912,WESTERN EUROPE-EU,GERMANY,NEWCASTLE,NUREMBERG,369,369,0,0,0,0,0
10/02/2020 11:31,201912,WESTERN EUROPE-EU,GERMANY,PRESTWICK,DUSSELDORF,15,0,15,0,0,0,0
10/02/2020 11:31,201912,WESTERN EUROPE-EU,GERMANY,SOUTHAMPTON,DUSSELDORF,0,0,0,2365,2365,0,-100
10/02/2020 11:31,201912,WESTERN EUROPE-EU,GIBRALTAR,GATWICK,GIBRALTAR,8850,8850,0,8968,8968,0,-1.315789
10/02/2020 11:31,201912,WESTERN EUROPE-EU,GIBRALTAR,HEATHROW,GIBRALTAR,9618,9618,0,13089,13089,0,-26.518451
10/02/2020 11:31,201912,WESTERN EUROPE-EU,GIBRALTAR,LUTON,GIBRALTAR,2469,2469,0,2120,2120,0,16.462264
10/02/2020 11:31,201912,WESTERN EUROPE-EU,GIBRALTAR,BRISTOL,GIBRALTAR,4176,4176,0,4286,4286,0,-2.566496
10/02/2020 11:31,201912,WESTERN EUROPE-EU,GIBRALTAR,MANCHESTER,GIBRALTAR,3590,3590,0,3000,3000,0,19.666667
10/02/2020 11:31,201912,WESTERN EUROPE-EU,GREECE,GATWICK,ATHENS,19206,19206,0,14227,14227,0,34.996837
10/02/2020 11:31,201912,WESTERN EUROPE-EU,GREECE,GATWICK,HERAKLION,377,0,377,792,0,792,-52.39899
10/02/2020 11:31,201912,WESTERN EUROPE-EU,GREECE,GATWICK,SALONIKA,8937,8937,0,6620,6620,0,35
10/02/2020 11:31,201912,WESTERN EUROPE-EU,GREECE,HEATHROW,ATHENS,51953,51953,0,49909,49909,0,4.095454
10/02/2020 11:31,201912,WESTERN EUROPE-EU,GREECE,LUTON,ATHENS,16725,16725,0,16381,16381,0,2.099994
10/02/2020 11:31,201912,WESTERN EUROPE-EU,GREECE,LUTON,SALONIKA,3039,3039,0,0,0,0,0
10/02/2020 11:31,201912,WESTERN EUROPE-EU,GREECE,STANSTED,ATHENS,13763,13763,0,16943,16943,0,-18.768813
10/02/2020 11:31,201912,WESTERN EUROPE-EU,GREECE,STANSTED,SALONIKA,10031,10031,0,8854,8854,0,13.293427
10/02/2020 11:31,201912,WESTERN EUROPE-EU,GREECE,BIGGIN HILL,ATHENS,0,0,0,4,0,4,-100
10/02/2020 11:31,201912,WESTERN EUROPE-EU,GREECE,BRISTOL,ATHENS,4336,4336,0,3088,3088,0,40.414508
10/02/2020 11:31,201912,WESTERN EUROPE-EU,GREECE,EDINBURGH,ATHENS,5379,5379,0,4384,4384,0,22.696168
10/02/2020 11:31,201912,WESTERN EUROPE-EU,GREECE,GLASGOW,HERAKLION,0,0,0,243,0,243,-100
10/02/2020 11:31,201912,WESTERN EUROPE-EU,GREECE,MANCHESTER,ATHENS,7835,7835,0,7940,7940,0,-1.322418
10/02/2020 11:31,201912,WESTERN EUROPE-EU,GREECE,MANCHESTER,HERAKLION,170,0,170,917,0,917,-81.461287
10/02/2020 11:31,201912,WESTERN EUROPE-EU,GREECE,MANCHESTER,SALONIKA,6150,6150,0,3128,3128,0,96.611253
10/02/2020 11:31,201912,WESTERN EUROPE-EU,IRISH REPUBLIC,GATWICK,CORK,9852,9852,0,9021,9021,0,9.211839
10/02/2020 11:31,201912,WESTERN EUROPE-EU,IRISH REPUBLIC,GATWICK,DUBLIN,116130,116130,0,106348,106348,0,9.198104
10/02/2020 11:31,201912,WESTERN EUROPE-EU,IRISH REPUBLIC,GATWICK,IRELAND WEST(KNOCK),5681,5681,0,5595,5595,0,1.537087
10/02/2020 11:31,201912,WESTERN EUROPE-EU,IRISH REPUBLIC,GATWICK,SHANNON,9210,9210,0,8160,8160,0,12.867647
10/02/2020 11:31,201912,WESTERN EUROPE-EU,IRISH REPUBLIC,HEATHROW,CORK,29790,29790,0,29238,29238,0,1.887954
10/02/2020 11:31,201912,WESTERN EUROPE-EU,IRISH REPUBLIC,HEATHROW,DUBLIN,149172,149172,0,141336,141336,0,5.544235
10/02/2020 11:31,201912,WESTERN EUROPE-EU,IRISH REPUBLIC,HEATHROW,SHANNON,20554,20554,0,21016,21016,0,-2.198325
10/02/2020 11:31,201912,WESTERN EUROPE-EU,IRISH REPUBLIC,LONDON CITY,DUBLIN,33868,33868,0,32832,32832,0,3.155458
10/02/2020 11:31,201912,WESTERN EUROPE-EU,IRISH REPUBLIC,LUTON,CORK,5983,5983,0,6205,6205,0,-3.57776
10/02/2020 11:31,201912,WESTERN EUROPE-EU,IRISH REPUBLIC,LUTON,DUBLIN,28118,28118,0,29328,29328,0,-4.12575
10/02/2020 11:31,201912,WESTERN EUROPE-EU,IRISH REPUBLIC,LUTON,IRELAND WEST(KNOCK),8770,8770,0,8685,8685,0,0.978699
10/02/2020 11:31,201912,WESTERN EUROPE-EU,IRISH REPUBLIC,LUTON,KERRY COUNTY,8597,8597,0,8390,8390,0,2.467223
10/02/2020 11:31,201912,WESTERN EUROPE-EU,IRISH REPUBLIC,LUTON,SHANNON,0,0,0,90,90,0,-100
10/02/2020 11:31,201912,WESTERN EUROPE-EU,IRISH REPUBLIC,SOUTHEND,DUBLIN,7586,7586,0,8231,8231,0,-7.836229
10/02/2020 11:31,201912,WESTERN EUROPE-EU,IRISH REPUBLIC,STANSTED,CORK,27378,27378,0,27191,27191,0,0.687728
10/02/2020 11:31,201912,WESTERN EUROPE-EU,IRISH REPUBLIC,STANSTED,DUBLIN,71909,71909,0,75187,75187,0,-4.359796
10/02/2020 11:31,201912,WESTERN EUROPE-EU,IRISH REPUBLIC,STANSTED,IRELAND WEST(KNOCK),13791,13791,0,12673,12673,0,8.821905
10/02/2020 11:31,201912,WESTERN EUROPE-EU,IRISH REPUBLIC,STANSTED,KERRY COUNTY,7620,7620,0,7687,7687,0,-0.871601
10/02/2020 11:31,201912,WESTERN EUROPE-EU,IRISH REPUBLIC,STANSTED,SHANNON,16026,16026,0,17174,17174,0,-6.684523
10/02/2020 11:31,201912,WESTERN EUROPE-EU,IRISH REPUBLIC,ABERDEEN,DUBLIN,3156,3156,0,3958,3958,0,-20.262759
10/02/2020 11:31,201912,WESTERN EUROPE-EU,IRISH REPUBLIC,BELFAST INTERNATIONAL,DUBLIN,0,0,0,103,0,103,-100
10/02/2020 11:31,201912,WESTERN EUROPE-EU,IRISH REPUBLIC,BIRMINGHAM,CORK,6190,6190,0,5524,5524,0,12.056481
10/02/2020 11:31,201912,WESTERN EUROPE-EU,IRISH REPUBLIC,BIRMINGHAM,DUBLIN,78430,78311,119,78642,78642,0,-0.269576
10/02/2020 11:31,201912,WESTERN EUROPE-EU,IRISH REPUBLIC,BIRMINGHAM,IRELAND WEST(KNOCK),2040,2040,0,2126,2126,0,-4.045155
10/02/2020 11:31,201912,WESTERN EUROPE-EU,IRISH REPUBLIC,BIRMINGHAM,SHANNON,2914,2914,0,2782,2782,0,4.744788
10/02/2020 11:31,201912,WESTERN EUROPE-EU,IRISH REPUBLIC,BOURNEMOUTH,DUBLIN,5484,5484,0,0,0,0,0
10/02/2020 11:31,201912,WESTERN EUROPE-EU,IRISH REPUBLIC,BRISTOL,CORK,2905,2905,0,3354,3354,0,-13.387001
10/02/2020 11:31,201912,WESTERN EUROPE-EU,IRISH REPUBLIC,BRISTOL,DUBLIN,34392,34392,0,34315,34038,277,0.224392
10/02/2020 11:31,201912,WESTERN EUROPE-EU,IRISH REPUBLIC,BRISTOL,IRELAND WEST(KNOCK),3914,3914,0,3338,3338,0,17.255842
10/02/2020 11:31,201912,WESTERN EUROPE-EU,IRISH REPUBLIC,CARDIFF WALES,CORK,874,874,0,1362,1362,0,-35.829662
10/02/2020 11:31,201912,WESTERN EUROPE-EU,IRISH REPUBLIC,CARDIFF WALES,DUBLIN,7611,7611,0,7318,7275,43,4.003826
10/02/2020 11:31,201912,WESTERN EUROPE-EU,IRISH REPUBLIC,DONCASTER SHEFFIELD,DUBLIN,0,0,0,1933,1933,0,-100
10/02/2020 11:31,201912,WESTERN EUROPE-EU,IRISH REPUBLIC,EAST MIDLANDS INTERNATIONAL,DUBLIN,14760,14760,0,15134,15134,0,-2.471257
10/02/2020 11:31,201912,WESTERN EUROPE-EU,IRISH REPUBLIC,EAST MIDLANDS INTERNATIONAL,IRELAND WEST(KNOCK),5155,5155,0,4874,4874,0,5.765285
10/02/2020 11:31,201912,WESTERN EUROPE-EU,IRISH REPUBLIC,EDINBURGH,CORK,4407,4407,0,4282,4282,0,2.919197
10/02/2020 11:31,201912,WESTERN EUROPE-EU,IRISH REPUBLIC,EDINBURGH,DUBLIN,50685,50685,0,49213,49213,0,2.99108
10/02/2020 11:31,201912,WESTERN EUROPE-EU,IRISH REPUBLIC,EDINBURGH,IRELAND WEST(KNOCK),1803,1803,0,1999,1999,0,-9.804902
10/02/2020 11:31,201912,WESTERN EUROPE-EU,IRISH REPUBLIC,EDINBURGH,SHANNON,1880,1880,0,1755,1755,0,7.122507
10/02/2020 11:31,201912,WESTERN EUROPE-EU,IRISH REPUBLIC,EXETER,DUBLIN,2183,2183,0,2980,2980,0,-26.744966
10/02/2020 11:31,201912,WESTERN EUROPE-EU,IRISH REPUBLIC,GLASGOW,CORK,2063,2063,0,1936,1936,0,6.559917
10/02/2020 11:31,201912,WESTERN EUROPE-EU,IRISH REPUBLIC,GLASGOW,DONEGAL,609,609,0,523,523,0,16.443595
10/02/2020 11:31,201912,WESTERN EUROPE-EU,IRISH REPUBLIC,GLASGOW,DUBLIN,38886,38836,50,38643,38456,187,0.628833
10/02/2020 11:31,201912,WESTERN EUROPE-EU,IRISH REPUBLIC,INVERNESS,DUBLIN,850,850,0,728,728,0,16.758242
10/02/2020 11:31,201912,WESTERN EUROPE-EU,IRISH REPUBLIC,ISLE OF MAN,DUBLIN,3254,3254,0,3250,3250,0,0.123077
10/02/2020 11:31,201912,WESTERN EUROPE-EU,IRISH REPUBLIC,LEEDS BRADFORD,DUBLIN,24608,24608,0,22801,22801,0,7.925091
10/02/2020 11:31,201912,WESTERN EUROPE-EU,IRISH REPUBLIC,LIVERPOOL (JOHN LENNON),CORK,6163,6163,0,6373,6373,0,-3.295151
10/02/2020 11:31,201912,WESTERN EUROPE-EU,IRISH REPUBLIC,LIVERPOOL (JOHN LENNON),DUBLIN,28199,28199,0,28650,28650,0,-1.574171
10/02/2020 11:31,201912,WESTERN EUROPE-EU,IRISH REPUBLIC,LIVERPOOL (JOHN LENNON),IRELAND WEST(KNOCK),7873,7873,0,8153,8153,0,-3.434319
10/02/2020 11:31,201912,WESTERN EUROPE-EU,IRISH REPUBLIC,MANCHESTER,CORK,8427,8427,0,8229,8229,0,2.406125
10/02/2020 11:31,201912,WESTERN EUROPE-EU,IRISH REPUBLIC,MANCHESTER,DUBLIN,88833,88833,0,87423,87423,0,1.612848
10/02/2020 11:31,201912,WESTERN EUROPE-EU,IRISH REPUBLIC,MANCHESTER,IRELAND WEST(KNOCK),2469,2469,0,2576,2576,0,-4.153727
10/02/2020 11:31,201912,WESTERN EUROPE-EU,IRISH REPUBLIC,MANCHESTER,SHANNON,7967,7967,0,7293,7293,0,9.241739
10/02/2020 11:31,201912,WESTERN EUROPE-EU,IRISH REPUBLIC,NEWCASTLE,DUBLIN,17987,17987,0,17339,17339,0,3.73724
10/02/2020 11:31,201912,WESTERN EUROPE-EU,IRISH REPUBLIC,NEWQUAY,DUBLIN,2219,2219,0,2156,2156,0,2.922078
10/02/2020 11:31,201912,WESTERN EUROPE-EU,IRISH REPUBLIC,SOUTHAMPTON,CORK,0,0,0,1580,1580,0,-100
10/02/2020 11:31,201912,WESTERN EUROPE-EU,IRISH REPUBLIC,SOUTHAMPTON,DUBLIN,9644,9644,0,12151,12151,0,-20.632047
10/02/2020 11:31,201912,WESTERN EUROPE-EU,ITALY,GATWICK,ANCONA,2187,2187,0,0,0,0,0
10/02/2020 11:31,201912,WESTERN EUROPE-EU,ITALY,GATWICK,BARI (PALESE),2511,2511,0,1890,1890,0,32.857143
10/02/2020 11:31,201912,WESTERN EUROPE-EU,ITALY,GATWICK,BERGAMO,6311,6311,0,0,0,0,0
10/02/2020 11:31,201912,WESTERN EUROPE-EU,ITALY,GATWICK,BOLOGNA,8616,8616,0,7716,7716,0,11.664075
10/02/2020 11:31,201912,WESTERN EUROPE-EU,ITALY,GATWICK,CAGLIARI (ELMAS),0,0,0,656,656,0,-100
10/02/2020 11:31,201912,WESTERN EUROPE-EU,ITALY,GATWICK,CATANIA (FONTANAROSSA),6187,6187,0,4581,4581,0,35.057848
10/02/2020 11:31,201912,WESTERN EUROPE-EU,ITALY,GATWICK,FLORENCE,9080,9080,0,7878,7878,0,15.25768
10/02/2020 11:31,201912,WESTERN EUROPE-EU,ITALY,GATWICK,GENOA,4161,4161,0,4230,4230,0,-1.631206
10/02/2020 11:31,201912,WESTERN EUROPE-EU,ITALY,GATWICK,MILAN (LINATE),24753,24753,0,23180,23180,0,6.786022
10/02/2020 11:31,201912,WESTERN EUROPE-EU,ITALY,GATWICK,MILAN (MALPENSA),45324,45324,0,43039,43039,0,5.309138
10/02/2020 11:31,201912,WESTERN EUROPE-EU,ITALY,GATWICK,NAPLES,21905,21905,0,18035,18035,0,21.458276
10/02/2020 11:31,201912,WESTERN EUROPE-EU,ITALY,GATWICK,OLBIA,2401,2401,0,2096,2096,0,14.551527
10/02/2020 11:31,201912,WESTERN EUROPE-EU,ITALY,GATWICK,PALERMO,2593,2593,0,2399,2399,0,8.086703
10/02/2020 11:31,201912,WESTERN EUROPE-EU,ITALY,GATWICK,PISA,13349,13349,0,12873,12873,0,3.697662
10/02/2020 11:31,201912,WESTERN EUROPE-EU,ITALY,GATWICK,ROME (FIUMICINO),59125,59125,0,50350,50350,0,17.428004
10/02/2020 11:31,201912,WESTERN EUROPE-EU,ITALY,GATWICK,TURIN,26902,24834,2068,22728,19566,3162,18.365012
10/02/2020 11:31,201912,WESTERN EUROPE-EU,ITALY,GATWICK,VENICE,48783,48783,0,45486,45486,0,7.248384
10/02/2020 11:31,201912,WESTERN EUROPE-EU,ITALY,GATWICK,VERONA VILLAFRANCA,14763,14203,560,14466,13454,1012,2.05309
10/02/2020 11:31,201912,WESTERN EUROPE-EU,ITALY,HEATHROW,BOLOGNA,20698,20698,0,20183,20183,0,2.551652
10/02/2020 11:31,201912,WESTERN EUROPE-EU,ITALY,HEATHROW,MILAN (LINATE),58369,58369,0,53471,53471,0,9.160105
10/02/2020 11:31,201912,WESTERN EUROPE-EU,ITALY,HEATHROW,MILAN (MALPENSA),10425,10425,0,14840,14840,0,-29.750674
10/02/2020 11:31,201912,WESTERN EUROPE-EU,ITALY,HEATHROW,PISA,6850,6850,0,6454,6454,0,6.13573
10/02/2020 11:31,201912,WESTERN EUROPE-EU,ITALY,HEATHROW,ROME (FIUMICINO),63087,63087,0,72861,72861,0,-13.414584
10/02/2020 11:31,201912,WESTERN EUROPE-EU,ITALY,HEATHROW,VENICE,9318,9318,0,13534,13534,0,-31.151175
10/02/2020 11:31,201912,WESTERN EUROPE-EU,ITALY,LONDON CITY,FLORENCE,6425,6425,0,4491,4491,0,43.063906
10/02/2020 11:31,201912,WESTERN EUROPE-EU,ITALY,LONDON CITY,MILAN (LINATE),25981,25981,0,27976,27976,0,-7.131112
10/02/2020 11:31,201912,WESTERN EUROPE-EU,ITALY,LONDON CITY,PISA,61,61,0,0,0,0,0
10/02/2020 11:31,201912,WESTERN EUROPE-EU,ITALY,LONDON CITY,ROME (FIUMICINO),3536,3536,0,3076,3076,0,14.954486
10/02/2020 11:31,201912,WESTERN EUROPE-EU,ITALY,LONDON CITY,VENICE,130,130,0,216,216,0,-39.814815
10/02/2020 11:31,201912,WESTERN EUROPE-EU,ITALY,LUTON,ALGHERO (FERTILIA),2296,2296,0,2614,2614,0,-12.165264
10/02/2020 11:31,201912,WESTERN EUROPE-EU,ITALY,LUTON,BARI (PALESE),0,0,0,2565,2565,0,-100
10/02/2020 11:31,201912,WESTERN EUROPE-EU,ITALY,LUTON,BOLOGNA,9718,9718,0,8942,8942,0,8.678148
10/02/2020 11:31,201912,WESTERN EUROPE-EU,ITALY,LUTON,CATANIA (FONTANAROSSA),4874,4874,0,3994,3994,0,22.03305
10/02/2020 11:31,201912,WESTERN EUROPE-EU,ITALY,LUTON,FLORENCE,1267,1267,0,0,0,0,0
10/02/2020 11:31,201912,WESTERN EUROPE-EU,ITALY,LUTON,MILAN (MALPENSA),13160,13160,0,12262,12262,0,7.323438
10/02/2020 11:31,201912,WESTERN EUROPE-EU,ITALY,LUTON,NAPLES,9445,9445,0,7629,7629,0,23.803906
10/02/2020 11:31,201912,WESTERN EUROPE-EU,ITALY,LUTON,PISA,2633,2633,0,2849,2849,0,-7.581608
10/02/2020 11:31,201912,WESTERN EUROPE-EU,ITALY,LUTON,ROME (FIUMICINO),7542,7542,0,7920,7920,0,-4.772727
10/02/2020 11:31,201912,WESTERN EUROPE-EU,ITALY,LUTON,TURIN,1893,1893,0,2800,2800,0,-32.392857
10/02/2020 11:31,201912,WESTERN EUROPE-EU,ITALY,LUTON,VENICE,7250,7250,0,6227,6227,0,16.428457
10/02/2020 11:31,201912,WESTERN EUROPE-EU,ITALY,LUTON,VERONA VILLAFRANCA,0,0,0,1411,1411,0,-100
10/02/2020 11:31,201912,WESTERN EUROPE-EU,ITALY,SOUTHEND,BERGAMO,3635,3635,0,0,0,0,0
10/02/2020 11:31,201912,WESTERN EUROPE-EU,ITALY,SOUTHEND,CATANIA (FONTANAROSSA),0,0,0,1949,1949,0,-100
10/02/2020 11:31,201912,WESTERN EUROPE-EU,ITALY,SOUTHEND,TREVISO,3686,3686,0,0,0,0,0
10/02/2020 11:31,201912,WESTERN EUROPE-EU,ITALY,STANSTED,ANCONA,6840,6840,0,6989,6989,0,-2.131922
10/02/2020 11:31,201912,WESTERN EUROPE-EU,ITALY,STANSTED,BARI (PALESE),10941,10941,0,10445,10445,0,4.748684
10/02/2020 11:31,201912,WESTERN EUROPE-EU,ITALY,STANSTED,BERGAMO,43445,43445,0,38226,38226,0,13.653011
10/02/2020 11:31,201912,WESTERN EUROPE-EU,ITALY,STANSTED,BOLOGNA,17570,17570,0,18275,18275,0,-3.857729
10/02/2020 11:31,201912,WESTERN EUROPE-EU,ITALY,STANSTED,BRINDISI,4163,4163,0,6248,6248,0,-33.370679
10/02/2020 11:31,201912,WESTERN EUROPE-EU,ITALY,STANSTED,CAGLIARI (ELMAS),9213,9213,0,7967,7967,0,15.639513
10/02/2020 11:31,201912,WESTERN EUROPE-EU,ITALY,STANSTED,GENOA,4953,4953,0,4628,4628,0,7.022472
10/02/2020 11:31,201912,WESTERN EUROPE-EU,ITALY,STANSTED,LAMETIA-TERME,4838,4838,0,3519,3519,0,37.482239
10/02/2020 11:31,201912,WESTERN EUROPE-EU,ITALY,STANSTED,MILAN (MALPENSA),24565,24565,0,18938,18938,0,29.712747
10/02/2020 11:31,201912,WESTERN EUROPE-EU,ITALY,STANSTED,NAPLES,24135,24135,0,21219,21219,0,13.742401
10/02/2020 11:31,201912,WESTERN EUROPE-EU,ITALY,STANSTED,PALERMO,7814,7814,0,6992,6992,0,11.756293
10/02/2020 11:31,201912,WESTERN EUROPE-EU,ITALY,STANSTED,PERUGIA,5692,5692,0,6654,6654,0,-14.457469
10/02/2020 11:31,201912,WESTERN EUROPE-EU,ITALY,STANSTED,PESCARA,8420,8420,0,7847,7847,0,7.302154
10/02/2020 11:31,201912,WESTERN EUROPE-EU,ITALY,STANSTED,PISA,20080,20080,0,19195,19195,0,4.610576
10/02/2020 11:31,201912,WESTERN EUROPE-EU,ITALY,STANSTED,ROME (CIAMPINO),48610,48610,0,46638,46638,0,4.228312
10/02/2020 11:31,201912,WESTERN EUROPE-EU,ITALY,STANSTED,TREVISO,0,0,0,26947,26947,0,-100
10/02/2020 11:31,201912,WESTERN EUROPE-EU,ITALY,STANSTED,TRIESTE (RONCHI DEI LEGIONARI),4301,4301,0,4333,4333,0,-0.738518
10/02/2020 11:31,201912,WESTERN EUROPE-EU,ITALY,STANSTED,TURIN,12274,11895,379,12570,12020,550,-2.354813
10/02/2020 11:31,201912,WESTERN EUROPE-EU,ITALY,STANSTED,VENICE,26623,26623,0,0,0,0,0
10/02/2020 11:31,201912,WESTERN EUROPE-EU,ITALY,STANSTED,VERONA VILLAFRANCA,5490,5490,0,3920,3920,0,40.05102
10/02/2020 11:31,201912,WESTERN EUROPE-EU,ITALY,BELFAST INTERNATIONAL,BERGAMO,711,711,0,2625,2625,0,-72.914286
10/02/2020 11:31,201912,WESTERN EUROPE-EU,ITALY,BELFAST INTERNATIONAL,VENICE,0,0,0,2023,2023,0,-100
10/02/2020 11:31,201912,WESTERN EUROPE-EU,ITALY,BIGGIN HILL,MILAN (LINATE),2,0,2,4,0,4,-50
10/02/2020 11:31,201912,WESTERN EUROPE-EU,ITALY,BIGGIN HILL,ROME (CIAMPINO),0,0,0,8,0,8,-100
10/02/2020 11:31,201912,WESTERN EUROPE-EU,ITALY,BIRMINGHAM,FLORENCE,0,0,0,138,138,0,-100
10/02/2020 11:31,201912,WESTERN EUROPE-EU,ITALY,BIRMINGHAM,MILAN (MALPENSA),0,0,0,6285,6285,0,-100
10/02/2020 11:31,201912,WESTERN EUROPE-EU,ITALY,BIRMINGHAM,ROME (FIUMICINO),2841,2841,0,2773,2773,0,2.452218
10/02/2020 11:31,201912,WESTERN EUROPE-EU,ITALY,BIRMINGHAM,TURIN,1693,1050,643,1586,1012,574,6.746532
10/02/2020 11:31,201912,WESTERN EUROPE-EU,ITALY,BIRMINGHAM,VERONA VILLAFRANCA,1856,1666,190,2887,2758,129,-35.711812
10/02/2020 11:31,201912,WESTERN EUROPE-EU,ITALY,BOURNEMOUTH,TURIN,0,0,0,96,0,96,-100
10/02/2020 11:31,201912,WESTERN EUROPE-EU,ITALY,BRISTOL,BERGAMO,3995,3995,0,4128,4128,0,-3.221899
10/02/2020 11:31,201912,WESTERN EUROPE-EU,ITALY,BRISTOL,CATANIA (FONTANAROSSA),1932,1932,0,2420,2420,0,-20.165289
10/02/2020 11:31,201912,WESTERN EUROPE-EU,ITALY,BRISTOL,MILAN (MALPENSA),5678,5678,0,0,0,0,0
10/02/2020 11:31,201912,WESTERN EUROPE-EU,ITALY,BRISTOL,NAPLES,2312,2312,0,2625,2625,0,-11.92381
10/02/2020 11:31,201912,WESTERN EUROPE-EU,ITALY,BRISTOL,PISA,2652,2652,0,2870,2870,0,-7.595819
10/02/2020 11:31,201912,WESTERN EUROPE-EU,ITALY,BRISTOL,ROME (FIUMICINO),8428,8428,0,7636,7636,0,10.371922
10/02/2020 11:31,201912,WESTERN EUROPE-EU,ITALY,BRISTOL,TURIN,2173,1628,545,1489,847,642,45.93687
10/02/2020 11:31,201912,WESTERN EUROPE-EU,ITALY,BRISTOL,VENICE,12302,12302,0,12574,12574,0,-2.163194
10/02/2020 11:31,201912,WESTERN EUROPE-EU,ITALY,BRISTOL,VERONA VILLAFRANCA,545,0,545,545,0,545,0
10/02/2020 11:31,201912,WESTERN EUROPE-EU,ITALY,CARDIFF WALES,MILAN (MALPENSA),0,0,0,872,872,0,-100
10/02/2020 11:31,201912,WESTERN EUROPE-EU,ITALY,CARDIFF WALES,ROME (FIUMICINO),0,0,0,1014,1014,0,-100
10/02/2020 11:31,201912,WESTERN EUROPE-EU,ITALY,EAST MIDLANDS INTERNATIONAL,BERGAMO,5115,5115,0,4709,4709,0,8.621788
10/02/2020 11:31,201912,WESTERN EUROPE-EU,ITALY,EAST MIDLANDS INTERNATIONAL,TREVISO,1396,1396,0,3251,3251,0,-57.059366
10/02/2020 11:31,201912,WESTERN EUROPE-EU,ITALY,EDINBURGH,BERGAMO,12643,12643,0,5959,5959,0,112.166471
10/02/2020 11:31,201912,WESTERN EUROPE-EU,ITALY,EDINBURGH,BOLOGNA,3063,3063,0,2358,2358,0,29.898219
10/02/2020 11:31,201912,WESTERN EUROPE-EU,ITALY,EDINBURGH,MILAN (MALPENSA),13574,13574,0,12575,12575,0,7.944334
10/02/2020 11:31,201912,WESTERN EUROPE-EU,ITALY,EDINBURGH,NAPLES,2648,2648,0,2460,2460,0,7.642276
10/02/2020 11:31,201912,WESTERN EUROPE-EU,ITALY,EDINBURGH,ROME (CIAMPINO),7170,7170,0,7289,7289,0,-1.632597
10/02/2020 11:31,201912,WESTERN EUROPE-EU,ITALY,EDINBURGH,TREVISO,2903,2903,0,4100,4100,0,-29.195122
10/02/2020 11:31,201912,WESTERN EUROPE-EU,ITALY,EDINBURGH,TURIN,286,286,0,255,255,0,12.156863
10/02/2020 11:31,201912,WESTERN EUROPE-EU,ITALY,EDINBURGH,VENICE,5738,5738,0,5427,5427,0,5.730606
10/02/2020 11:31,201912,WESTERN EUROPE-EU,ITALY,EDINBURGH,VERONA VILLAFRANCA,1610,1526,84,65,0,65,2376.923077
10/02/2020 11:31,201912,WESTERN EUROPE-EU,ITALY,GLASGOW,ROME (FIUMICINO),2672,2672,0,0,0,0,0
10/02/2020 11:31,201912,WESTERN EUROPE-EU,ITALY,GLASGOW,TRIESTE (RONCHI DEI LEGIONARI),0,0,0,173,173,0,-100
10/02/2020 11:31,201912,WESTERN EUROPE-EU,ITALY,GLASGOW,TURIN,164,0,164,154,0,154,6.493506
10/02/2020 11:31,201912,WESTERN EUROPE-EU,ITALY,GLASGOW,VENICE,2219,2219,0,2049,2049,0,8.29673
10/02/2020 11:31,201912,WESTERN EUROPE-EU,ITALY,LEEDS BRADFORD,TURIN,0,0,0,288,288,0,-100
10/02/2020 11:31,201912,WESTERN EUROPE-EU,ITALY,LIVERPOOL (JOHN LENNON),MILAN (MALPENSA),0,0,0,3572,3572,0,-100
10/02/2020 11:31,201912,WESTERN EUROPE-EU,ITALY,LIVERPOOL (JOHN LENNON),NAPLES,0,0,0,658,0,658,-100
10/02/2020 11:31,201912,WESTERN EUROPE-EU,ITALY,LIVERPOOL (JOHN LENNON),ROME (FIUMICINO),0,0,0,3412,3412,0,-100
10/02/2020 11:31,201912,WESTERN EUROPE-EU,ITALY,LIVERPOOL (JOHN LENNON),VENICE,0,0,0,2255,2255,0,-100
10/02/2020 11:31,201912,WESTERN EUROPE-EU,ITALY,MANCHESTER,BERGAMO,14195,14195,0,10367,10367,0,36.924858
10/02/2020 11:31,201912,WESTERN EUROPE-EU,ITALY,MANCHESTER,BOLOGNA,3138,3138,0,2439,2439,0,28.659287
10/02/2020 11:31,201912,WESTERN EUROPE-EU,ITALY,MANCHESTER,CATANIA (FONTANAROSSA),2701,2701,0,3049,3049,0,-11.413578
10/02/2020 11:31,201912,WESTERN EUROPE-EU,ITALY,MANCHESTER,MILAN (MALPENSA),16047,16047,0,13218,13218,0,21.402633
10/02/2020 11:31,201912,WESTERN EUROPE-EU,ITALY,MANCHESTER,NAPLES,3044,3044,0,2734,2734,0,11.338698
10/02/2020 11:31,201912,WESTERN EUROPE-EU,ITALY,MANCHESTER,PISA,2325,2325,0,2653,2653,0,-12.363362
10/02/2020 11:31,201912,WESTERN EUROPE-EU,ITALY,MANCHESTER,ROME (CIAMPINO),10721,10721,0,10450,10450,0,2.593301
10/02/2020 11:31,201912,WESTERN EUROPE-EU,ITALY,MANCHESTER,ROME (FIUMICINO),5639,5639,0,5177,5177,0,8.924087
10/02/2020 11:31,201912,WESTERN EUROPE-EU,ITALY,MANCHESTER,TREVISO,4107,4107,0,3850,3850,0,6.675325
10/02/2020 11:31,201912,WESTERN EUROPE-EU,ITALY,MANCHESTER,TURIN,2903,2080,823,3595,2488,1107,-19.248957
10/02/2020 11:31,201912,WESTERN EUROPE-EU,ITALY,MANCHESTER,VENICE,6922,6777,145,5717,5717,0,21.077488
10/02/2020 11:31,201912,WESTERN EUROPE-EU,ITALY,MANCHESTER,VERONA VILLAFRANCA,2602,1996,606,825,0,825,215.393939
10/02/2020 11:31,201912,WESTERN EUROPE-EU,ITALY,NEWCASTLE,TURIN,537,537,0,558,558,0,-3.763441
10/02/2020 11:31,201912,WESTERN EUROPE-EU,LUXEMBOURG,GATWICK,LUXEMBOURG,8451,8451,0,6876,6876,0,22.905759
10/02/2020 11:31,201912,WESTERN EUROPE-EU,LUXEMBOURG,HEATHROW,LUXEMBOURG,19504,19504,0,15152,15152,0,28.722281
10/02/2020 11:31,201912,WESTERN EUROPE-EU,LUXEMBOURG,LONDON CITY,LUXEMBOURG,12492,12492,0,14057,14057,0,-11.133243
10/02/2020 11:31,201912,WESTERN EUROPE-EU,LUXEMBOURG,LUTON,LUXEMBOURG,43,43,0,0,0,0,0
10/02/2020 11:31,201912,WESTERN EUROPE-EU,LUXEMBOURG,STANSTED,LUXEMBOURG,8963,8963,0,8568,8568,0,4.610177
10/02/2020 11:31,201912,WESTERN EUROPE-EU,LUXEMBOURG,EDINBURGH,LUXEMBOURG,3289,3289,0,0,0,0,0
10/02/2020 11:31,201912,WESTERN EUROPE-EU,LUXEMBOURG,MANCHESTER,LUXEMBOURG,2567,2567,0,2470,2470,0,3.927126
10/02/2020 11:31,201912,WESTERN EUROPE-EU,MALTA,GATWICK,MALTA,28500,28500,0,22776,21704,1072,25.131718
10/02/2020 11:31,201912,WESTERN EUROPE-EU,MALTA,HEATHROW,MALTA,14320,14320,0,15138,15138,0,-5.40362
10/02/2020 11:31,201912,WESTERN EUROPE-EU,MALTA,LUTON,MALTA,5719,5719,0,5784,5784,0,-1.12379
10/02/2020 11:31,201912,WESTERN EUROPE-EU,MALTA,SOUTHEND,MALTA,2857,2857,0,4156,4156,0,-31.256015
10/02/2020 11:31,201912,WESTERN EUROPE-EU,MALTA,STANSTED,MALTA,7043,7043,0,6500,6500,0,8.353846
10/02/2020 11:31,201912,WESTERN EUROPE-EU,MALTA,BELFAST INTERNATIONAL,MALTA,0,0,0,1774,1774,0,-100
10/02/2020 11:31,201912,WESTERN EUROPE-EU,MALTA,BIRMINGHAM,MALTA,4607,4607,0,4380,4380,0,5.182648
10/02/2020 11:31,201912,WESTERN EUROPE-EU,MALTA,BOURNEMOUTH,MALTA,2718,2718,0,2827,2827,0,-3.855677
10/02/2020 11:31,201912,WESTERN EUROPE-EU,MALTA,BRISTOL,MALTA,4162,4162,0,4478,4478,0,-7.056722
10/02/2020 11:31,201912,WESTERN EUROPE-EU,MALTA,CARDIFF WALES,MALTA,2353,2353,0,0,0,0,0
10/02/2020 11:31,201912,WESTERN EUROPE-EU,MALTA,EAST MIDLANDS INTERNATIONAL,MALTA,3736,3736,0,3776,3776,0,-1.059322
10/02/2020 11:31,201912,WESTERN EUROPE-EU,MALTA,EDINBURGH,MALTA,3425,3425,0,3051,3051,0,12.258276
10/02/2020 11:31,201912,WESTERN EUROPE-EU,MALTA,EXETER,MALTA,2184,2184,0,0,0,0,0
10/02/2020 11:31,201912,WESTERN EUROPE-EU,MALTA,LEEDS BRADFORD,MALTA,2247,2247,0,2866,2866,0,-21.598046
10/02/2020 11:31,201912,WESTERN EUROPE-EU,MALTA,LIVERPOOL (JOHN LENNON),MALTA,2622,2622,0,2301,2301,0,13.950456
10/02/2020 11:31,201912,WESTERN EUROPE-EU,MALTA,MANCHESTER,MALTA,13255,13255,0,10649,9429,1220,24.471781
10/02/2020 11:31,201912,WESTERN EUROPE-EU,MALTA,NEWCASTLE,MALTA,2700,2700,0,2611,2611,0,3.408656
10/02/2020 11:31,201912,WESTERN EUROPE-EU,MALTA,PRESTWICK,MALTA,0,0,0,1559,1559,0,-100
10/02/2020 11:31,201912,WESTERN EUROPE-EU,NETHERLANDS,GATWICK,AMSTERDAM,98486,98486,0,89047,89047,0,10.60002
10/02/2020 11:31,201912,WESTERN EUROPE-EU,NETHERLANDS,HEATHROW,AMSTERDAM,161180,161180,0,156425,156425,0,3.039795
10/02/2020 11:31,201912,WESTERN EUROPE-EU,NETHERLANDS,LONDON CITY,AMSTERDAM,53885,53885,0,49577,49577,0,8.689513
10/02/2020 11:31,201912,WESTERN EUROPE-EU,NETHERLANDS,LONDON CITY,ROTTERDAM,12459,12459,0,12949,12949,0,-3.784076
10/02/2020 11:31,201912,WESTERN EUROPE-EU,NETHERLANDS,LUTON,AMSTERDAM,77120,77120,0,65278,65278,0,18.140874
10/02/2020 11:31,201912,WESTERN EUROPE-EU,NETHERLANDS,LUTON,MAASTRICHT,0,0,0,63,0,63,-100
10/02/2020 11:31,201912,WESTERN EUROPE-EU,NETHERLANDS,SOUTHEND,AMSTERDAM,18611,18611,0,18743,18743,0,-0.704263
10/02/2020 11:31,201912,WESTERN EUROPE-EU,NETHERLANDS,SOUTHEND,GRONINGEN,3577,3577,0,5334,5334,0,-32.939633
10/02/2020 11:31,201912,WESTERN EUROPE-EU,NETHERLANDS,STANSTED,AMSTERDAM,32823,32823,0,31647,31647,0,3.715992
10/02/2020 11:31,201912,WESTERN EUROPE-EU,NETHERLANDS,STANSTED,EINDHOVEN,24718,24718,0,23858,23858,0,3.604661
10/02/2020 11:31,201912,WESTERN EUROPE-EU,NETHERLANDS,ABERDEEN,AMSTERDAM,25172,25172,0,23336,23336,0,7.867672
10/02/2020 11:31,201912,WESTERN EUROPE-EU,NETHERLANDS,BELFAST CITY (GEORGE BEST),AMSTERDAM,3775,3775,0,3285,3285,0,14.916286
10/02/2020 11:31,201912,WESTERN EUROPE-EU,NETHERLANDS,BELFAST CITY (GEORGE BEST),MAASTRICHT,0,0,0,75,0,75,-100
10/02/2020 11:31,201912,WESTERN EUROPE-EU,NETHERLANDS,BELFAST INTERNATIONAL,AMSTERDAM,8408,8408,0,8182,8182,0,2.762161
10/02/2020 11:31,201912,WESTERN EUROPE-EU,NETHERLANDS,BIRMINGHAM,AMSTERDAM,57712,57712,0,60083,60083,0,-3.946208
10/02/2020 11:31,201912,WESTERN EUROPE-EU,NETHERLANDS,BRISTOL,AMSTERDAM,37029,37029,0,35023,35023,0,5.727665
10/02/2020 11:31,201912,WESTERN EUROPE-EU,NETHERLANDS,CARDIFF WALES,AMSTERDAM,13206,13206,0,12461,12461,0,5.978653
10/02/2020 11:31,201912,WESTERN EUROPE-EU,NETHERLANDS,DONCASTER SHEFFIELD,AMSTERDAM,0,0,0,4285,4285,0,-100
10/02/2020 11:31,201912,WESTERN EUROPE-EU,NETHERLANDS,EAST MIDLANDS INTERNATIONAL,AMSTERDAM,3490,3490,0,4015,4015,0,-13.075965
10/02/2020 11:31,201912,WESTERN EUROPE-EU,NETHERLANDS,EAST MIDLANDS INTERNATIONAL,MAASTRICHT,0,0,0,66,0,66,-100
10/02/2020 11:31,201912,WESTERN EUROPE-EU,NETHERLANDS,EDINBURGH,AMSTERDAM,50702,50702,0,49935,49935,0,1.535997
10/02/2020 11:31,201912,WESTERN EUROPE-EU,NETHERLANDS,EDINBURGH,EINDHOVEN,3107,3107,0,3512,3512,0,-11.531891
10/02/2020 11:31,201912,WESTERN EUROPE-EU,NETHERLANDS,EXETER,AMSTERDAM,5630,5630,0,5770,5770,0,-2.426343
10/02/2020 11:31,201912,WESTERN EUROPE-EU,NETHERLANDS,GLASGOW,AMSTERDAM,35156,35156,0,33035,33035,0,6.420463
10/02/2020 11:31,201912,WESTERN EUROPE-EU,NETHERLANDS,GLASGOW,MAASTRICHT,0,0,0,62,0,62,-100
10/02/2020 11:31,201912,WESTERN EUROPE-EU,NETHERLANDS,HUMBERSIDE,AMSTERDAM,10357,10357,0,10547,10547,0,-1.80146
10/02/2020 11:31,201912,WESTERN EUROPE-EU,NETHERLANDS,INVERNESS,AMSTERDAM,4320,4320,0,4342,4342,0,-0.506679
10/02/2020 11:31,201912,WESTERN EUROPE-EU,NETHERLANDS,LEEDS BRADFORD,AMSTERDAM,22080,22080,0,20501,20501,0,7.702063
10/02/2020 11:31,201912,WESTERN EUROPE-EU,NETHERLANDS,LIVERPOOL (JOHN LENNON),AMSTERDAM,20743,20743,0,19592,19592,0,5.874847
10/02/2020 11:31,201912,WESTERN EUROPE-EU,NETHERLANDS,MANCHESTER,AMSTERDAM,93189,92592,597,90889,90889,0,2.530559
10/02/2020 11:31,201912,WESTERN EUROPE-EU,NETHERLANDS,MANCHESTER,EINDHOVEN,5720,5720,0,4969,4969,0,15.113705
10/02/2020 11:31,201912,WESTERN EUROPE-EU,NETHERLANDS,NEWCASTLE,AMSTERDAM,32308,32162,146,29844,29844,0,8.256266
10/02/2020 11:31,201912,WESTERN EUROPE-EU,NETHERLANDS,NORWICH,AMSTERDAM,12559,12559,0,11835,11835,0,6.117448
10/02/2020 11:31,201912,WESTERN EUROPE-EU,NETHERLANDS,SOUTHAMPTON,AMSTERDAM,13803,13803,0,18965,18965,0,-27.218561
10/02/2020 11:31,201912,WESTERN EUROPE-EU,NETHERLANDS,TEESSIDE INTERNATIONAL AIRPORT,AMSTERDAM,9188,9188,0,8604,8604,0,6.787541
10/02/2020 11:31,201912,WESTERN EUROPE-EU,PORTUGAL(EXCLUDING MADEIRA),GATWICK,FARO,26212,26212,0,23889,23889,0,9.724141
10/02/2020 11:31,201912,WESTERN EUROPE-EU,PORTUGAL(EXCLUDING MADEIRA),GATWICK,LISBON,30864,30864,0,26992,26992,0,14.344991
10/02/2020 11:31,201912,WESTERN EUROPE-EU,PORTUGAL(EXCLUDING MADEIRA),GATWICK,OPORTO (PORTUGAL),32032,32032,0,24055,24055,0,33.161505
10/02/2020 11:31,201912,WESTERN EUROPE-EU,PORTUGAL(EXCLUDING MADEIRA),HEATHROW,LISBON,76252,76252,0,60857,60857,0,25.297008
10/02/2020 11:31,201912,WESTERN EUROPE-EU,PORTUGAL(EXCLUDING MADEIRA),LONDON CITY,LISBON,0,0,0,5593,5593,0,-100
10/02/2020 11:31,201912,WESTERN EUROPE-EU,PORTUGAL(EXCLUDING MADEIRA),LONDON CITY,OPORTO (PORTUGAL),0,0,0,2309,2309,0,-100
10/02/2020 11:31,201912,WESTERN EUROPE-EU,PORTUGAL(EXCLUDING MADEIRA),LUTON,FARO,10222,10222,0,7241,7241,0,41.168347
10/02/2020 11:31,201912,WESTERN EUROPE-EU,PORTUGAL(EXCLUDING MADEIRA),LUTON,LISBON,28352,28352,0,28345,28345,0,0.024696
10/02/2020 11:31,201912,WESTERN EUROPE-EU,PORTUGAL(EXCLUDING MADEIRA),LUTON,OPORTO (PORTUGAL),9582,9582,0,7123,7123,0,34.521971
10/02/2020 11:31,201912,WESTERN EUROPE-EU,PORTUGAL(EXCLUDING MADEIRA),SOUTHEND,FARO,4803,4803,0,2902,2902,0,65.506547
10/02/2020 11:31,201912,WESTERN EUROPE-EU,PORTUGAL(EXCLUDING MADEIRA),STANSTED,AZORES PONTA DELGADA,1164,1164,0,1500,1500,0,-22.4
10/02/2020 11:31,201912,WESTERN EUROPE-EU,PORTUGAL(EXCLUDING MADEIRA),STANSTED,FARO,12621,12621,0,12243,12243,0,3.087479
10/02/2020 11:31,201912,WESTERN EUROPE-EU,PORTUGAL(EXCLUDING MADEIRA),STANSTED,LISBON,37766,37608,158,29865,29865,0,26.455717
10/02/2020 11:31,201912,WESTERN EUROPE-EU,PORTUGAL(EXCLUDING MADEIRA),STANSTED,OPORTO (PORTUGAL),29964,29964,0,26605,26605,0,12.625446
10/02/2020 11:31,201912,WESTERN EUROPE-EU,PORTUGAL(EXCLUDING MADEIRA),BELFAST INTERNATIONAL,FARO,3754,3754,0,3005,3005,0,24.925125
10/02/2020 11:31,201912,WESTERN EUROPE-EU,PORTUGAL(EXCLUDING MADEIRA),BIGGIN HILL,FARO,12,0,12,0,0,0,0
10/02/2020 11:31,201912,WESTERN EUROPE-EU,PORTUGAL(EXCLUDING MADEIRA),BIRMINGHAM,FARO,7928,7928,0,6514,6514,0,21.707092
10/02/2020 11:31,201912,WESTERN EUROPE-EU,PORTUGAL(EXCLUDING MADEIRA),BIRMINGHAM,OPORTO (PORTUGAL),3149,3149,0,0,0,0,0
10/02/2020 11:31,201912,WESTERN EUROPE-EU,PORTUGAL(EXCLUDING MADEIRA),BOURNEMOUTH,FARO,3308,3308,0,2765,2765,0,19.638336
10/02/2020 11:31,201912,WESTERN EUROPE-EU,PORTUGAL(EXCLUDING MADEIRA),BRISTOL,FARO,14347,14347,0,11262,11262,0,27.393003
10/02/2020 11:31,201912,WESTERN EUROPE-EU,PORTUGAL(EXCLUDING MADEIRA),BRISTOL,LISBON,7307,7307,0,6260,6260,0,16.72524
10/02/2020 11:31,201912,WESTERN EUROPE-EU,PORTUGAL(EXCLUDING MADEIRA),BRISTOL,OPORTO (PORTUGAL),4630,4630,0,3744,3744,0,23.66453
10/02/2020 11:31,201912,WESTERN EUROPE-EU,PORTUGAL(EXCLUDING MADEIRA),CARDIFF WALES,FARO,0,0,0,883,883,0,-100
10/02/2020 11:31,201912,WESTERN EUROPE-EU,PORTUGAL(EXCLUDING MADEIRA),CARDIFF WALES,LISBON,0,0,0,141,141,0,-100
10/02/2020 11:31,201912,WESTERN EUROPE-EU,PORTUGAL(EXCLUDING MADEIRA),EAST MIDLANDS INTERNATIONAL,FARO,3384,3384,0,5511,5511,0,-38.595536
10/02/2020 11:31,201912,WESTERN EUROPE-EU,PORTUGAL(EXCLUDING MADEIRA),EDINBURGH,FARO,4070,4070,0,3162,3162,0,28.716003
10/02/2020 11:31,201912,WESTERN EUROPE-EU,PORTUGAL(EXCLUDING MADEIRA),EDINBURGH,LISBON,7074,7074,0,5809,5809,0,21.776554
10/02/2020 11:31,201912,WESTERN EUROPE-EU,PORTUGAL(EXCLUDING MADEIRA),EDINBURGH,OPORTO (PORTUGAL),0,0,0,3101,3101,0,-100
10/02/2020 11:31,201912,WESTERN EUROPE-EU,PORTUGAL(EXCLUDING MADEIRA),EXETER,FARO,0,0,0,865,865,0,-100
10/02/2020 11:31,201912,WESTERN EUROPE-EU,PORTUGAL(EXCLUDING MADEIRA),GLASGOW,FARO,3050,3050,0,3056,3056,0,-0.196335
10/02/2020 11:31,201912,WESTERN EUROPE-EU,PORTUGAL(EXCLUDING MADEIRA),LEEDS BRADFORD,FARO,1688,1688,0,4454,4454,0,-62.101482
10/02/2020 11:31,201912,WESTERN EUROPE-EU,PORTUGAL(EXCLUDING MADEIRA),LIVERPOOL (JOHN LENNON),FARO,5277,5277,0,5878,5878,0,-10.224566
10/02/2020 11:31,201912,WESTERN EUROPE-EU,PORTUGAL(EXCLUDING MADEIRA),LIVERPOOL (JOHN LENNON),OPORTO (PORTUGAL),2739,2739,0,2563,2563,0,6.866953
10/02/2020 11:31,201912,WESTERN EUROPE-EU,PORTUGAL(EXCLUDING MADEIRA),MANCHESTER,FARO,16593,16593,0,16177,16177,0,2.571552
10/02/2020 11:31,201912,WESTERN EUROPE-EU,PORTUGAL(EXCLUDING MADEIRA),MANCHESTER,LISBON,25682,25682,0,23405,23405,0,9.72869
10/02/2020 11:31,201912,WESTERN EUROPE-EU,PORTUGAL(EXCLUDING MADEIRA),MANCHESTER,OPORTO (PORTUGAL),7491,7491,0,6580,6580,0,13.844985
10/02/2020 11:31,201912,WESTERN EUROPE-EU,PORTUGAL(EXCLUDING MADEIRA),NEWCASTLE,FARO,2300,2300,0,2390,2390,0,-3.76569
10/02/2020 11:31,201912,WESTERN EUROPE-EU,PORTUGAL(EXCLUDING MADEIRA),PRESTWICK,FARO,2388,2388,0,894,894,0,167.114094
10/02/2020 11:31,201912,WESTERN EUROPE-EU,PORTUGAL(MADEIRA),GATWICK,FUNCHAL,19139,17437,1702,18513,16737,1776,3.381408
10/02/2020 11:31,201912,WESTERN EUROPE-EU,PORTUGAL(MADEIRA),STANSTED,FUNCHAL,3952,3952,0,3923,3923,0,0.73923
10/02/2020 11:31,201912,WESTERN EUROPE-EU,PORTUGAL(MADEIRA),BELFAST INTERNATIONAL,FUNCHAL,0,0,0,812,812,0,-100
10/02/2020 11:31,201912,WESTERN EUROPE-EU,PORTUGAL(MADEIRA),BIRMINGHAM,FUNCHAL,3266,3266,0,3740,2372,1368,-12.673797
10/02/2020 11:31,201912,WESTERN EUROPE-EU,PORTUGAL(MADEIRA),BOURNEMOUTH,FUNCHAL,0,0,0,172,172,0,-100
10/02/2020 11:31,201912,WESTERN EUROPE-EU,PORTUGAL(MADEIRA),BRISTOL,FUNCHAL,4256,4256,0,3644,3644,0,16.794731
10/02/2020 11:31,201912,WESTERN EUROPE-EU,PORTUGAL(MADEIRA),EAST MIDLANDS INTERNATIONAL,FUNCHAL,2709,1495,1214,1949,1286,663,38.994356
10/02/2020 11:31,201912,WESTERN EUROPE-EU,PORTUGAL(MADEIRA),EDINBURGH,FUNCHAL,1697,1697,0,1502,1502,0,12.98269
10/02/2020 11:31,201912,WESTERN EUROPE-EU,PORTUGAL(MADEIRA),GLASGOW,FUNCHAL,1282,1282,0,1467,1467,0,-12.61077
10/02/2020 11:31,201912,WESTERN EUROPE-EU,PORTUGAL(MADEIRA),JERSEY,FUNCHAL,1800,0,1800,2141,0,2141,-15.927137
10/02/2020 11:31,201912,WESTERN EUROPE-EU,PORTUGAL(MADEIRA),LEEDS BRADFORD,FUNCHAL,2134,2134,0,1888,1888,0,13.029661
10/02/2020 11:31,201912,WESTERN EUROPE-EU,PORTUGAL(MADEIRA),MANCHESTER,FUNCHAL,7581,5961,1620,8118,6567,1551,-6.61493
10/02/2020 11:31,201912,WESTERN EUROPE-EU,PORTUGAL(MADEIRA),NEWCASTLE,FUNCHAL,1156,1156,0,1232,1232,0,-6.168831
10/02/2020 11:31,201912,WESTERN EUROPE-EU,SLOVENIA,GATWICK,LJUBLJANA,4833,4833,0,5240,5240,0,-7.767176
10/02/2020 11:31,201912,WESTERN EUROPE-EU,SLOVENIA,LUTON,LJUBLJANA,0,0,0,4954,4954,0,-100
10/02/2020 11:31,201912,WESTERN EUROPE-EU,SLOVENIA,STANSTED,LJUBLJANA,8841,8841,0,6807,6807,0,29.881005
10/02/2020 11:31,201912,WESTERN EUROPE-EU,SPAIN,GATWICK,ALICANTE,43450,43268,182,38632,37424,1208,12.471526
10/02/2020 11:31,201912,WESTERN EUROPE-EU,SPAIN,GATWICK,ALMERIA,6375,6375,0,5602,5602,0,13.798643
10/02/2020 11:31,201912,WESTERN EUROPE-EU,SPAIN,GATWICK,ASTURIAS,3585,3585,0,0,0,0,0
10/02/2020 11:31,201912,WESTERN EUROPE-EU,SPAIN,GATWICK,BARCELONA,116323,116323,0,109715,109715,0,6.022877
10/02/2020 11:31,201912,WESTERN EUROPE-EU,SPAIN,GATWICK,BILBAO,15606,15606,0,8186,8186,0,90.64256
10/02/2020 11:31,201912,WESTERN EUROPE-EU,SPAIN,GATWICK,GRANADA,3852,3852,0,2982,2982,0,29.17505
10/02/2020 11:31,201912,WESTERN EUROPE-EU,SPAIN,GATWICK,LIEIDA,0,0,0,878,0,878,-100
10/02/2020 11:31,201912,WESTERN EUROPE-EU,SPAIN,GATWICK,MADRID,75500,75500,0,79969,79969,0,-5.588416
10/02/2020 11:31,201912,WESTERN EUROPE-EU,SPAIN,GATWICK,MAHON,2391,2391,0,2165,2165,0,10.438799
10/02/2020 11:31,201912,WESTERN EUROPE-EU,SPAIN,GATWICK,MALAGA,56191,53956,2235,56469,54451,2018,-0.492306
10/02/2020 11:31,201912,WESTERN EUROPE-EU,SPAIN,GATWICK,MURCIA INTERNATIONAL,9761,9761,0,0,0,0,0
10/02/2020 11:31,201912,WESTERN EUROPE-EU,SPAIN,GATWICK,MURCIA SAN JAVIER,0,0,0,9376,9376,0,-100
10/02/2020 11:31,201912,WESTERN EUROPE-EU,SPAIN,GATWICK,PALMA DE MALLORCA,20668,20668,0,24347,24347,0,-15.110691
10/02/2020 11:31,201912,WESTERN EUROPE-EU,SPAIN,GATWICK,SEVILLE,20253,20253,0,17642,17642,0,14.799909
10/02/2020 11:31,201912,WESTERN EUROPE-EU,SPAIN,GATWICK,VALENCIA,21317,21317,0,24043,24043,0,-11.338019
10/02/2020 11:31,201912,WESTERN EUROPE-EU,SPAIN,HEATHROW,A CORUNA,8796,8796,0,8999,8999,0,-2.255806
10/02/2020 11:31,201912,WESTERN EUROPE-EU,SPAIN,HEATHROW,BARCELONA,58249,58249,0,54763,54763,0,6.365612
10/02/2020 11:31,201912,WESTERN EUROPE-EU,SPAIN,HEATHROW,BILBAO,0,0,0,7927,7927,0,-100
10/02/2020 11:31,201912,WESTERN EUROPE-EU,SPAIN,HEATHROW,MADRID,120738,120738,0,110663,110663,0,9.104217
10/02/2020 11:31,201912,WESTERN EUROPE-EU,SPAIN,HEATHROW,MALAGA,5168,5168,0,6017,6017,0,-14.110022
10/02/2020 11:31,201912,WESTERN EUROPE-EU,SPAIN,HEATHROW,VALENCIA,6660,6660,0,0,0,0,0
10/02/2020 11:31,201912,WESTERN EUROPE-EU,SPAIN,LONDON CITY,IBIZA,4440,4440,0,4174,4174,0,6.372784
10/02/2020 11:31,201912,WESTERN EUROPE-EU,SPAIN,LONDON CITY,MALAGA,2599,2599,0,3426,3426,0,-24.138938
10/02/2020 11:31,201912,WESTERN EUROPE-EU,SPAIN,LONDON CITY,PALMA DE MALLORCA,2095,2095,0,1492,1492,0,40.41555
10/02/2020 11:31,201912,WESTERN EUROPE-EU,SPAIN,LUTON,ALICANTE,18415,18415,0,17980,17980,0,2.419355
10/02/2020 11:31,201912,WESTERN EUROPE-EU,SPAIN,LUTON,BARCELONA,36144,36144,0,38494,38494,0,-6.104848
10/02/2020 11:31,201912,WESTERN EUROPE-EU,SPAIN,LUTON,CASTELLON COSTA AZAHAR,1195,1195,0,0,0,0,0
10/02/2020 11:31,201912,WESTERN EUROPE-EU,SPAIN,LUTON,CASTELLON DE LA PLANA AIRPORT,559,559,0,0,0,0,0
10/02/2020 11:31,201912,WESTERN EUROPE-EU,SPAIN,LUTON,MADRID,15533,15533,0,13027,13027,0,19.236969
10/02/2020 11:31,201912,WESTERN EUROPE-EU,SPAIN,LUTON,MALAGA,20317,20317,0,20310,20310,0,0.034466
10/02/2020 11:31,201912,WESTERN EUROPE-EU,SPAIN,LUTON,MURCIA SAN JAVIER,0,0,0,3786,3786,0,-100
10/02/2020 11:31,201912,WESTERN EUROPE-EU,SPAIN,LUTON,PALMA DE MALLORCA,3447,3447,0,2686,2686,0,28.332092
10/02/2020 11:31,201912,WESTERN EUROPE-EU,SPAIN,LUTON,REUS,0,0,0,378,0,378,-100
10/02/2020 11:31,201912,WESTERN EUROPE-EU,SPAIN,LUTON,SEVILLE,6926,6926,0,4489,4489,0,54.28826
10/02/2020 11:31,201912,WESTERN EUROPE-EU,SPAIN,LUTON,VALENCIA,3415,3415,0,3301,3301,0,3.453499
10/02/2020 11:31,201912,WESTERN EUROPE-EU,SPAIN,SOUTHEND,ALICANTE,13956,13956,0,7220,7220,0,93.296399
10/02/2020 11:31,201912,WESTERN EUROPE-EU,SPAIN,SOUTHEND,BARCELONA,3100,3100,0,2902,2902,0,6.822881
10/02/2020 11:31,201912,WESTERN EUROPE-EU,SPAIN,SOUTHEND,BILBAO,3724,3724,0,0,0,0,0
10/02/2020 11:31,201912,WESTERN EUROPE-EU,SPAIN,SOUTHEND,MALAGA,12090,12090,0,7790,7790,0,55.198973
10/02/2020 11:31,201912,WESTERN EUROPE-EU,SPAIN,SOUTHEND,MURCIA INTERNATIONAL,2361,2361,0,0,0,0,0
10/02/2020 11:31,201912,WESTERN EUROPE-EU,SPAIN,SOUTHEND,MURCIA SAN JAVIER,0,0,0,2088,2088,0,-100
10/02/2020 11:31,201912,WESTERN EUROPE-EU,SPAIN,STANSTED,ALICANTE,21697,21697,0,20900,20900,0,3.813397
10/02/2020 11:31,201912,WESTERN EUROPE-EU,SPAIN,STANSTED,BARCELONA,44705,44705,0,43518,42453,1065,2.727607
10/02/2020 11:31,201912,WESTERN EUROPE-EU,SPAIN,STANSTED,BILBAO,3236,3236,0,6030,5665,365,-46.334992
10/02/2020 11:31,201912,WESTERN EUROPE-EU,SPAIN,STANSTED,CASTELLON COSTA AZAHAR,2399,2399,0,2560,2560,0,-6.289062
10/02/2020 11:31,201912,WESTERN EUROPE-EU,SPAIN,STANSTED,CASTELLON DE LA PLANA AIRPORT,791,791,0,888,888,0,-10.923423
10/02/2020 11:31,201912,WESTERN EUROPE-EU,SPAIN,STANSTED,JEREZ,2994,2994,0,2762,2762,0,8.39971
10/02/2020 11:31,201912,WESTERN EUROPE-EU,SPAIN,STANSTED,MADRID,40787,40787,0,38456,38456,0,6.061473
10/02/2020 11:31,201912,WESTERN EUROPE-EU,SPAIN,STANSTED,MALAGA,27508,27508,0,28171,28171,0,-2.353484
10/02/2020 11:31,201912,WESTERN EUROPE-EU,SPAIN,STANSTED,MURCIA INTERNATIONAL,5224,5224,0,0,0,0,0
10/02/2020 11:31,201912,WESTERN EUROPE-EU,SPAIN,STANSTED,MURCIA SAN JAVIER,0,0,0,7029,7029,0,-100
10/02/2020 11:31,201912,WESTERN EUROPE-EU,SPAIN,STANSTED,PALMA DE MALLORCA,12486,12486,0,12753,12753,0,-2.093625
10/02/2020 11:31,201912,WESTERN EUROPE-EU,SPAIN,STANSTED,REUS,1994,1994,0,2839,2839,0,-29.764001
10/02/2020 11:31,201912,WESTERN EUROPE-EU,SPAIN,STANSTED,SANTANDER,7702,7702,0,6744,6744,0,14.205219
10/02/2020 11:31,201912,WESTERN EUROPE-EU,SPAIN,STANSTED,SANTIAGO DE COMPOSTELA (SPAIN),6371,6371,0,5161,5161,0,23.445069
10/02/2020 11:31,201912,WESTERN EUROPE-EU,SPAIN,STANSTED,SEVILLE,13590,13590,0,12871,12871,0,5.586202
10/02/2020 11:31,201912,WESTERN EUROPE-EU,SPAIN,STANSTED,VALENCIA,13652,13652,0,12613,12613,0,8.237533
10/02/2020 11:31,201912,WESTERN EUROPE-EU,SPAIN,STANSTED,ZARAGOZA,8314,8314,0,7547,7547,0,10.162979
10/02/2020 11:31,201912,WESTERN EUROPE-EU,SPAIN,ABERDEEN,ALICANTE,2839,2839,0,2725,2725,0,4.183486
10/02/2020 11:31,201912,WESTERN EUROPE-EU,SPAIN,BELFAST INTERNATIONAL,ALICANTE,8051,8051,0,8309,8309,0,-3.105067
10/02/2020 11:31,201912,WESTERN EUROPE-EU,SPAIN,BELFAST INTERNATIONAL,MALAGA,7982,7982,0,9382,9382,0,-14.922191
10/02/2020 11:31,201912,WESTERN EUROPE-EU,SPAIN,BIGGIN HILL,IBIZA,0,0,0,9,0,9,-100
10/02/2020 11:31,201912,WESTERN EUROPE-EU,SPAIN,BIGGIN HILL,MALAGA,0,0,0,5,0,5,-100
10/02/2020 11:31,201912,WESTERN EUROPE-EU,SPAIN,BIRMINGHAM,ALICANTE,23894,21170,2724,19654,18307,1347,21.573217
10/02/2020 11:31,201912,WESTERN EUROPE-EU,SPAIN,BIRMINGHAM,BARCELONA,16489,16489,0,14830,14830,0,11.186784
10/02/2020 11:31,201912,WESTERN EUROPE-EU,SPAIN,BIRMINGHAM,LIEIDA,0,0,0,174,0,174,-100
10/02/2020 11:31,201912,WESTERN EUROPE-EU,SPAIN,BIRMINGHAM,MADRID,9738,9738,0,9346,9346,0,4.194308
10/02/2020 11:31,201912,WESTERN EUROPE-EU,SPAIN,BIRMINGHAM,MALAGA,17422,15558,1864,17407,15358,2049,0.086172
10/02/2020 11:31,201912,WESTERN EUROPE-EU,SPAIN,BIRMINGHAM,MURCIA INTERNATIONAL,3531,3531,0,0,0,0,0
10/02/2020 11:31,201912,WESTERN EUROPE-EU,SPAIN,BIRMINGHAM,MURCIA SAN JAVIER,0,0,0,3221,3221,0,-100
10/02/2020 11:31,201912,WESTERN EUROPE-EU,SPAIN,BIRMINGHAM,PALMA DE MALLORCA,2479,2479,0,637,637,0,289.167975
10/02/2020 11:31,201912,WESTERN EUROPE-EU,SPAIN,BIRMINGHAM,REUS,0,0,0,88,0,88,-100
10/02/2020 11:31,201912,WESTERN EUROPE-EU,SPAIN,BOURNEMOUTH,ALICANTE,4809,4809,0,4692,4692,0,2.493606
10/02/2020 11:31,201912,WESTERN EUROPE-EU,SPAIN,BOURNEMOUTH,MALAGA,2609,2609,0,3137,3137,0,-16.831368
10/02/2020 11:31,201912,WESTERN EUROPE-EU,SPAIN,BRISTOL,ALICANTE,18542,18542,0,18354,18354,0,1.0243
10/02/2020 11:31,201912,WESTERN EUROPE-EU,SPAIN,BRISTOL,BARCELONA,13857,13857,0,12721,12721,0,8.930116
10/02/2020 11:31,201912,WESTERN EUROPE-EU,SPAIN,BRISTOL,BILBAO,1794,1794,0,2414,2414,0,-25.683513
10/02/2020 11:31,201912,WESTERN EUROPE-EU,SPAIN,BRISTOL,LIEIDA,0,0,0,88,0,88,-100
10/02/2020 11:31,201912,WESTERN EUROPE-EU,SPAIN,BRISTOL,MADRID,10267,10267,0,10308,10308,0,-0.397749
10/02/2020 11:31,201912,WESTERN EUROPE-EU,SPAIN,BRISTOL,MALAGA,20074,19536,538,16950,16325,625,18.430678
10/02/2020 11:31,201912,WESTERN EUROPE-EU,SPAIN,BRISTOL,MURCIA INTERNATIONAL,3828,3828,0,0,0,0,0
10/02/2020 11:31,201912,WESTERN EUROPE-EU,SPAIN,BRISTOL,MURCIA SAN JAVIER,0,0,0,3290,3290,0,-100
10/02/2020 11:31,201912,WESTERN EUROPE-EU,SPAIN,BRISTOL,PALMA DE MALLORCA,4668,4668,0,4456,4456,0,4.75763
10/02/2020 11:31,201912,WESTERN EUROPE-EU,SPAIN,BRISTOL,REUS,0,0,0,157,0,157,-100
10/02/2020 11:31,201912,WESTERN EUROPE-EU,SPAIN,BRISTOL,SEVILLE,6538,6538,0,5597,5597,0,16.812578
10/02/2020 11:31,201912,WESTERN EUROPE-EU,SPAIN,BRISTOL,VALENCIA,3020,3020,0,3102,3102,0,-2.643456
10/02/2020 11:31,201912,WESTERN EUROPE-EU,SPAIN,CARDIFF WALES,ALICANTE,6710,3663,3047,6436,3347,3089,4.257303
10/02/2020 11:31,201912,WESTERN EUROPE-EU,SPAIN,CARDIFF WALES,BARCELONA,0,0,0,24,0,24,-100
10/02/2020 11:31,201912,WESTERN EUROPE-EU,SPAIN,CARDIFF WALES,MALAGA,2803,1046,1757,3666,2002,1664,-23.540644
10/02/2020 11:31,201912,WESTERN EUROPE-EU,SPAIN,CARDIFF WALES,VALENCIA,0,0,0,108,108,0,-100
10/02/2020 11:31,201912,WESTERN EUROPE-EU,SPAIN,DONCASTER SHEFFIELD,ALICANTE,3326,0,3326,4794,1462,3332,-30.62161
10/02/2020 11:31,201912,WESTERN EUROPE-EU,SPAIN,DONCASTER SHEFFIELD,MALAGA,1834,0,1834,1840,0,1840,-0.326087
10/02/2020 11:31,201912,WESTERN EUROPE-EU,SPAIN,EAST MIDLANDS INTERNATIONAL,ALICANTE,18128,16487,1641,17447,16159,1288,3.90325
10/02/2020 11:31,201912,WESTERN EUROPE-EU,SPAIN,EAST MIDLANDS INTERNATIONAL,MADRID,0,0,0,168,168,0,-100
10/02/2020 11:31,201912,WESTERN EUROPE-EU,SPAIN,EAST MIDLANDS INTERNATIONAL,MALAGA,13482,11905,1577,12280,10622,1658,9.788274
10/02/2020 11:31,201912,WESTERN EUROPE-EU,SPAIN,EAST MIDLANDS INTERNATIONAL,MURCIA SAN JAVIER,0,0,0,4263,4263,0,-100
10/02/2020 11:31,201912,WESTERN EUROPE-EU,SPAIN,EAST MIDLANDS INTERNATIONAL,SEVILLE,0,0,0,2303,2303,0,-100
10/02/2020 11:31,201912,WESTERN EUROPE-EU,SPAIN,EDINBURGH,ALICANTE,14978,14978,0,12547,12547,0,19.375149
10/02/2020 11:31,201912,WESTERN EUROPE-EU,SPAIN,EDINBURGH,BARCELONA,12148,12148,0,11837,11837,0,2.627355
10/02/2020 11:31,201912,WESTERN EUROPE-EU,SPAIN,EDINBURGH,BILBAO,0,0,0,2500,2500,0,-100
10/02/2020 11:31,201912,WESTERN EUROPE-EU,SPAIN,EDINBURGH,MADRID,10261,10261,0,10880,10550,330,-5.689338
10/02/2020 11:31,201912,WESTERN EUROPE-EU,SPAIN,EDINBURGH,MALAGA,8980,8980,0,7301,7301,0,22.99685
10/02/2020 11:31,201912,WESTERN EUROPE-EU,SPAIN,EDINBURGH,SANTANDER,3056,3056,0,2749,2749,0,11.167697
10/02/2020 11:31,201912,WESTERN EUROPE-EU,SPAIN,EDINBURGH,SEVILLE,5424,5424,0,5380,5380,0,0.817844
10/02/2020 11:31,201912,WESTERN EUROPE-EU,SPAIN,EDINBURGH,VALENCIA,0,0,0,3527,3527,0,-100
10/02/2020 11:31,201912,WESTERN EUROPE-EU,SPAIN,EXETER,ALICANTE,2317,2317,0,1769,1769,0,30.977954
10/02/2020 11:31,201912,WESTERN EUROPE-EU,SPAIN,EXETER,MALAGA,2710,2710,0,1407,1407,0,92.608387
10/02/2020 11:31,201912,WESTERN EUROPE-EU,SPAIN,GLASGOW,ALICANTE,14306,12588,1718,14016,12386,1630,2.069064
10/02/2020 11:31,201912,WESTERN EUROPE-EU,SPAIN,GLASGOW,BARCELONA,2804,2804,0,3001,3001,0,-6.564479
10/02/2020 11:31,201912,WESTERN EUROPE-EU,SPAIN,GLASGOW,MALAGA,9701,9701,0,7056,7056,0,37.485828
10/02/2020 11:31,201912,WESTERN EUROPE-EU,SPAIN,LEEDS BRADFORD,ALICANTE,17040,17040,0,15011,15011,0,13.516754
10/02/2020 11:31,201912,WESTERN EUROPE-EU,SPAIN,LEEDS BRADFORD,BARCELONA,2372,2372,0,2768,2768,0,-14.306358
10/02/2020 11:31,201912,WESTERN EUROPE-EU,SPAIN,LEEDS BRADFORD,MALAGA,10312,10312,0,9827,9827,0,4.935382
10/02/2020 11:31,201912,WESTERN EUROPE-EU,SPAIN,LEEDS BRADFORD,MURCIA SAN JAVIER,0,0,0,2369,2369,0,-100
10/02/2020 11:31,201912,WESTERN EUROPE-EU,SPAIN,LIVERPOOL (JOHN LENNON),ALICANTE,16998,16998,0,15126,15126,0,12.376041
10/02/2020 11:31,201912,WESTERN EUROPE-EU,SPAIN,LIVERPOOL (JOHN LENNON),BARCELONA,10993,10993,0,13199,13199,0,-16.713387
10/02/2020 11:31,201912,WESTERN EUROPE-EU,SPAIN,LIVERPOOL (JOHN LENNON),MADRID,7033,7033,0,6716,6716,0,4.720071
10/02/2020 11:31,201912,WESTERN EUROPE-EU,SPAIN,LIVERPOOL (JOHN LENNON),MALAGA,12427,12427,0,13225,13225,0,-6.034026
10/02/2020 11:31,201912,WESTERN EUROPE-EU,SPAIN,LIVERPOOL (JOHN LENNON),PALMA DE MALLORCA,2362,2362,0,2293,2293,0,3.009158
10/02/2020 11:31,201912,WESTERN EUROPE-EU,SPAIN,MANCHESTER,ALICANTE,41804,38644,3160,42724,37063,5661,-2.153356
10/02/2020 11:31,201912,WESTERN EUROPE-EU,SPAIN,MANCHESTER,BARCELONA,30774,30774,0,24133,24133,0,27.518336
10/02/2020 11:31,201912,WESTERN EUROPE-EU,SPAIN,MANCHESTER,BILBAO,3965,3965,0,4506,4506,0,-12.006214
10/02/2020 11:31,201912,WESTERN EUROPE-EU,SPAIN,MANCHESTER,GRANADA,2721,2721,0,2455,2455,0,10.835031
10/02/2020 11:31,201912,WESTERN EUROPE-EU,SPAIN,MANCHESTER,LIEIDA,0,0,0,605,0,605,-100
10/02/2020 11:31,201912,WESTERN EUROPE-EU,SPAIN,MANCHESTER,MADRID,15325,15325,0,12260,12260,0,25
10/02/2020 11:31,201912,WESTERN EUROPE-EU,SPAIN,MANCHESTER,MALAGA,31445,27336,4109,32908,29201,3707,-4.445727
10/02/2020 11:31,201912,WESTERN EUROPE-EU,SPAIN,MANCHESTER,MURCIA INTERNATIONAL,4547,4547,0,0,0,0,0
10/02/2020 11:31,201912,WESTERN EUROPE-EU,SPAIN,MANCHESTER,MURCIA SAN JAVIER,0,0,0,4494,4494,0,-100
10/02/2020 11:31,201912,WESTERN EUROPE-EU,SPAIN,MANCHESTER,PALMA DE MALLORCA,8830,8830,0,10122,10122,0,-12.764276
10/02/2020 11:31,201912,WESTERN EUROPE-EU,SPAIN,MANCHESTER,REUS,0,0,0,350,0,350,-100
10/02/2020 11:31,201912,WESTERN EUROPE-EU,SPAIN,MANCHESTER,SEVILLE,5847,5847,0,3271,3271,0,78.752675
10/02/2020 11:31,201912,WESTERN EUROPE-EU,SPAIN,MANCHESTER,VALENCIA,3083,3083,0,3959,3169,790,-22.1268
10/02/2020 11:31,201912,WESTERN EUROPE-EU,SPAIN,NEWCASTLE,ALICANTE,21587,21587,0,17233,17233,0,25.265479
10/02/2020 11:31,201912,WESTERN EUROPE-EU,SPAIN,NEWCASTLE,BARCELONA,5139,5139,0,4139,4139,0,24.160425
10/02/2020 11:31,201912,WESTERN EUROPE-EU,SPAIN,NEWCASTLE,MALAGA,12632,12632,0,11652,11652,0,8.410573
10/02/2020 11:31,201912,WESTERN EUROPE-EU,SPAIN,NEWQUAY,ALICANTE,2760,2760,0,2622,2622,0,5.263158
10/02/2020 11:31,201912,WESTERN EUROPE-EU,SPAIN,NORWICH,ALICANTE,0,0,0,1326,1326,0,-100
10/02/2020 11:31,201912,WESTERN EUROPE-EU,SPAIN,NORWICH,MALAGA,0,0,0,991,991,0,-100
10/02/2020 11:31,201912,WESTERN EUROPE-EU,SPAIN,PRESTWICK,ALICANTE,4937,4937,0,3769,3769,0,30.989652
10/02/2020 11:31,201912,WESTERN EUROPE-EU,SPAIN,PRESTWICK,MALAGA,3328,3328,0,2871,2871,0,15.917799
10/02/2020 11:31,201912,WESTERN EUROPE-EU,SPAIN,SOUTHAMPTON,ALICANTE,0,0,0,1104,1104,0,-100
10/02/2020 11:31,201912,WESTERN EUROPE-EU,SPAIN(CANARY ISLANDS),GATWICK,ARRECIFE,23255,18211,5044,26684,20794,5890,-12.850397
10/02/2020 11:31,201912,WESTERN EUROPE-EU,SPAIN(CANARY ISLANDS),GATWICK,FUERTEVENTURA,14673,11520,3153,16874,13168,3706,-13.043736
10/02/2020 11:31,201912,WESTERN EUROPE-EU,SPAIN(CANARY ISLANDS),GATWICK,LAS PALMAS,22511,16597,5914,20355,14705,5650,10.591992
10/02/2020 11:31,201912,WESTERN EUROPE-EU,SPAIN(CANARY ISLANDS),GATWICK,SANTA CRUZ DE LA PALMA,3874,2849,1025,2891,2160,731,34.002075
10/02/2020 11:31,201912,WESTERN EUROPE-EU,SPAIN(CANARY ISLANDS),GATWICK,TENERIFE (SURREINA SOFIA),50258,40897,9361,51500,41479,10021,-2.41165
10/02/2020 11:31,201912,WESTERN EUROPE-EU,SPAIN(CANARY ISLANDS),HEATHROW,LAS PALMAS,0,0,0,2361,2361,0,-100
10/02/2020 11:31,201912,WESTERN EUROPE-EU,SPAIN(CANARY ISLANDS),HEATHROW,TENERIFE (SURREINA SOFIA),1040,1040,0,1172,1172,0,-11.262799
10/02/2020 11:31,201912,WESTERN EUROPE-EU,SPAIN(CANARY ISLANDS),LUTON,ARRECIFE,7674,5813,1861,8382,6767,1615,-8.446671
10/02/2020 11:31,201912,WESTERN EUROPE-EU,SPAIN(CANARY ISLANDS),LUTON,FUERTEVENTURA,0,0,0,1859,1859,0,-100
10/02/2020 11:31,201912,WESTERN EUROPE-EU,SPAIN(CANARY ISLANDS),LUTON,LAS PALMAS,570,0,570,1344,162,1182,-57.589286
10/02/2020 11:31,201912,WESTERN EUROPE-EU,SPAIN(CANARY ISLANDS),LUTON,TENERIFE (SURREINA SOFIA),12583,10228,2355,9717,6821,2896,29.4947
10/02/2020 11:31,201912,WESTERN EUROPE-EU,SPAIN(CANARY ISLANDS),SOUTHEND,ARRECIFE,2936,2936,0,2787,2787,0,5.34625
10/02/2020 11:31,201912,WESTERN EUROPE-EU,SPAIN(CANARY ISLANDS),SOUTHEND,TENERIFE (SURREINA SOFIA),2989,2989,0,2571,2571,0,16.258265
10/02/2020 11:31,201912,WESTERN EUROPE-EU,SPAIN(CANARY ISLANDS),STANSTED,ARRECIFE,18213,17685,528,16293,15011,1282,11.784202
10/02/2020 11:31,201912,WESTERN EUROPE-EU,SPAIN(CANARY ISLANDS),STANSTED,FUERTEVENTURA,12034,12034,0,11979,10865,1114,0.459137
10/02/2020 11:31,201912,WESTERN EUROPE-EU,SPAIN(CANARY ISLANDS),STANSTED,LAS PALMAS,15982,14317,1665,15573,14021,1552,2.62634
10/02/2020 11:31,201912,WESTERN EUROPE-EU,SPAIN(CANARY ISLANDS),STANSTED,TENERIFE (SURREINA SOFIA),34051,31700,2351,29269,26680,2589,16.338105
10/02/2020 11:31,201912,WESTERN EUROPE-EU,SPAIN(CANARY ISLANDS),ABERDEEN,TENERIFE (SURREINA SOFIA),3298,0,3298,3218,0,3218,2.486016
10/02/2020 11:31,201912,WESTERN EUROPE-EU,SPAIN(CANARY ISLANDS),BELFAST INTERNATIONAL,ARRECIFE,7567,7567,0,10284,8745,1539,-26.419681
10/02/2020 11:31,201912,WESTERN EUROPE-EU,SPAIN(CANARY ISLANDS),BELFAST INTERNATIONAL,FUERTEVENTURA,3796,3796,0,4127,4127,0,-8.020354
10/02/2020 11:31,201912,WESTERN EUROPE-EU,SPAIN(CANARY ISLANDS),BELFAST INTERNATIONAL,LAS PALMAS,2192,2192,0,1587,1587,0,38.122243
10/02/2020 11:31,201912,WESTERN EUROPE-EU,SPAIN(CANARY ISLANDS),BELFAST INTERNATIONAL,TENERIFE (SURREINA SOFIA),8173,8173,0,10315,6433,3882,-20.765875
10/02/2020 11:31,201912,WESTERN EUROPE-EU,SPAIN(CANARY ISLANDS),BIRMINGHAM,ARRECIFE,21711,16834,4877,20976,16422,4554,3.504005
10/02/2020 11:31,201912,WESTERN EUROPE-EU,SPAIN(CANARY ISLANDS),BIRMINGHAM,FUERTEVENTURA,11148,8756,2392,10513,7633,2880,6.040141
10/02/2020 11:31,201912,WESTERN EUROPE-EU,SPAIN(CANARY ISLANDS),BIRMINGHAM,LAS PALMAS,11265,7149,4116,10981,6023,4958,2.586285
10/02/2020 11:31,201912,WESTERN EUROPE-EU,SPAIN(CANARY ISLANDS),BIRMINGHAM,TENERIFE (SURREINA SOFIA),32898,25791,7107,28436,22626,5810,15.691377
10/02/2020 11:31,201912,WESTERN EUROPE-EU,SPAIN(CANARY ISLANDS),BOURNEMOUTH,ARRECIFE,3159,0,3159,3105,0,3105,1.73913
10/02/2020 11:31,201912,WESTERN EUROPE-EU,SPAIN(CANARY ISLANDS),BOURNEMOUTH,LAS PALMAS,2579,1111,1468,1587,0,1587,62.507876
10/02/2020 11:31,201912,WESTERN EUROPE-EU,SPAIN(CANARY ISLANDS),BOURNEMOUTH,TENERIFE (NORTE LOS RODEOS),297,0,297,0,0,0,0
10/02/2020 11:31,201912,WESTERN EUROPE-EU,SPAIN(CANARY ISLANDS),BOURNEMOUTH,TENERIFE (SURREINA SOFIA),4617,1276,3341,3898,1190,2708,18.445357
10/02/2020 11:31,201912,WESTERN EUROPE-EU,SPAIN(CANARY ISLANDS),BRISTOL,ARRECIFE,11377,8205,3172,11286,6624,4662,0.806309
10/02/2020 11:31,201912,WESTERN EUROPE-EU,SPAIN(CANARY ISLANDS),BRISTOL,FUERTEVENTURA,4099,2636,1463,7438,2894,4544,-44.8911
10/02/2020 11:31,201912,WESTERN EUROPE-EU,SPAIN(CANARY ISLANDS),BRISTOL,LAS PALMAS,6702,5144,1558,5719,3984,1735,17.18832
10/02/2020 11:31,201912,WESTERN EUROPE-EU,SPAIN(CANARY ISLANDS),BRISTOL,TENERIFE (SURREINA SOFIA),16736,11794,4942,17108,10327,6781,-2.174421
10/02/2020 11:31,201912,WESTERN EUROPE-EU,SPAIN(CANARY ISLANDS),CARDIFF WALES,ARRECIFE,3232,0,3232,3159,0,3159,2.310858
10/02/2020 11:31,201912,WESTERN EUROPE-EU,SPAIN(CANARY ISLANDS),CARDIFF WALES,FUERTEVENTURA,0,0,0,130,130,0,-100
10/02/2020 11:31,201912,WESTERN EUROPE-EU,SPAIN(CANARY ISLANDS),CARDIFF WALES,LAS PALMAS,1388,0,1388,1800,0,1800,-22.888889
10/02/2020 11:31,201912,WESTERN EUROPE-EU,SPAIN(CANARY ISLANDS),CARDIFF WALES,TENERIFE (SURREINA SOFIA),7825,2932,4893,6995,2643,4352,11.865618
10/02/2020 11:31,201912,WESTERN EUROPE-EU,SPAIN(CANARY ISLANDS),DONCASTER SHEFFIELD,ARRECIFE,3426,0,3426,3337,0,3337,2.667066
10/02/2020 11:31,201912,WESTERN EUROPE-EU,SPAIN(CANARY ISLANDS),DONCASTER SHEFFIELD,LAS PALMAS,1636,0,1636,1867,0,1867,-12.372791
10/02/2020 11:31,201912,WESTERN EUROPE-EU,SPAIN(CANARY ISLANDS),DONCASTER SHEFFIELD,TENERIFE (SURREINA SOFIA),5231,0,5231,4706,0,4706,11.155971
10/02/2020 11:31,201912,WESTERN EUROPE-EU,SPAIN(CANARY ISLANDS),EAST MIDLANDS INTERNATIONAL,ARRECIFE,16001,14691,1310,17744,16109,1635,-9.823039
10/02/2020 11:31,201912,WESTERN EUROPE-EU,SPAIN(CANARY ISLANDS),EAST MIDLANDS INTERNATIONAL,FUERTEVENTURA,7642,6326,1316,9830,8447,1383,-22.258393
10/02/2020 11:31,201912,WESTERN EUROPE-EU,SPAIN(CANARY ISLANDS),EAST MIDLANDS INTERNATIONAL,LAS PALMAS,6505,6505,0,6441,5410,1031,0.993635
10/02/2020 11:31,201912,WESTERN EUROPE-EU,SPAIN(CANARY ISLANDS),EAST MIDLANDS INTERNATIONAL,TENERIFE (SURREINA SOFIA),23725,18645,5080,27222,22530,4692,-12.846227
10/02/2020 11:31,201912,WESTERN EUROPE-EU,SPAIN(CANARY ISLANDS),EDINBURGH,ARRECIFE,11049,9728,1321,8732,7435,1297,26.534585
10/02/2020 11:31,201912,WESTERN EUROPE-EU,SPAIN(CANARY ISLANDS),EDINBURGH,FUERTEVENTURA,5691,5691,0,4996,4996,0,13.911129
10/02/2020 11:31,201912,WESTERN EUROPE-EU,SPAIN(CANARY ISLANDS),EDINBURGH,LAS PALMAS,4943,4943,0,5080,4891,189,-2.69685
10/02/2020 11:31,201912,WESTERN EUROPE-EU,SPAIN(CANARY ISLANDS),EDINBURGH,TENERIFE (SURREINA SOFIA),22598,19568,3030,19570,16915,2655,15.472662
10/02/2020 11:31,201912,WESTERN EUROPE-EU,SPAIN(CANARY ISLANDS),EXETER,ARRECIFE,3217,0,3217,3150,0,3150,2.126984
10/02/2020 11:31,201912,WESTERN EUROPE-EU,SPAIN(CANARY ISLANDS),EXETER,LAS PALMAS,1563,0,1563,1508,0,1508,3.647215
10/02/2020 11:31,201912,WESTERN EUROPE-EU,SPAIN(CANARY ISLANDS),EXETER,TENERIFE (SURREINA SOFIA),4481,0,4481,3750,0,3750,19.493333
10/02/2020 11:31,201912,WESTERN EUROPE-EU,SPAIN(CANARY ISLANDS),GLASGOW,ARRECIFE,10400,8940,1460,11681,10110,1571,-10.966527
10/02/2020 11:31,201912,WESTERN EUROPE-EU,SPAIN(CANARY ISLANDS),GLASGOW,FUERTEVENTURA,4801,4801,0,7231,7231,0,-33.60531
10/02/2020 11:31,201912,WESTERN EUROPE-EU,SPAIN(CANARY ISLANDS),GLASGOW,LAS PALMAS,8409,6631,1778,9013,7107,1906,-6.701431
10/02/2020 11:31,201912,WESTERN EUROPE-EU,SPAIN(CANARY ISLANDS),GLASGOW,TENERIFE (SURREINA SOFIA),16808,13754,3054,22922,19946,2976,-26.673065
10/02/2020 11:31,201912,WESTERN EUROPE-EU,SPAIN(CANARY ISLANDS),LEEDS BRADFORD,ARRECIFE,10261,10261,0,9761,9761,0,5.122426
10/02/2020 11:31,201912,WESTERN EUROPE-EU,SPAIN(CANARY ISLANDS),LEEDS BRADFORD,FUERTEVENTURA,3393,3393,0,5487,5487,0,-38.162931
10/02/2020 11:31,201912,WESTERN EUROPE-EU,SPAIN(CANARY ISLANDS),LEEDS BRADFORD,LAS PALMAS,4606,4606,0,6976,6976,0,-33.973624
10/02/2020 11:31,201912,WESTERN EUROPE-EU,SPAIN(CANARY ISLANDS),LEEDS BRADFORD,TENERIFE (SURREINA SOFIA),18021,18021,0,16309,16309,0,10.497271
10/02/2020 11:31,201912,WESTERN EUROPE-EU,SPAIN(CANARY ISLANDS),LIVERPOOL (JOHN LENNON),ARRECIFE,6539,6539,0,5351,5351,0,22.201458
10/02/2020 11:31,201912,WESTERN EUROPE-EU,SPAIN(CANARY ISLANDS),LIVERPOOL (JOHN LENNON),FUERTEVENTURA,4257,4257,0,3887,3887,0,9.518909
10/02/2020 11:31,201912,WESTERN EUROPE-EU,SPAIN(CANARY ISLANDS),LIVERPOOL (JOHN LENNON),TENERIFE (SURREINA SOFIA),3774,3774,0,1515,1515,0,149.108911
10/02/2020 11:31,201912,WESTERN EUROPE-EU,SPAIN(CANARY ISLANDS),MANCHESTER,ARRECIFE,34084,26804,7280,34603,28243,6360,-1.49987
10/02/2020 11:31,201912,WESTERN EUROPE-EU,SPAIN(CANARY ISLANDS),MANCHESTER,FUERTEVENTURA,16205,11817,4388,18664,14749,3915,-13.175096
10/02/2020 11:31,201912,WESTERN EUROPE-EU,SPAIN(CANARY ISLANDS),MANCHESTER,LAS PALMAS,21731,14787,6944,21866,15964,5902,-0.617397
10/02/2020 11:31,201912,WESTERN EUROPE-EU,SPAIN(CANARY ISLANDS),MANCHESTER,SANTA CRUZ DE LA PALMA,1095,0,1095,1968,0,1968,-44.359756
10/02/2020 11:31,201912,WESTERN EUROPE-EU,SPAIN(CANARY ISLANDS),MANCHESTER,TENERIFE (SURREINA SOFIA),65664,52425,13239,66419,54102,12317,-1.136723
10/02/2020 11:31,201912,WESTERN EUROPE-EU,SPAIN(CANARY ISLANDS),NEWCASTLE,ARRECIFE,10525,10525,0,12738,12738,0,-17.373214
10/02/2020 11:31,201912,WESTERN EUROPE-EU,SPAIN(CANARY ISLANDS),NEWCASTLE,FUERTEVENTURA,2688,2688,0,2983,2983,0,-9.889373
10/02/2020 11:31,201912,WESTERN EUROPE-EU,SPAIN(CANARY ISLANDS),NEWCASTLE,LAS PALMAS,4949,4949,0,4465,4465,0,10.839866
10/02/2020 11:31,201912,WESTERN EUROPE-EU,SPAIN(CANARY ISLANDS),NEWCASTLE,TENERIFE (SURREINA SOFIA),20910,20910,0,20645,20645,0,1.283604
10/02/2020 11:31,201912,WESTERN EUROPE-EU,SPAIN(CANARY ISLANDS),NORWICH,TENERIFE (SURREINA SOFIA),1334,0,1334,1472,0,1472,-9.375
10/02/2020 11:31,201912,WESTERN EUROPE-EU,SPAIN(CANARY ISLANDS),PRESTWICK,ARRECIFE,2887,2887,0,2204,2204,0,30.989111
10/02/2020 11:31,201912,WESTERN EUROPE-EU,SPAIN(CANARY ISLANDS),PRESTWICK,FUERTEVENTURA,0,0,0,1370,1370,0,-100
10/02/2020 11:31,201912,WESTERN EUROPE-EU,SPAIN(CANARY ISLANDS),PRESTWICK,TENERIFE (SURREINA SOFIA),6616,6616,0,6031,6031,0,9.699884
10/02/2020 11:31,201912,WESTERN EUROPE-EU,SPAIN(CANARY ISLANDS),SOUTHAMPTON,TENERIFE (NORTE LOS RODEOS),4,0,4,0,0,0,0
10/02/2020 11:31,201912,WESTERN EUROPE-EU,SWEDEN,GATWICK,GOTEBORG (LANDVETTER),13704,13704,0,15633,15633,0,-12.339282
10/02/2020 11:31,201912,WESTERN EUROPE-EU,SWEDEN,GATWICK,OSTERSUND / FROSON,1874,1874,0,1491,1491,0,25.687458
10/02/2020 11:31,201912,WESTERN EUROPE-EU,SWEDEN,GATWICK,PAJALA YLLAS,376,0,376,0,0,0,0
10/02/2020 11:31,201912,WESTERN EUROPE-EU,SWEDEN,GATWICK,STOCKHOLM (ARLANDA),31773,31773,0,37294,37294,0,-14.80399
10/02/2020 11:31,201912,WESTERN EUROPE-EU,SWEDEN,HEATHROW,GOTEBORG (LANDVETTER),23903,23903,0,22157,22157,0,7.880128
10/02/2020 11:31,201912,WESTERN EUROPE-EU,SWEDEN,HEATHROW,KIRUNA,813,0,813,699,0,699,16.309013
10/02/2020 11:31,201912,WESTERN EUROPE-EU,SWEDEN,HEATHROW,STOCKHOLM (ARLANDA),78848,78848,0,77592,77592,0,1.618724
10/02/2020 11:31,201912,WESTERN EUROPE-EU,SWEDEN,LUTON,STOCKHOLM (ARLANDA),0,0,0,2712,2712,0,-100
10/02/2020 11:31,201912,WESTERN EUROPE-EU,SWEDEN,STANSTED,GOTEBORG (LANDVETTER),14454,14454,0,12608,12608,0,14.641497
10/02/2020 11:31,201912,WESTERN EUROPE-EU,SWEDEN,STANSTED,PAJALA YLLAS,0,0,0,378,0,378,-100
10/02/2020 11:31,201912,WESTERN EUROPE-EU,SWEDEN,STANSTED,STOCKHOLM (SKAVSTA),18113,18113,0,20770,20770,0,-12.792489
10/02/2020 11:31,201912,WESTERN EUROPE-EU,SWEDEN,STANSTED,VASTERAS,5808,5808,0,5908,5908,0,-1.69262
10/02/2020 11:31,201912,WESTERN EUROPE-EU,SWEDEN,BIRMINGHAM,GOTEBORG (LANDVETTER),0,0,0,159,159,0,-100
10/02/2020 11:31,201912,WESTERN EUROPE-EU,SWEDEN,BIRMINGHAM,PAJALA YLLAS,376,0,376,378,0,378,-0.529101
10/02/2020 11:31,201912,WESTERN EUROPE-EU,SWEDEN,BIRMINGHAM,STOCKHOLM (ARLANDA),429,429,0,395,395,0,8.607595
10/02/2020 11:31,201912,WESTERN EUROPE-EU,SWEDEN,BOURNEMOUTH,PAJALA YLLAS,376,0,376,378,0,378,-0.529101
10/02/2020 11:31,201912,WESTERN EUROPE-EU,SWEDEN,BRISTOL,GOTEBORG (LANDVETTER),0,0,0,116,116,0,-100
10/02/2020 11:31,201912,WESTERN EUROPE-EU,SWEDEN,BRISTOL,OSTERSUND / FROSON,0,0,0,522,522,0,-100
10/02/2020 11:31,201912,WESTERN EUROPE-EU,SWEDEN,BRISTOL,STOCKHOLM (ARLANDA),0,0,0,2581,2581,0,-100
10/02/2020 11:31,201912,WESTERN EUROPE-EU,SWEDEN,CARDIFF WALES,PAJALA YLLAS,378,0,378,374,0,374,1.069519
10/02/2020 11:31,201912,WESTERN EUROPE-EU,SWEDEN,EAST MIDLANDS INTERNATIONAL,PAJALA YLLAS,186,0,186,0,0,0,0
10/02/2020 11:31,201912,WESTERN EUROPE-EU,SWEDEN,EDINBURGH,GOTEBORG (LANDVETTER),2958,2958,0,2593,2593,0,14.076359
10/02/2020 11:31,201912,WESTERN EUROPE-EU,SWEDEN,EDINBURGH,STOCKHOLM (ARLANDA),6483,6483,0,7837,7837,0,-17.277019
10/02/2020 11:31,201912,WESTERN EUROPE-EU,SWEDEN,EDINBURGH,STOCKHOLM (SKAVSTA),0,0,0,3019,3019,0,-100
10/02/2020 11:31,201912,WESTERN EUROPE-EU,SWEDEN,EXETER,PAJALA YLLAS,376,0,376,0,0,0,0
10/02/2020 11:31,201912,WESTERN EUROPE-EU,SWEDEN,GLASGOW,PAJALA YLLAS,378,0,378,375,0,375,0.8
10/02/2020 11:31,201912,WESTERN EUROPE-EU,SWEDEN,HUMBERSIDE,PAJALA YLLAS,372,0,372,376,0,376,-1.06383
10/02/2020 11:31,201912,WESTERN EUROPE-EU,SWEDEN,ISLE OF MAN,PAJALA YLLAS,0,0,0,308,0,308,-100
10/02/2020 11:31,201912,WESTERN EUROPE-EU,SWEDEN,LEEDS BRADFORD,PAJALA YLLAS,376,0,376,374,0,374,0.534759
10/02/2020 11:31,201912,WESTERN EUROPE-EU,SWEDEN,LIVERPOOL (JOHN LENNON),PAJALA YLLAS,376,0,376,374,0,374,0.534759
10/02/2020 11:31,201912,WESTERN EUROPE-EU,SWEDEN,LIVERPOOL (JOHN LENNON),STOCKHOLM (ARLANDA),0,0,0,168,168,0,-100
10/02/2020 11:31,201912,WESTERN EUROPE-EU,SWEDEN,MANCHESTER,GOTEBORG (LANDVETTER),2775,2775,0,212,212,0,1208.962264
10/02/2020 11:31,201912,WESTERN EUROPE-EU,SWEDEN,MANCHESTER,STOCKHOLM (ARLANDA),14444,14444,0,15523,15523,0,-6.950976
10/02/2020 11:31,201912,WESTERN EUROPE-EU,SWEDEN,NORWICH,PAJALA YLLAS,360,0,360,374,0,374,-3.743316
10/02/2020 11:31,201912,WESTERN EUROPE-EU,SWEDEN,TEESSIDE INTERNATIONAL AIRPORT,PAJALA YLLAS,0,0,0,374,0,374,-100
10/02/2020 11:31,201912,WESTERN EUROPE-OTHER,FAROE ISLANDS,EDINBURGH,VAGAR,1046,1046,0,941,941,0,11.158342
10/02/2020 11:31,201912,WESTERN EUROPE-OTHER,ICELAND,GATWICK,KEFLAVIK,23210,20035,3175,38378,35015,3363,-39.522643
10/02/2020 11:31,201912,WESTERN EUROPE-OTHER,ICELAND,HEATHROW,KEFLAVIK,27568,27568,0,30506,30506,0,-9.630892
10/02/2020 11:31,201912,WESTERN EUROPE-OTHER,ICELAND,LONDON CITY,KEFLAVIK,0,0,0,1204,1204,0,-100
10/02/2020 11:31,201912,WESTERN EUROPE-OTHER,ICELAND,LUTON,KEFLAVIK,26488,26488,0,26480,26480,0,0.030211
10/02/2020 11:31,201912,WESTERN EUROPE-OTHER,ICELAND,STANSTED,AKUREYRI,0,0,0,30,0,30,-100
10/02/2020 11:31,201912,WESTERN EUROPE-OTHER,ICELAND,STANSTED,KEFLAVIK,0,0,0,3105,3105,0,-100
10/02/2020 11:31,201912,WESTERN EUROPE-OTHER,ICELAND,BELFAST INTERNATIONAL,KEFLAVIK,2745,2745,0,2428,2428,0,13.056013
10/02/2020 11:31,201912,WESTERN EUROPE-OTHER,ICELAND,BIRMINGHAM,KEFLAVIK,186,186,0,0,0,0,0
10/02/2020 11:31,201912,WESTERN EUROPE-OTHER,ICELAND,BRISTOL,KEFLAVIK,4259,4259,0,3535,3535,0,20.480905
10/02/2020 11:31,201912,WESTERN EUROPE-OTHER,ICELAND,CARDIFF WALES,AKUREYRI,0,0,0,324,0,324,-100
10/02/2020 11:31,201912,WESTERN EUROPE-OTHER,ICELAND,EDINBURGH,AKUREYRI,0,0,0,162,162,0,-100
10/02/2020 11:31,201912,WESTERN EUROPE-OTHER,ICELAND,EDINBURGH,KEFLAVIK,6435,6435,0,6855,6855,0,-6.126915
10/02/2020 11:31,201912,WESTERN EUROPE-OTHER,ICELAND,EXETER,AKUREYRI,0,0,0,241,0,241,-100
10/02/2020 11:31,201912,WESTERN EUROPE-OTHER,ICELAND,GLASGOW,EGILSSTADIR,0,0,0,188,0,188,-100
10/02/2020 11:31,201912,WESTERN EUROPE-OTHER,ICELAND,GLASGOW,KEFLAVIK,8272,8272,0,8968,8968,0,-7.760928
10/02/2020 11:31,201912,WESTERN EUROPE-OTHER,ICELAND,HUMBERSIDE,AKUREYRI,0,0,0,210,0,210,-100
10/02/2020 11:31,201912,WESTERN EUROPE-OTHER,ICELAND,LEEDS BRADFORD,AKUREYRI,0,0,0,175,0,175,-100
10/02/2020 11:31,201912,WESTERN EUROPE-OTHER,ICELAND,LIVERPOOL (JOHN LENNON),AKUREYRI,0,0,0,186,0,186,-100
10/02/2020 11:31,201912,WESTERN EUROPE-OTHER,ICELAND,LIVERPOOL (JOHN LENNON),KEFLAVIK,0,0,0,170,170,0,-100
10/02/2020 11:31,201912,WESTERN EUROPE-OTHER,ICELAND,MANCHESTER,AKUREYRI,0,0,0,233,0,233,-100
10/02/2020 11:31,201912,WESTERN EUROPE-OTHER,ICELAND,MANCHESTER,KEFLAVIK,25158,21635,3523,25320,22090,3230,-0.63981
10/02/2020 11:31,201912,WESTERN EUROPE-OTHER,ICELAND,NORWICH,AKUREYRI,0,0,0,285,0,285,-100
10/02/2020 11:31,201912,WESTERN EUROPE-OTHER,KOSOVO,LUTON,PRISTINA,6080,6080,0,6337,6337,0,-4.055547
10/02/2020 11:31,201912,WESTERN EUROPE-OTHER,MACEDONIA,LUTON,OHRID,1648,1648,0,0,0,0,0
10/02/2020 11:31,201912,WESTERN EUROPE-OTHER,MACEDONIA,LUTON,SKOPJE,5289,5289,0,4960,4960,0,6.633065
10/02/2020 11:31,201912,WESTERN EUROPE-OTHER,NORWAY,GATWICK,BERGEN,16624,16415,209,16435,16435,0,1.149985
10/02/2020 11:31,201912,WESTERN EUROPE-OTHER,NORWAY,GATWICK,OSLO (GARDERMOEN),36969,36969,0,36452,36452,0,1.418304
10/02/2020 11:31,201912,WESTERN EUROPE-OTHER,NORWAY,GATWICK,STAVANGER,7311,7311,0,7672,7672,0,-4.705422
10/02/2020 11:31,201912,WESTERN EUROPE-OTHER,NORWAY,GATWICK,TROMSOE,5143,5143,0,5124,5124,0,0.370804
10/02/2020 11:31,201912,WESTERN EUROPE-OTHER,NORWAY,GATWICK,TRONDHEIM (VAERNES),3562,3562,0,5672,5672,0,-37.200282
10/02/2020 11:31,201912,WESTERN EUROPE-OTHER,NORWAY,HEATHROW,OSLO (GARDERMOEN),54171,54171,0,54620,54620,0,-0.822043
10/02/2020 11:31,201912,WESTERN EUROPE-OTHER,NORWAY,HEATHROW,STAVANGER,4546,4546,0,7210,7210,0,-36.948682
10/02/2020 11:31,201912,WESTERN EUROPE-OTHER,NORWAY,LUTON,BERGEN,5684,5684,0,0,0,0,0
10/02/2020 11:31,201912,WESTERN EUROPE-OTHER,NORWAY,LUTON,OSLO (GARDERMOEN),9265,9265,0,0,0,0,0
10/02/2020 11:31,201912,WESTERN EUROPE-OTHER,NORWAY,LUTON,STAVANGER,3247,3247,0,0,0,0,0
10/02/2020 11:31,201912,WESTERN EUROPE-OTHER,NORWAY,LUTON,TROMSOE,2724,2724,0,1586,1586,0,71.752837
10/02/2020 11:31,201912,WESTERN EUROPE-OTHER,NORWAY,STANSTED,KRISTIANSAND (KJEVIK),1821,1821,0,1628,1628,0,11.855037
10/02/2020 11:31,201912,WESTERN EUROPE-OTHER,NORWAY,STANSTED,OSLO (GARDERMOEN),26253,26253,0,26005,26005,0,0.953663
10/02/2020 11:31,201912,WESTERN EUROPE-OTHER,NORWAY,STANSTED,SANDEFJORD(TORP),3544,3544,0,3545,3545,0,-0.028209
10/02/2020 11:31,201912,WESTERN EUROPE-OTHER,NORWAY,ABERDEEN,BERGEN,2839,2773,66,2623,2623,0,8.234846
10/02/2020 11:31,201912,WESTERN EUROPE-OTHER,NORWAY,ABERDEEN,OSLO (GARDERMOEN),1228,1228,0,2173,2173,0,-43.488265
10/02/2020 11:31,201912,WESTERN EUROPE-OTHER,NORWAY,ABERDEEN,STAVANGER,7580,7580,0,6618,6618,0,14.536114
10/02/2020 11:31,201912,WESTERN EUROPE-OTHER,NORWAY,BIRMINGHAM,BERGEN,157,0,157,0,0,0,0
10/02/2020 11:31,201912,WESTERN EUROPE-OTHER,NORWAY,BIRMINGHAM,OSLO (GARDERMOEN),205,205,0,0,0,0,0
10/02/2020 11:31,201912,WESTERN EUROPE-OTHER,NORWAY,BIRMINGHAM,TROMSOE,0,0,0,139,139,0,-100
10/02/2020 11:31,201912,WESTERN EUROPE-OTHER,NORWAY,BOURNEMOUTH,BERGEN,0,0,0,100,0,100,-100
10/02/2020 11:31,201912,WESTERN EUROPE-OTHER,NORWAY,CARDIFF WALES,OSLO (GARDERMOEN),0,0,0,4,0,4,-100
10/02/2020 11:31,201912,WESTERN EUROPE-OTHER,NORWAY,EDINBURGH,BERGEN,257,257,0,0,0,0,0
10/02/2020 11:31,201912,WESTERN EUROPE-OTHER,NORWAY,EDINBURGH,OSLO (GARDERMOEN),9734,9734,0,9793,9793,0,-0.602471
10/02/2020 11:31,201912,WESTERN EUROPE-OTHER,NORWAY,EDINBURGH,STAVANGER,861,861,0,0,0,0,0
10/02/2020 11:31,201912,WESTERN EUROPE-OTHER,NORWAY,GLASGOW,BERGEN,0,0,0,184,0,184,-100
10/02/2020 11:31,201912,WESTERN EUROPE-OTHER,NORWAY,INVERNESS,BERGEN,0,0,0,110,110,0,-100
10/02/2020 11:31,201912,WESTERN EUROPE-OTHER,NORWAY,LIVERPOOL (JOHN LENNON),BERGEN,882,882,0,817,817,0,7.955936
10/02/2020 11:31,201912,WESTERN EUROPE-OTHER,NORWAY,LIVERPOOL (JOHN LENNON),OSLO (GARDERMOEN),304,0,304,911,0,911,-66.630077
10/02/2020 11:31,201912,WESTERN EUROPE-OTHER,NORWAY,LIVERPOOL (JOHN LENNON),STAVANGER,114,0,114,78,0,78,46.153846
10/02/2020 11:31,201912,WESTERN EUROPE-OTHER,NORWAY,MANCHESTER,BERGEN,3864,3864,0,507,507,0,662.130178
10/02/2020 11:31,201912,WESTERN EUROPE-OTHER,NORWAY,MANCHESTER,OSLO (GARDERMOEN),13928,13928,0,11826,11826,0,17.774395
10/02/2020 11:31,201912,WESTERN EUROPE-OTHER,NORWAY,MANCHESTER,SANDEFJORD(TORP),6693,6693,0,5220,5220,0,28.218391
10/02/2020 11:31,201912,WESTERN EUROPE-OTHER,NORWAY,MANCHESTER,STAVANGER,3089,3089,0,3084,3084,0,0.162127
10/02/2020 11:31,201912,WESTERN EUROPE-OTHER,NORWAY,NEWCASTLE,STAVANGER,947,947,0,920,920,0,2.934783
10/02/2020 11:31,201912,WESTERN EUROPE-OTHER,REPUBLIC OF MONTENEGRO,STANSTED,PODGORICA,3596,3596,0,2910,2910,0,23.573883
10/02/2020 11:31,201912,WESTERN EUROPE-OTHER,REPUBLIC OF SERBIA,HEATHROW,BELGRADE,7460,7460,0,6399,6399,0,16.580716
10/02/2020 11:31,201912,WESTERN EUROPE-OTHER,REPUBLIC OF SERBIA,LUTON,BELGRADE,6557,6557,0,3955,3955,0,65.790139
10/02/2020 11:31,201912,WESTERN EUROPE-OTHER,SWITZERLAND,GATWICK,BALE MULHOUSE,25338,25338,0,23856,23856,0,6.212274
10/02/2020 11:31,201912,WESTERN EUROPE-OTHER,SWITZERLAND,GATWICK,GENEVA,87192,86269,923,82054,79483,2571,6.26173
10/02/2020 11:31,201912,WESTERN EUROPE-OTHER,SWITZERLAND,GATWICK,ZURICH,16981,16981,0,13893,13893,0,22.227021
10/02/2020 11:31,201912,WESTERN EUROPE-OTHER,SWITZERLAND,HEATHROW,BALE MULHOUSE,26158,26158,0,21696,21696,0,20.566003
10/02/2020 11:31,201912,WESTERN EUROPE-OTHER,SWITZERLAND,HEATHROW,GENEVA,96979,96979,0,89558,89558,0,8.28625
10/02/2020 11:31,201912,WESTERN EUROPE-OTHER,SWITZERLAND,HEATHROW,ZURICH,107443,107443,0,100460,100460,0,6.951025
10/02/2020 11:31,201912,WESTERN EUROPE-OTHER,SWITZERLAND,LONDON CITY,GENEVA,15750,15750,0,18039,18039,0,-12.689173
10/02/2020 11:31,201912,WESTERN EUROPE-OTHER,SWITZERLAND,LONDON CITY,ZURICH,34853,34853,0,33600,33600,0,3.729167
10/02/2020 11:31,201912,WESTERN EUROPE-OTHER,SWITZERLAND,LUTON,BALE MULHOUSE,8118,8118,0,6089,6089,0,33.322385
10/02/2020 11:31,201912,WESTERN EUROPE-OTHER,SWITZERLAND,LUTON,GENEVA,36534,36534,0,35836,35836,0,1.947762
10/02/2020 11:31,201912,WESTERN EUROPE-OTHER,SWITZERLAND,LUTON,ZURICH,13942,13942,0,12679,12679,0,9.961353
10/02/2020 11:31,201912,WESTERN EUROPE-OTHER,SWITZERLAND,SOUTHEND,GENEVA,4612,4612,0,4728,4728,0,-2.453469
10/02/2020 11:31,201912,WESTERN EUROPE-OTHER,SWITZERLAND,STANSTED,GENEVA,14290,14290,0,11178,11178,0,27.840401
10/02/2020 11:31,201912,WESTERN EUROPE-OTHER,SWITZERLAND,ABERDEEN,GENEVA,716,716,0,767,767,0,-6.649283
10/02/2020 11:31,201912,WESTERN EUROPE-OTHER,SWITZERLAND,BELFAST INTERNATIONAL,GENEVA,3776,3776,0,3736,3736,0,1.070664
10/02/2020 11:31,201912,WESTERN EUROPE-OTHER,SWITZERLAND,BIGGIN HILL,SION,0,0,0,12,0,12,-100
10/02/2020 11:31,201912,WESTERN EUROPE-OTHER,SWITZERLAND,BIGGIN HILL,ZURICH,0,0,0,19,0,19,-100
10/02/2020 11:31,201912,WESTERN EUROPE-OTHER,SWITZERLAND,BIRMINGHAM,BALE MULHOUSE,0,0,0,143,143,0,-100
10/02/2020 11:31,201912,WESTERN EUROPE-OTHER,SWITZERLAND,BIRMINGHAM,GENEVA,13022,13022,0,12865,12649,216,1.220365
10/02/2020 11:31,201912,WESTERN EUROPE-OTHER,SWITZERLAND,BIRMINGHAM,ZURICH,8862,8862,0,9124,9124,0,-2.871548
10/02/2020 11:31,201912,WESTERN EUROPE-OTHER,SWITZERLAND,BOURNEMOUTH,GENEVA,4537,4537,0,4061,4061,0,11.721251
10/02/2020 11:31,201912,WESTERN EUROPE-OTHER,SWITZERLAND,BRISTOL,BALE MULHOUSE,5369,5369,0,3575,3357,218,50.181818
10/02/2020 11:31,201912,WESTERN EUROPE-OTHER,SWITZERLAND,BRISTOL,GENEVA,21562,21379,183,23386,22010,1376,-7.799538
10/02/2020 11:31,201912,WESTERN EUROPE-OTHER,SWITZERLAND,CARDIFF WALES,GENEVA,271,271,0,466,466,0,-41.845494
10/02/2020 11:31,201912,WESTERN EUROPE-OTHER,SWITZERLAND,EAST MIDLANDS INTERNATIONAL,GENEVA,465,465,0,503,503,0,-7.554672
10/02/2020 11:31,201912,WESTERN EUROPE-OTHER,SWITZERLAND,EDINBURGH,BALE MULHOUSE,6240,6240,0,5575,5575,0,11.928251
10/02/2020 11:31,201912,WESTERN EUROPE-OTHER,SWITZERLAND,EDINBURGH,GENEVA,16259,16072,187,15627,15208,419,4.044282
10/02/2020 11:31,201912,WESTERN EUROPE-OTHER,SWITZERLAND,EDINBURGH,ZURICH,1103,1103,0,1364,1364,0,-19.134897
10/02/2020 11:31,201912,WESTERN EUROPE-OTHER,SWITZERLAND,EXETER,GENEVA,300,300,0,304,304,0,-1.315789
10/02/2020 11:31,201912,WESTERN EUROPE-OTHER,SWITZERLAND,GLASGOW,BERNE,351,0,351,0,0,0,0
10/02/2020 11:31,201912,WESTERN EUROPE-OTHER,SWITZERLAND,GLASGOW,GENEVA,2270,2270,0,2255,2255,0,0.665188
10/02/2020 11:31,201912,WESTERN EUROPE-OTHER,SWITZERLAND,ISLE OF MAN,GENEVA,263,0,263,338,338,0,-22.189349
10/02/2020 11:31,201912,WESTERN EUROPE-OTHER,SWITZERLAND,JERSEY,GENEVA,291,291,0,349,349,0,-16.618911
10/02/2020 11:31,201912,WESTERN EUROPE-OTHER,SWITZERLAND,LEEDS BRADFORD,GENEVA,2251,2251,0,2379,2379,0,-5.380412
10/02/2020 11:31,201912,WESTERN EUROPE-OTHER,SWITZERLAND,LIVERPOOL (JOHN LENNON),GENEVA,13425,13425,0,13294,13294,0,0.985407
10/02/2020 11:31,201912,WESTERN EUROPE-OTHER,SWITZERLAND,MANCHESTER,BALE MULHOUSE,9218,9218,0,10636,10636,0,-13.33208
10/02/2020 11:31,201912,WESTERN EUROPE-OTHER,SWITZERLAND,MANCHESTER,GENEVA,25941,25941,0,26063,25517,546,-0.468097
10/02/2020 11:31,201912,WESTERN EUROPE-OTHER,SWITZERLAND,MANCHESTER,ZURICH,13647,13647,0,13475,13475,0,1.276438
10/02/2020 11:31,201912,WESTERN EUROPE-OTHER,SWITZERLAND,NEWCASTLE,GENEVA,4825,4825,0,5817,5817,0,-17.053464
10/02/2020 11:31,201912,WESTERN EUROPE-OTHER,SWITZERLAND,SOUTHAMPTON,GENEVA,2753,2753,0,2608,2608,0,5.559816
10/02/2020 11:31,201912,WESTERN EUROPE-OTHER,TURKEY,GATWICK,ANKARA (ESENBOGA),1774,1774,0,0,0,0,0
10/02/2020 11:31,201912,WESTERN EUROPE-OTHER,TURKEY,GATWICK,ANTALYA,3784,2948,836,2906,2160,746,30.213352
10/02/2020 11:31,201912,WESTERN EUROPE-OTHER,TURKEY,GATWICK,DALAMAN,0,0,0,3246,3246,0,-100
10/02/2020 11:31,201912,WESTERN EUROPE-OTHER,TURKEY,GATWICK,ISTANBUL,17840,17840,0,0,0,0,0
10/02/2020 11:31,201912,WESTERN EUROPE-OTHER,TURKEY,GATWICK,ISTANBUL (SABIHA GOKCEN),5148,5148,0,4829,4829,0,6.605923
10/02/2020 11:31,201912,WESTERN EUROPE-OTHER,TURKEY,GATWICK,ISTANBUL ATATURK,0,0,0,17588,17588,0,-100
10/02/2020 11:31,201912,WESTERN EUROPE-OTHER,TURKEY,HEATHROW,ISTANBUL,89250,89250,0,87335,87335,0,2.192706
10/02/2020 11:31,201912,WESTERN EUROPE-OTHER,TURKEY,HEATHROW,ISTANBUL (SABIHA GOKCEN),0,0,0,151,151,0,-100
10/02/2020 11:31,201912,WESTERN EUROPE-OTHER,TURKEY,STANSTED,ANKARA (ESENBOGA),313,313,0,0,0,0,0
10/02/2020 11:31,201912,WESTERN EUROPE-OTHER,TURKEY,STANSTED,ANTALYA,3245,3245,0,1633,1633,0,98.714023
10/02/2020 11:31,201912,WESTERN EUROPE-OTHER,TURKEY,STANSTED,ISTANBUL,1891,1891,0,0,0,0,0
10/02/2020 11:31,201912,WESTERN EUROPE-OTHER,TURKEY,STANSTED,ISTANBUL (SABIHA GOKCEN),45005,45005,0,32576,32576,0,38.153856
10/02/2020 11:31,201912,WESTERN EUROPE-OTHER,TURKEY,STANSTED,ISTANBUL ATATURK,0,0,0,8812,8812,0,-100
10/02/2020 11:31,201912,WESTERN EUROPE-OTHER,TURKEY,STANSTED,IZMIR (ADNAN MENDERES),4073,4073,0,4263,4263,0,-4.456955
10/02/2020 11:31,201912,WESTERN EUROPE-OTHER,TURKEY,BIRMINGHAM,ANTALYA,3116,3116,0,1310,1310,0,137.862595
10/02/2020 11:31,201912,WESTERN EUROPE-OTHER,TURKEY,BIRMINGHAM,DALAMAN,0,0,0,216,216,0,-100
10/02/2020 11:31,201912,WESTERN EUROPE-OTHER,TURKEY,BIRMINGHAM,ISTANBUL,12055,12055,0,0,0,0,0
10/02/2020 11:31,201912,WESTERN EUROPE-OTHER,TURKEY,BIRMINGHAM,ISTANBUL (SABIHA GOKCEN),203,0,203,0,0,0,0
10/02/2020 11:31,201912,WESTERN EUROPE-OTHER,TURKEY,BIRMINGHAM,ISTANBUL ATATURK,0,0,0,10565,10565,0,-100
10/02/2020 11:31,201912,WESTERN EUROPE-OTHER,TURKEY,BRISTOL,ANTALYA,0,0,0,196,0,196,-100
10/02/2020 11:31,201912,WESTERN EUROPE-OTHER,TURKEY,EDINBURGH,ISTANBUL,7526,7526,0,129,129,0,5734.108527
10/02/2020 11:31,201912,WESTERN EUROPE-OTHER,TURKEY,EDINBURGH,ISTANBUL ATATURK,0,0,0,5595,5595,0,-100
10/02/2020 11:31,201912,WESTERN EUROPE-OTHER,TURKEY,GLASGOW,ANTALYA,1807,1807,0,1689,1689,0,6.986382
10/02/2020 11:31,201912,WESTERN EUROPE-OTHER,TURKEY,LEEDS BRADFORD,ANTALYA,586,586,0,0,0,0,0
10/02/2020 11:31,201912,WESTERN EUROPE-OTHER,TURKEY,MANCHESTER,ANTALYA,4531,4531,0,5594,5408,186,-19.002503
10/02/2020 11:31,201912,WESTERN EUROPE-OTHER,TURKEY,MANCHESTER,DALAMAN,0,0,0,1993,1993,0,-100
10/02/2020 11:31,201912,WESTERN EUROPE-OTHER,TURKEY,MANCHESTER,ISTANBUL,21217,21217,0,20610,20355,255,2.945172
10/02/2020 11:31,201912,WESTERN EUROPE-OTHER,TURKEY,MANCHESTER,ISTANBUL (SABIHA GOKCEN),11919,11919,0,0,0,0,0
10/02/2020 11:31,201912,WESTERN EUROPE-OTHER,TURKEY,NEWCASTLE,ANTALYA,581,581,0,0,0,0,0
10/02/2020 11:31,201912,EASTERN EUROPE-EU,BULGARIA,GATWICK,SOFIA,13724,12623,1101,13111,12006,1105,4.675463
10/02/2020 11:31,201912,EASTERN EUROPE-EU,BULGARIA,HEATHROW,SOFIA,13130,13130,0,13261,13261,0,-0.987859
10/02/2020 11:31,201912,EASTERN EUROPE-EU,BULGARIA,LUTON,BURGAS,3880,3880,0,4153,4153,0,-6.573561
10/02/2020 11:31,201912,EASTERN EUROPE-EU,BULGARIA,LUTON,SOFIA,26266,26266,0,24279,24279,0,8.184027
10/02/2020 11:31,201912,EASTERN EUROPE-EU,BULGARIA,LUTON,VARNA,11994,11994,0,7456,7456,0,60.863734
10/02/2020 11:31,201912,EASTERN EUROPE-EU,BULGARIA,SOUTHEND,SOFIA,1392,1392,0,1391,1391,0,0.071891
10/02/2020 11:31,201912,EASTERN EUROPE-EU,BULGARIA,STANSTED,PLOVDIV,5403,5403,0,4818,4818,0,12.141968
10/02/2020 11:31,201912,EASTERN EUROPE-EU,BULGARIA,STANSTED,SOFIA,27053,27053,0,21622,21622,0,25.117935
10/02/2020 11:31,201912,EASTERN EUROPE-EU,BULGARIA,BELFAST INTERNATIONAL,PLOVDIV,550,0,550,645,0,645,-14.728682
10/02/2020 11:31,201912,EASTERN EUROPE-EU,BULGARIA,BELFAST INTERNATIONAL,SOFIA,435,0,435,0,0,0,0
10/02/2020 11:31,201912,EASTERN EUROPE-EU,BULGARIA,BIRMINGHAM,SOFIA,4636,4086,550,5429,4876,553,-14.606742
10/02/2020 11:31,201912,EASTERN EUROPE-EU,BULGARIA,BRISTOL,SOFIA,3995,2912,1083,3929,2813,1116,1.679817
10/02/2020 11:31,201912,EASTERN EUROPE-EU,BULGARIA,EAST MIDLANDS INTERNATIONAL,SOFIA,499,0,499,398,0,398,25.376884
10/02/2020 11:31,201912,EASTERN EUROPE-EU,BULGARIA,EDINBURGH,SOFIA,4951,4951,0,4215,4215,0,17.461447
10/02/2020 11:31,201912,EASTERN EUROPE-EU,BULGARIA,LIVERPOOL (JOHN LENNON),SOFIA,3276,3276,0,2763,2763,0,18.566775
10/02/2020 11:31,201912,EASTERN EUROPE-EU,BULGARIA,LIVERPOOL (JOHN LENNON),VARNA,3226,3226,0,0,0,0,0
10/02/2020 11:31,201912,EASTERN EUROPE-EU,BULGARIA,MANCHESTER,SOFIA,8316,7233,1083,7306,6198,1108,13.824254
10/02/2020 11:31,201912,EASTERN EUROPE-EU,BULGARIA,NEWCASTLE,SOFIA,290,290,0,243,243,0,19.341564
10/02/2020 11:31,201912,EASTERN EUROPE-EU,CZECH REPUBLIC,GATWICK,PRAGUE,20611,20611,0,24242,24242,0,-14.978137
10/02/2020 11:31,201912,EASTERN EUROPE-EU,CZECH REPUBLIC,HEATHROW,PRAGUE,40339,40339,0,40652,40652,0,-0.76995
10/02/2020 11:31,201912,EASTERN EUROPE-EU,CZECH REPUBLIC,LONDON CITY,PRAGUE,4851,4851,0,4093,4093,0,18.519423
10/02/2020 11:31,201912,EASTERN EUROPE-EU,CZECH REPUBLIC,LUTON,PRAGUE,18564,18564,0,10680,10680,0,73.820225
10/02/2020 11:31,201912,EASTERN EUROPE-EU,CZECH REPUBLIC,SOUTHEND,PRAGUE,3165,3165,0,7227,7227,0,-56.205895
10/02/2020 11:31,201912,EASTERN EUROPE-EU,CZECH REPUBLIC,STANSTED,BRNO (TURANY),7990,7990,0,7333,7333,0,8.959498
10/02/2020 11:31,201912,EASTERN EUROPE-EU,CZECH REPUBLIC,STANSTED,OSTRAVA,4296,4296,0,5461,5461,0,-21.333089
10/02/2020 11:31,201912,EASTERN EUROPE-EU,CZECH REPUBLIC,STANSTED,PARDUBICE,0,0,0,3448,3448,0,-100
10/02/2020 11:31,201912,EASTERN EUROPE-EU,CZECH REPUBLIC,STANSTED,PRAGUE,37057,37057,0,33718,33718,0,9.902723
10/02/2020 11:31,201912,EASTERN EUROPE-EU,CZECH REPUBLIC,BELFAST INTERNATIONAL,PRAGUE,2726,2726,0,2710,2710,0,0.590406
10/02/2020 11:31,201912,EASTERN EUROPE-EU,CZECH REPUBLIC,BIRMINGHAM,PRAGUE,5817,5817,0,7978,7978,0,-27.086989
10/02/2020 11:31,201912,EASTERN EUROPE-EU,CZECH REPUBLIC,BOURNEMOUTH,PRAGUE,3113,3113,0,0,0,0,0
10/02/2020 11:31,201912,EASTERN EUROPE-EU,CZECH REPUBLIC,BRISTOL,PRAGUE,9605,9605,0,9412,9412,0,2.050574
10/02/2020 11:31,201912,EASTERN EUROPE-EU,CZECH REPUBLIC,CARDIFF WALES,PRAGUE,22,22,0,138,0,138,-84.057971
10/02/2020 11:31,201912,EASTERN EUROPE-EU,CZECH REPUBLIC,EAST MIDLANDS INTERNATIONAL,PRAGUE,2829,2829,0,2437,2437,0,16.085351
10/02/2020 11:31,201912,EASTERN EUROPE-EU,CZECH REPUBLIC,EDINBURGH,PRAGUE,11825,11825,0,9500,9500,0,24.473684
10/02/2020 11:31,201912,EASTERN EUROPE-EU,CZECH REPUBLIC,GLASGOW,PRAGUE,3071,3071,0,2628,2628,0,16.856925
10/02/2020 11:31,201912,EASTERN EUROPE-EU,CZECH REPUBLIC,GUERNSEY,PRAGUE,34,0,34,37,0,37,-8.108108
10/02/2020 11:31,201912,EASTERN EUROPE-EU,CZECH REPUBLIC,JERSEY,PRAGUE,28,28,0,33,0,33,-15.151515
10/02/2020 11:31,201912,EASTERN EUROPE-EU,CZECH REPUBLIC,LEEDS BRADFORD,PRAGUE,2857,2857,0,2974,2974,0,-3.934095
10/02/2020 11:31,201912,EASTERN EUROPE-EU,CZECH REPUBLIC,LIVERPOOL (JOHN LENNON),PRAGUE,2709,2709,0,6846,6846,0,-60.429448
10/02/2020 11:31,201912,EASTERN EUROPE-EU,CZECH REPUBLIC,MANCHESTER,PRAGUE,32901,32901,0,18746,18746,0,75.509442
10/02/2020 11:31,201912,EASTERN EUROPE-EU,CZECH REPUBLIC,NEWCASTLE,PRAGUE,3150,3150,0,2431,2431,0,29.576306
10/02/2020 11:31,201912,EASTERN EUROPE-EU,ESTONIA,GATWICK,TALLIN,7403,7403,0,4625,4625,0,60.064865
10/02/2020 11:31,201912,EASTERN EUROPE-EU,ESTONIA,HEATHROW,TALLIN,0,0,0,2971,2971,0,-100
10/02/2020 11:31,201912,EASTERN EUROPE-EU,ESTONIA,LUTON,TALLIN,0,0,0,4131,4131,0,-100
10/02/2020 11:31,201912,EASTERN EUROPE-EU,ESTONIA,STANSTED,TALLIN,5449,5449,0,7761,7761,0,-29.789976
10/02/2020 11:31,201912,EASTERN EUROPE-EU,ESTONIA,EDINBURGH,TALLIN,3048,3048,0,3051,3051,0,-0.098328
10/02/2020 11:31,201912,EASTERN EUROPE-EU,HUNGARY,GATWICK,BUDAPEST,33570,33570,0,17305,16799,506,93.990176
10/02/2020 11:31,201912,EASTERN EUROPE-EU,HUNGARY,HEATHROW,BUDAPEST,23342,23342,0,26483,26483,0,-11.860439
10/02/2020 11:31,201912,EASTERN EUROPE-EU,HUNGARY,LONDON CITY,BUDAPEST,5148,5148,0,0,0,0,0
10/02/2020 11:31,201912,EASTERN EUROPE-EU,HUNGARY,LUTON,BUDAPEST,44676,44676,0,45993,45993,0,-2.863479
10/02/2020 11:31,201912,EASTERN EUROPE-EU,HUNGARY,LUTON,DEBRECEN,12419,12419,0,10985,10985,0,13.054165
10/02/2020 11:31,201912,EASTERN EUROPE-EU,HUNGARY,SOUTHEND,BUDAPEST,2499,2499,0,4353,4353,0,-42.591316
10/02/2020 11:31,201912,EASTERN EUROPE-EU,HUNGARY,STANSTED,BUDAPEST,36196,36196,0,35501,35501,0,1.957691
10/02/2020 11:31,201912,EASTERN EUROPE-EU,HUNGARY,BIRMINGHAM,BUDAPEST,6479,6479,0,3156,3156,0,105.291508
10/02/2020 11:31,201912,EASTERN EUROPE-EU,HUNGARY,BRISTOL,BUDAPEST,7179,7179,0,4632,4632,0,54.987047
10/02/2020 11:31,201912,EASTERN EUROPE-EU,HUNGARY,DONCASTER SHEFFIELD,BUDAPEST,3801,3801,0,3161,3161,0,20.246757
10/02/2020 11:31,201912,EASTERN EUROPE-EU,HUNGARY,DONCASTER SHEFFIELD,DEBRECEN,2727,2727,0,1469,1469,0,85.636487
10/02/2020 11:31,201912,EASTERN EUROPE-EU,HUNGARY,EAST MIDLANDS INTERNATIONAL,BUDAPEST,6736,6736,0,6237,6237,0,8.000641
10/02/2020 11:31,201912,EASTERN EUROPE-EU,HUNGARY,EDINBURGH,BUDAPEST,15025,15025,0,6600,6600,0,127.651515
10/02/2020 11:31,201912,EASTERN EUROPE-EU,HUNGARY,GLASGOW,BUDAPEST,2661,2661,0,2834,2834,0,-6.104446
10/02/2020 11:31,201912,EASTERN EUROPE-EU,HUNGARY,LEEDS BRADFORD,BUDAPEST,2800,2800,0,2621,2621,0,6.829454
10/02/2020 11:31,201912,EASTERN EUROPE-EU,HUNGARY,LIVERPOOL (JOHN LENNON),BUDAPEST,3496,3496,0,3934,3934,0,-11.133706
10/02/2020 11:31,201912,EASTERN EUROPE-EU,HUNGARY,MANCHESTER,BUDAPEST,19836,19836,0,15108,14891,217,31.294678
10/02/2020 11:31,201912,EASTERN EUROPE-EU,LATVIA,GATWICK,RIGA,10304,10304,0,9339,9339,0,10.333012
10/02/2020 11:31,201912,EASTERN EUROPE-EU,LATVIA,LUTON,RIGA,16827,16827,0,15596,15596,0,7.893049
10/02/2020 11:31,201912,EASTERN EUROPE-EU,LATVIA,STANSTED,RIGA,23283,23283,0,20119,20119,0,15.726428
10/02/2020 11:31,201912,EASTERN EUROPE-EU,LATVIA,DONCASTER SHEFFIELD,RIGA,3031,3031,0,3396,3396,0,-10.747939
10/02/2020 11:31,201912,EASTERN EUROPE-EU,LATVIA,EAST MIDLANDS INTERNATIONAL,RIGA,5968,5968,0,4603,4603,0,29.654573
10/02/2020 11:31,201912,EASTERN EUROPE-EU,LATVIA,EDINBURGH,RIGA,5112,5112,0,1476,1476,0,246.341463
10/02/2020 11:31,201912,EASTERN EUROPE-EU,LATVIA,LEEDS BRADFORD,RIGA,3155,3155,0,3175,3175,0,-0.629921
10/02/2020 11:31,201912,EASTERN EUROPE-EU,LATVIA,MANCHESTER,RIGA,4892,4892,0,3190,3190,0,53.354232
10/02/2020 11:31,201912,EASTERN EUROPE-EU,LITHUANIA,LONDON CITY,VILNIUS,5806,5806,0,0,0,0,0
10/02/2020 11:31,201912,EASTERN EUROPE-EU,LITHUANIA,LUTON,KAUNAS,20059,20059,0,19700,19700,0,1.822335
10/02/2020 11:31,201912,EASTERN EUROPE-EU,LITHUANIA,LUTON,PALANGA,4573,4573,0,5455,5455,0,-16.168653
10/02/2020 11:31,201912,EASTERN EUROPE-EU,LITHUANIA,LUTON,VILNIUS,17767,17767,0,26094,26094,0,-31.911551
10/02/2020 11:31,201912,EASTERN EUROPE-EU,LITHUANIA,SOUTHEND,VILNIUS,7655,7655,0,0,0,0,0
10/02/2020 11:31,201912,EASTERN EUROPE-EU,LITHUANIA,STANSTED,KAUNAS,6565,6565,0,8516,8516,0,-22.909817
10/02/2020 11:31,201912,EASTERN EUROPE-EU,LITHUANIA,STANSTED,PALANGA,3143,3143,0,3463,3463,0,-9.240543
10/02/2020 11:31,201912,EASTERN EUROPE-EU,LITHUANIA,STANSTED,VILNIUS,10581,10581,0,10252,10252,0,3.20913
10/02/2020 11:31,201912,EASTERN EUROPE-EU,LITHUANIA,BELFAST INTERNATIONAL,VILNIUS,2549,2549,0,3511,3511,0,-27.399601
10/02/2020 11:31,201912,EASTERN EUROPE-EU,LITHUANIA,BIRMINGHAM,VILNIUS,0,0,0,2333,2333,0,-100
10/02/2020 11:31,201912,EASTERN EUROPE-EU,LITHUANIA,BRISTOL,KAUNAS,3563,3563,0,2734,2734,0,30.321873
10/02/2020 11:31,201912,EASTERN EUROPE-EU,LITHUANIA,DONCASTER SHEFFIELD,VILNIUS,4677,4677,0,3210,3210,0,45.700935
10/02/2020 11:31,201912,EASTERN EUROPE-EU,LITHUANIA,EDINBURGH,KAUNAS,2941,2941,0,0,0,0,0
10/02/2020 11:31,201912,EASTERN EUROPE-EU,LITHUANIA,LEEDS BRADFORD,VILNIUS,0,0,0,2357,2357,0,-100
10/02/2020 11:31,201912,EASTERN EUROPE-EU,LITHUANIA,LIVERPOOL (JOHN LENNON),VILNIUS,2791,2791,0,3107,3107,0,-10.170583
10/02/2020 11:31,201912,EASTERN EUROPE-EU,POLAND,GATWICK,GDANSK,10597,10597,0,0,0,0,0
10/02/2020 11:31,201912,EASTERN EUROPE-EU,POLAND,GATWICK,KRAKOW,17115,17115,0,12724,12724,0,34.509588
10/02/2020 11:31,201912,EASTERN EUROPE-EU,POLAND,GATWICK,WARSAW (CHOPIN),79,0,79,5107,5107,0,-98.453104
10/02/2020 11:31,201912,EASTERN EUROPE-EU,POLAND,HEATHROW,KRAKOW,9518,9518,0,9617,9617,0,-1.029427
10/02/2020 11:31,201912,EASTERN EUROPE-EU,POLAND,HEATHROW,WARSAW (CHOPIN),37332,37332,0,35912,35912,0,3.95411
10/02/2020 11:31,201912,EASTERN EUROPE-EU,POLAND,LONDON CITY,WARSAW (CHOPIN),5693,5693,0,0,0,0,0
10/02/2020 11:31,201912,EASTERN EUROPE-EU,POLAND,LUTON,BYDGOSZCZ,3840,3840,0,4701,4701,0,-18.315252
10/02/2020 11:31,201912,EASTERN EUROPE-EU,POLAND,LUTON,GDANSK,21182,21182,0,27387,27387,0,-22.656735
10/02/2020 11:31,201912,EASTERN EUROPE-EU,POLAND,LUTON,KATOWICE,24063,24063,0,29236,29236,0,-17.693939
10/02/2020 11:31,201912,EASTERN EUROPE-EU,POLAND,LUTON,KRAKOW,33258,33258,0,5471,5471,0,507.89618
10/02/2020 11:31,201912,EASTERN EUROPE-EU,POLAND,LUTON,LUBLIN (PORT LOTNICZY),13238,13238,0,9563,9563,0,38.429363
10/02/2020 11:31,201912,EASTERN EUROPE-EU,POLAND,LUTON,POZNAN,11472,11472,0,13081,13081,0,-12.300283
10/02/2020 11:31,201912,EASTERN EUROPE-EU,POLAND,LUTON,RZESZOW,3911,3911,0,3979,3979,0,-1.708972
10/02/2020 11:31,201912,EASTERN EUROPE-EU,POLAND,LUTON,SZYMANY (MAZURY),4005,4005,0,2724,2724,0,47.026432
10/02/2020 11:31,201912,EASTERN EUROPE-EU,POLAND,LUTON,WARSAW (CHOPIN),38503,38503,0,37652,37652,0,2.260172
10/02/2020 11:31,201912,EASTERN EUROPE-EU,POLAND,LUTON,WROCLAW,12438,12438,0,12406,12406,0,0.25794
10/02/2020 11:31,201912,EASTERN EUROPE-EU,POLAND,STANSTED,BYDGOSZCZ,7311,7311,0,8834,8834,0,-17.240208
10/02/2020 11:31,201912,EASTERN EUROPE-EU,POLAND,STANSTED,GDANSK,17352,17352,0,15795,15795,0,9.85755
10/02/2020 11:31,201912,EASTERN EUROPE-EU,POLAND,STANSTED,KATOWICE,13479,13479,0,10756,10756,0,25.316103
10/02/2020 11:31,201912,EASTERN EUROPE-EU,POLAND,STANSTED,KRAKOW,27083,27083,0,26744,26744,0,1.267574
10/02/2020 11:31,201912,EASTERN EUROPE-EU,POLAND,STANSTED,LODZ LUBLINEK,8249,8249,0,9170,9170,0,-10.043621
10/02/2020 11:31,201912,EASTERN EUROPE-EU,POLAND,STANSTED,LUBLIN (PORT LOTNICZY),0,0,0,6444,6444,0,-100
10/02/2020 11:31,201912,EASTERN EUROPE-EU,POLAND,STANSTED,POZNAN,12709,12709,0,12863,12863,0,-1.197232
10/02/2020 11:31,201912,EASTERN EUROPE-EU,POLAND,STANSTED,RZESZOW,8278,8278,0,7982,7982,0,3.708344
10/02/2020 11:31,201912,EASTERN EUROPE-EU,POLAND,STANSTED,SZCZECIN (GOLENOW),7797,7797,0,7271,7271,0,7.234218
10/02/2020 11:31,201912,EASTERN EUROPE-EU,POLAND,STANSTED,SZYMANY (MAZURY),3397,3397,0,4100,4100,0,-17.146341
10/02/2020 11:31,201912,EASTERN EUROPE-EU,POLAND,STANSTED,WARSAW (MODLIN MASOVIA),29172,29172,0,28424,28424,0,2.631579
10/02/2020 11:31,201912,EASTERN EUROPE-EU,POLAND,STANSTED,WROCLAW,16785,16785,0,16522,16522,0,1.591817
10/02/2020 11:31,201912,EASTERN EUROPE-EU,POLAND,ABERDEEN,GDANSK,3186,3186,0,2872,2872,0,10.933148
10/02/2020 11:31,201912,EASTERN EUROPE-EU,POLAND,BELFAST INTERNATIONAL,GDANSK,0,0,0,2977,2977,0,-100
10/02/2020 11:31,201912,EASTERN EUROPE-EU,POLAND,BELFAST INTERNATIONAL,KRAKOW,7893,7893,0,7565,7565,0,4.335757
10/02/2020 11:31,201912,EASTERN EUROPE-EU,POLAND,BELFAST INTERNATIONAL,WARSAW (MODLIN MASOVIA),0,0,0,2584,2584,0,-100
10/02/2020 11:31,201912,EASTERN EUROPE-EU,POLAND,BELFAST INTERNATIONAL,WROCLAW,0,0,0,3040,3040,0,-100
10/02/2020 11:31,201912,EASTERN EUROPE-EU,POLAND,BIRMINGHAM,BYDGOSZCZ,5179,5179,0,4918,4918,0,5.307035
10/02/2020 11:31,201912,EASTERN EUROPE-EU,POLAND,BIRMINGHAM,GDANSK,3665,3665,0,3911,3911,0,-6.289951
10/02/2020 11:31,201912,EASTERN EUROPE-EU,POLAND,BIRMINGHAM,KATOWICE,3918,3918,0,2705,2705,0,44.842884
10/02/2020 11:31,201912,EASTERN EUROPE-EU,POLAND,BIRMINGHAM,KRAKOW,13226,13226,0,6404,6404,0,106.527171
10/02/2020 11:31,201912,EASTERN EUROPE-EU,POLAND,BIRMINGHAM,POZNAN,2527,2527,0,2688,2688,0,-5.989583
10/02/2020 11:31,201912,EASTERN EUROPE-EU,POLAND,BIRMINGHAM,WARSAW (CHOPIN),4009,4009,0,3650,3650,0,9.835616
10/02/2020 11:31,201912,EASTERN EUROPE-EU,POLAND,BIRMINGHAM,WARSAW (MODLIN MASOVIA),4033,4033,0,4768,4768,0,-15.415268
10/02/2020 11:31,201912,EASTERN EUROPE-EU,POLAND,BIRMINGHAM,WROCLAW,2490,2490,0,2559,2559,0,-2.696366
10/02/2020 11:31,201912,EASTERN EUROPE-EU,POLAND,BOURNEMOUTH,KRAKOW,3863,3863,0,3141,3141,0,22.98631
10/02/2020 11:31,201912,EASTERN EUROPE-EU,POLAND,BRISTOL,GDANSK,3885,3885,0,3488,3488,0,11.381881
10/02/2020 11:31,201912,EASTERN EUROPE-EU,POLAND,BRISTOL,KATOWICE,4043,4043,0,3272,3272,0,23.56357
10/02/2020 11:31,201912,EASTERN EUROPE-EU,POLAND,BRISTOL,KRAKOW,13115,13115,0,13723,13723,0,-4.430518
10/02/2020 11:31,201912,EASTERN EUROPE-EU,POLAND,BRISTOL,POZNAN,4627,4627,0,4782,4737,45,-3.241322
10/02/2020 11:31,201912,EASTERN EUROPE-EU,POLAND,BRISTOL,RZESZOW,3031,3031,0,2859,2859,0,6.01609
10/02/2020 11:31,201912,EASTERN EUROPE-EU,POLAND,BRISTOL,WARSAW (MODLIN MASOVIA),6176,6176,0,6449,6449,0,-4.233214
10/02/2020 11:31,201912,EASTERN EUROPE-EU,POLAND,BRISTOL,WROCLAW,3477,3477,0,3796,3796,0,-8.403583
10/02/2020 11:31,201912,EASTERN EUROPE-EU,POLAND,DONCASTER SHEFFIELD,GDANSK,6178,6178,0,6253,6253,0,-1.199424
10/02/2020 11:31,201912,EASTERN EUROPE-EU,POLAND,DONCASTER SHEFFIELD,KATOWICE,6401,6401,0,6357,6357,0,0.69215
10/02/2020 11:31,201912,EASTERN EUROPE-EU,POLAND,DONCASTER SHEFFIELD,KRAKOW,4130,4130,0,0,0,0,0
10/02/2020 11:31,201912,EASTERN EUROPE-EU,POLAND,DONCASTER SHEFFIELD,POZNAN,4150,4150,0,3945,3945,0,5.196451
10/02/2020 11:31,201912,EASTERN EUROPE-EU,POLAND,DONCASTER SHEFFIELD,WARSAW (CHOPIN),5288,5288,0,4780,4780,0,10.627615
10/02/2020 11:31,201912,EASTERN EUROPE-EU,POLAND,DONCASTER SHEFFIELD,WROCLAW,2864,2864,0,2594,2594,0,10.408635
10/02/2020 11:31,201912,EASTERN EUROPE-EU,POLAND,EAST MIDLANDS INTERNATIONAL,KRAKOW,5812,5812,0,5247,5247,0,10.768058
10/02/2020 11:31,201912,EASTERN EUROPE-EU,POLAND,EAST MIDLANDS INTERNATIONAL,LODZ LUBLINEK,4812,4812,0,3178,3178,0,51.415985
10/02/2020 11:31,201912,EASTERN EUROPE-EU,POLAND,EAST MIDLANDS INTERNATIONAL,RZESZOW,5238,5238,0,4742,4742,0,10.459722
10/02/2020 11:31,201912,EASTERN EUROPE-EU,POLAND,EAST MIDLANDS INTERNATIONAL,WARSAW (MODLIN MASOVIA),5117,5117,0,5164,5164,0,-0.910147
10/02/2020 11:31,201912,EASTERN EUROPE-EU,POLAND,EAST MIDLANDS INTERNATIONAL,WROCLAW,7285,7285,0,7616,7616,0,-4.346113
10/02/2020 11:31,201912,EASTERN EUROPE-EU,POLAND,EDINBURGH,GDANSK,9401,9401,0,4830,4830,0,94.637681
10/02/2020 11:31,201912,EASTERN EUROPE-EU,POLAND,EDINBURGH,KATOWICE,3820,3820,0,3073,3073,0,24.308493
10/02/2020 11:31,201912,EASTERN EUROPE-EU,POLAND,EDINBURGH,KRAKOW,13278,13278,0,12335,12335,0,7.644913
10/02/2020 11:31,201912,EASTERN EUROPE-EU,POLAND,EDINBURGH,POZNAN,4363,4363,0,3180,3180,0,37.201258
10/02/2020 11:31,201912,EASTERN EUROPE-EU,POLAND,EDINBURGH,WARSAW (CHOPIN),3054,3054,0,0,0,0,0
10/02/2020 11:31,201912,EASTERN EUROPE-EU,POLAND,EDINBURGH,WARSAW (MODLIN MASOVIA),9215,9215,0,6011,6011,0,53.302279
10/02/2020 11:31,201912,EASTERN EUROPE-EU,POLAND,EDINBURGH,WROCLAW,3701,3701,0,3106,3106,0,19.156471
10/02/2020 11:31,201912,EASTERN EUROPE-EU,POLAND,GLASGOW,KRAKOW,5522,5522,0,3061,3061,0,80.398563
10/02/2020 11:31,201912,EASTERN EUROPE-EU,POLAND,GLASGOW,WARSAW (MODLIN MASOVIA),2963,2963,0,0,0,0,0
10/02/2020 11:31,201912,EASTERN EUROPE-EU,POLAND,GLASGOW,WROCLAW,3638,3638,0,3093,3093,0,17.620433
10/02/2020 11:31,201912,EASTERN EUROPE-EU,POLAND,LEEDS BRADFORD,GDANSK,4738,4738,0,4739,4739,0,-0.021101
10/02/2020 11:31,201912,EASTERN EUROPE-EU,POLAND,LEEDS BRADFORD,KRAKOW,9110,9110,0,9214,9214,0,-1.128717
10/02/2020 11:31,201912,EASTERN EUROPE-EU,POLAND,LEEDS BRADFORD,WARSAW (MODLIN MASOVIA),2955,2955,0,3693,3693,0,-19.983753
10/02/2020 11:31,201912,EASTERN EUROPE-EU,POLAND,LEEDS BRADFORD,WROCLAW,4016,4016,0,2629,2629,0,52.757703
10/02/2020 11:31,201912,EASTERN EUROPE-EU,POLAND,LIVERPOOL (JOHN LENNON),GDANSK,4514,4514,0,4483,4483,0,0.691501
10/02/2020 11:31,201912,EASTERN EUROPE-EU,POLAND,LIVERPOOL (JOHN LENNON),KATOWICE,2570,2570,0,3096,3096,0,-16.989664
10/02/2020 11:31,201912,EASTERN EUROPE-EU,POLAND,LIVERPOOL (JOHN LENNON),KRAKOW,9733,9733,0,8914,8914,0,9.187794
10/02/2020 11:31,201912,EASTERN EUROPE-EU,POLAND,LIVERPOOL (JOHN LENNON),POZNAN,2772,2772,0,3286,3286,0,-15.642118
10/02/2020 11:31,201912,EASTERN EUROPE-EU,POLAND,LIVERPOOL (JOHN LENNON),SZCZECIN (GOLENOW),2633,2633,0,3085,3085,0,-14.65154
10/02/2020 11:31,201912,EASTERN EUROPE-EU,POLAND,LIVERPOOL (JOHN LENNON),WARSAW (CHOPIN),4277,4277,0,2842,2842,0,50.492611
10/02/2020 11:31,201912,EASTERN EUROPE-EU,POLAND,LIVERPOOL (JOHN LENNON),WARSAW (MODLIN MASOVIA),4650,4650,0,5942,5942,0,-21.743521
10/02/2020 11:31,201912,EASTERN EUROPE-EU,POLAND,LIVERPOOL (JOHN LENNON),WROCLAW,3352,3352,0,3445,3445,0,-2.699565
10/02/2020 11:31,201912,EASTERN EUROPE-EU,POLAND,MANCHESTER,GDANSK,4054,4054,0,3841,3841,0,5.545431
10/02/2020 11:31,201912,EASTERN EUROPE-EU,POLAND,MANCHESTER,KATOWICE,4868,4868,0,0,0,0,0
10/02/2020 11:31,201912,EASTERN EUROPE-EU,POLAND,MANCHESTER,KRAKOW,20057,20057,0,18301,18301,0,9.595104
10/02/2020 11:31,201912,EASTERN EUROPE-EU,POLAND,MANCHESTER,RZESZOW,4630,4630,0,3739,3739,0,23.829901
10/02/2020 11:31,201912,EASTERN EUROPE-EU,POLAND,MANCHESTER,WARSAW (MODLIN MASOVIA),3587,3587,0,3864,3864,0,-7.168737
10/02/2020 11:31,201912,EASTERN EUROPE-EU,POLAND,MANCHESTER,WROCLAW,3988,3988,0,3036,3036,0,31.357049
10/02/2020 11:31,201912,EASTERN EUROPE-EU,POLAND,NEWCASTLE,KRAKOW,2923,2923,0,2502,2502,0,16.826539
10/02/2020 11:31,201912,EASTERN EUROPE-EU,POLAND,NEWCASTLE,WARSAW (MODLIN MASOVIA),0,0,0,2268,2268,0,-100
10/02/2020 11:31,201912,EASTERN EUROPE-EU,POLAND,NEWCASTLE,WROCLAW,3736,3736,0,2952,2952,0,26.558266
10/02/2020 11:31,201912,EASTERN EUROPE-EU,POLAND,PRESTWICK,RZESZOW,0,0,0,2550,2550,0,-100
10/02/2020 11:31,201912,EASTERN EUROPE-EU,ROMANIA,GATWICK,BUCHAREST (OTOPENI),10609,10609,0,9842,9842,0,7.793131
10/02/2020 11:31,201912,EASTERN EUROPE-EU,ROMANIA,GATWICK,CLUJ NAPOCA,7730,7730,0,0,0,0,0
10/02/2020 11:31,201912,EASTERN EUROPE-EU,ROMANIA,HEATHROW,BUCHAREST (OTOPENI),22226,22226,0,17977,17977,0,23.635757
10/02/2020 11:31,201912,EASTERN EUROPE-EU,ROMANIA,LUTON,BACAU,7797,7797,0,6749,6749,0,15.528226
10/02/2020 11:31,201912,EASTERN EUROPE-EU,ROMANIA,LUTON,BUCHAREST (OTOPENI),44792,44792,0,47880,47880,0,-6.449457
10/02/2020 11:31,201912,EASTERN EUROPE-EU,ROMANIA,LUTON,CLUJ NAPOCA,22118,22118,0,21223,21223,0,4.217123
10/02/2020 11:31,201912,EASTERN EUROPE-EU,ROMANIA,LUTON,CONSTANTA,4713,4713,0,4487,4487,0,5.036773
10/02/2020 11:31,201912,EASTERN EUROPE-EU,ROMANIA,LUTON,CRAIOVA,11729,11729,0,9418,9418,0,24.538118
10/02/2020 11:31,201912,EASTERN EUROPE-EU,ROMANIA,LUTON,IASI,13935,13935,0,14643,14643,0,-4.835075
10/02/2020 11:31,201912,EASTERN EUROPE-EU,ROMANIA,LUTON,SATU MARE,3042,3042,0,3918,3918,0,-22.358346
10/02/2020 11:31,201912,EASTERN EUROPE-EU,ROMANIA,LUTON,SIBIU,197,197,0,8458,8458,0,-97.670844
10/02/2020 11:31,201912,EASTERN EUROPE-EU,ROMANIA,LUTON,SUCEAVA,12248,12248,0,10835,10835,0,13.041071
10/02/2020 11:31,201912,EASTERN EUROPE-EU,ROMANIA,LUTON,TIMISOARA,13893,13893,0,9302,9302,0,49.354977
10/02/2020 11:31,201912,EASTERN EUROPE-EU,ROMANIA,LUTON,TIRGU MURES,3643,3643,0,5099,5099,0,-28.554619
10/02/2020 11:31,201912,EASTERN EUROPE-EU,ROMANIA,SOUTHEND,BUCHAREST (OTOPENI),12306,12306,0,0,0,0,0
10/02/2020 11:31,201912,EASTERN EUROPE-EU,ROMANIA,SOUTHEND,SIBIU,8072,8072,0,0,0,0,0
10/02/2020 11:31,201912,EASTERN EUROPE-EU,ROMANIA,STANSTED,BUCHAREST (OTOPENI),23810,23810,0,20103,20103,0,18.440034
10/02/2020 11:31,201912,EASTERN EUROPE-EU,ROMANIA,BIRMINGHAM,BUCHAREST (OTOPENI),9982,9982,0,8299,8299,0,20.279552
10/02/2020 11:31,201912,EASTERN EUROPE-EU,ROMANIA,BIRMINGHAM,CLUJ NAPOCA,2696,2696,0,1468,1468,0,83.651226
10/02/2020 11:31,201912,EASTERN EUROPE-EU,ROMANIA,BIRMINGHAM,TIMISOARA,0,0,0,246,0,246,-100
10/02/2020 11:31,201912,EASTERN EUROPE-EU,ROMANIA,BRISTOL,BUCHAREST (OTOPENI),3573,3573,0,3139,3139,0,13.826059
10/02/2020 11:31,201912,EASTERN EUROPE-EU,ROMANIA,DONCASTER SHEFFIELD,BUCHAREST (OTOPENI),7156,7156,0,4296,4296,0,66.573557
10/02/2020 11:31,201912,EASTERN EUROPE-EU,ROMANIA,DONCASTER SHEFFIELD,CLUJ NAPOCA,2644,2644,0,3201,3201,0,-17.400812
10/02/2020 11:31,201912,EASTERN EUROPE-EU,ROMANIA,DONCASTER SHEFFIELD,TIMISOARA,2880,2880,0,0,0,0,0
10/02/2020 11:31,201912,EASTERN EUROPE-EU,ROMANIA,EDINBURGH,BUCHAREST (OTOPENI),4820,4820,0,0,0,0,0
10/02/2020 11:31,201912,EASTERN EUROPE-EU,ROMANIA,EXETER,CONSTANTA,175,0,175,0,0,0,0
10/02/2020 11:31,201912,EASTERN EUROPE-EU,ROMANIA,GLASGOW,BUCHAREST (OTOPENI),2473,2473,0,2729,2729,0,-9.380726
10/02/2020 11:31,201912,EASTERN EUROPE-EU,ROMANIA,GLASGOW,CLUJ NAPOCA,564,0,564,0,0,0,0
10/02/2020 11:31,201912,EASTERN EUROPE-EU,ROMANIA,LIVERPOOL (JOHN LENNON),BACAU,1807,1807,0,2003,2003,0,-9.785322
10/02/2020 11:31,201912,EASTERN EUROPE-EU,ROMANIA,LIVERPOOL (JOHN LENNON),BUCHAREST (OTOPENI),7557,7557,0,8623,8623,0,-12.362287
10/02/2020 11:31,201912,EASTERN EUROPE-EU,ROMANIA,LIVERPOOL (JOHN LENNON),CLUJ NAPOCA,2598,2598,0,2451,2451,0,5.997552
10/02/2020 11:31,201912,EASTERN EUROPE-EU,ROMANIA,LIVERPOOL (JOHN LENNON),IASI,2857,2857,0,2247,2247,0,27.147308
10/02/2020 11:31,201912,EASTERN EUROPE-EU,ROMANIA,MANCHESTER,BACAU,214,214,0,0,0,0,0
10/02/2020 11:31,201912,EASTERN EUROPE-EU,ROMANIA,MANCHESTER,BUCHAREST (OTOPENI),0,0,0,139,0,139,-100
10/02/2020 11:31,201912,EASTERN EUROPE-EU,SLOVAK REPUBLIC,LUTON,BRATISLAVA,7883,7883,0,8448,8448,0,-6.687973
10/02/2020 11:31,201912,EASTERN EUROPE-EU,SLOVAK REPUBLIC,LUTON,KOSICE,11846,11846,0,11767,11767,0,0.671369
10/02/2020 11:31,201912,EASTERN EUROPE-EU,SLOVAK REPUBLIC,LUTON,TATRY-POPRAD,3569,3569,0,4627,4627,0,-22.865788
10/02/2020 11:31,201912,EASTERN EUROPE-EU,SLOVAK REPUBLIC,STANSTED,BRATISLAVA,17264,17264,0,17289,17289,0,-0.144601
10/02/2020 11:31,201912,EASTERN EUROPE-EU,SLOVAK REPUBLIC,BIGGIN HILL,BRATISLAVA,24,0,24,12,0,12,100
10/02/2020 11:31,201912,EASTERN EUROPE-EU,SLOVAK REPUBLIC,BIRMINGHAM,BRATISLAVA,6063,5723,340,4804,4804,0,26.207327
10/02/2020 11:31,201912,EASTERN EUROPE-EU,SLOVAK REPUBLIC,EDINBURGH,BRATISLAVA,3579,3579,0,3410,3046,364,4.956012
10/02/2020 11:31,201912,EASTERN EUROPE-EU,SLOVAK REPUBLIC,GLASGOW,BRATISLAVA,0,0,0,725,0,725,-100
10/02/2020 11:31,201912,EASTERN EUROPE-EU,SLOVAK REPUBLIC,LEEDS BRADFORD,BRATISLAVA,3080,3080,0,2458,2458,0,25.305126
10/02/2020 11:31,201912,EASTERN EUROPE-EU,SLOVAK REPUBLIC,MANCHESTER,BRATISLAVA,5318,5318,0,4197,4197,0,26.709554
10/02/2020 11:31,201912,EASTERN EUROPE -OTHER,ALBANIA,GATWICK,TIRANA,8523,8523,0,8284,8199,85,2.88508
10/02/2020 11:31,201912,EASTERN EUROPE -OTHER,ALBANIA,LUTON,TIRANA,11142,11142,0,6156,6156,0,80.994152
10/02/2020 11:31,201912,EASTERN EUROPE -OTHER,ALBANIA,STANSTED,TIRANA,2507,2507,0,209,0,209,1099.521531
10/02/2020 11:31,201912,EASTERN EUROPE -OTHER,ALBANIA,MANCHESTER,TIRANA,0,0,0,124,124,0,-100
10/02/2020 11:31,201912,EASTERN EUROPE -OTHER,AZERBAIJAN,HEATHROW,BAKU (HEYDER ALIYEV INT'L),3044,3044,0,3175,3175,0,-4.125984
10/02/2020 11:31,201912,EASTERN EUROPE -OTHER,BELARUS,GATWICK,MINSK INT'L ,3247,3247,0,2635,2635,0,23.225806
10/02/2020 11:31,201912,EASTERN EUROPE -OTHER,GEORGIA,GATWICK,TBILISI,998,998,0,1039,1039,0,-3.946102
10/02/2020 11:31,201912,EASTERN EUROPE -OTHER,GEORGIA,LUTON,KUTAISI,2124,2124,0,2200,2200,0,-3.454545
10/02/2020 11:31,201912,EASTERN EUROPE -OTHER,KAZAKHSTAN,HEATHROW,ASTANA,2887,2887,0,3333,3333,0,-13.381338
10/02/2020 11:31,201912,EASTERN EUROPE -OTHER,REPUBLIC OF MOLDOVA,LUTON,CHISINAU (KISHINEV),12745,12745,0,10957,10957,0,16.318335
10/02/2020 11:31,201912,EASTERN EUROPE -OTHER,REPUBLIC OF MOLDOVA,STANSTED,CHISINAU (KISHINEV),5554,5554,0,5041,5041,0,10.176552
10/02/2020 11:31,201912,EASTERN EUROPE -OTHER,RUSSIA,GATWICK,MOSCOW (VNUKOVO),6,0,6,0,0,0,0
10/02/2020 11:31,201912,EASTERN EUROPE -OTHER,RUSSIA,GATWICK,ST PETERSBURG,6242,6242,0,4544,4544,0,37.367958
10/02/2020 11:31,201912,EASTERN EUROPE -OTHER,RUSSIA,HEATHROW,MOSCOW (DOMODEDOVO),13311,13311,0,12760,12760,0,4.318182
10/02/2020 11:31,201912,EASTERN EUROPE -OTHER,RUSSIA,HEATHROW,MOSCOW (SHEREMETYEVO),41180,41180,0,43539,43539,0,-5.418131
10/02/2020 11:31,201912,EASTERN EUROPE -OTHER,RUSSIA,HEATHROW,ST PETERSBURG,0,0,0,6394,6394,0,-100
10/02/2020 11:31,201912,EASTERN EUROPE -OTHER,RUSSIA,LUTON,MOSCOW (VNUKOVO),11968,11968,0,0,0,0,0
10/02/2020 11:31,201912,EASTERN EUROPE -OTHER,RUSSIA,LUTON,ST PETERSBURG,10584,10584,0,164,164,0,6353.658537
10/02/2020 11:31,201912,EASTERN EUROPE -OTHER,RUSSIA,STANSTED,MOSCOW (DOMODEDOVO),1305,1305,0,0,0,0,0
10/02/2020 11:31,201912,EASTERN EUROPE -OTHER,RUSSIA,STANSTED,ST PETERSBURG,0,0,0,5484,5484,0,-100
10/02/2020 11:31,201912,EASTERN EUROPE -OTHER,TURKMENISTAN,HEATHROW,ASHKHABAD,0,0,0,743,743,0,-100
10/02/2020 11:31,201912,EASTERN EUROPE -OTHER,TURKMENISTAN,BIRMINGHAM,ASHKHABAD,211,211,0,6101,6101,0,-96.541551
10/02/2020 11:31,201912,EASTERN EUROPE -OTHER,UKRAINE,GATWICK,KIEV (BORISPOL),12648,12648,0,13433,13433,0,-5.843817
10/02/2020 11:31,201912,EASTERN EUROPE -OTHER,UKRAINE,HEATHROW,KIEV (BORISPOL),0,0,0,5607,5607,0,-100
10/02/2020 11:31,201912,EASTERN EUROPE -OTHER,UKRAINE,LUTON,KHARKOV OSNOVA INTL,0,0,0,2186,2186,0,-100
10/02/2020 11:31,201912,EASTERN EUROPE -OTHER,UKRAINE,LUTON,KIEV (ZHULYANY),5417,5417,0,4159,4159,0,30.247656
10/02/2020 11:31,201912,EASTERN EUROPE -OTHER,UKRAINE,LUTON,LVOV,3322,3322,0,2952,2952,0,12.533875
10/02/2020 11:31,201912,EASTERN EUROPE -OTHER,UKRAINE,STANSTED,KIEV (BORISPOL),6547,6547,0,6493,6493,0,0.831665
10/02/2020 11:31,201912,EASTERN EUROPE -OTHER,UKRAINE,STANSTED,LVOV,3802,3802,0,4127,4127,0,-7.87497
10/02/2020 11:31,201912,EASTERN EUROPE -OTHER,UKRAINE,BIRMINGHAM,KIEV (BORISPOL),0,0,0,95,95,0,-100
10/02/2020 11:31,201912,EASTERN EUROPE -OTHER,UKRAINE,MANCHESTER,KIEV (BORISPOL),3280,3280,0,0,0,0,0
10/02/2020 11:31,201912,EASTERN EUROPE -OTHER,UZBEKISTAN,HEATHROW,TASHKENT,2475,2475,0,2425,2425,0,2.061856
10/02/2020 11:31,201912,NEAR EAST,ISRAEL,GATWICK,TEL AVIV,4992,4992,0,3839,3839,0,30.033863
10/02/2020 11:31,201912,NEAR EAST,ISRAEL,HEATHROW,TEL AVIV,64678,64678,0,46738,46738,0,38.384184
10/02/2020 11:31,201912,NEAR EAST,ISRAEL,LUTON,OVDA,0,0,0,2351,2351,0,-100
10/02/2020 11:31,201912,NEAR EAST,ISRAEL,LUTON,TEL AVIV,33217,33217,0,34002,34002,0,-2.308688
10/02/2020 11:31,201912,NEAR EAST,ISRAEL,STANSTED,TEL AVIV,4963,4333,630,7288,7288,0,-31.901756
10/02/2020 11:31,201912,NEAR EAST,ISRAEL,MANCHESTER,TEL AVIV,6960,6960,0,3200,3200,0,117.5
10/02/2020 11:31,201912,NEAR EAST,JORDAN,GATWICK,AQABA,2842,2842,0,1414,1414,0,100.990099
10/02/2020 11:31,201912,NEAR EAST,JORDAN,HEATHROW,AMMAN,18982,18982,0,18585,18585,0,2.136131
10/02/2020 11:31,201912,NEAR EAST,LEBANON,HEATHROW,BEIRUT,25096,25096,0,25212,25212,0,-0.460098
10/02/2020 11:31,201912,NEAR EAST,LEBANON,BELFAST INTERNATIONAL,BEIRUT,89,0,89,0,0,0,0
10/02/2020 11:31,201912,NORTH AFRICA,ALGERIA,GATWICK,ALGIERS,5437,5437,0,3947,3947,0,37.75019
10/02/2020 11:31,201912,NORTH AFRICA,ALGERIA,HEATHROW,ALGIERS,5681,5681,0,6043,6043,0,-5.990402
10/02/2020 11:31,201912,NORTH AFRICA,EGYPT,GATWICK,HURGHADA,11850,11376,474,16070,16070,0,-26.260112
10/02/2020 11:31,201912,NORTH AFRICA,EGYPT,GATWICK,MARSA ALAM,1386,1386,0,3048,3048,0,-54.527559
10/02/2020 11:31,201912,NORTH AFRICA,EGYPT,GATWICK,SHARM EL SHEIKH (OPHIRA),495,0,495,0,0,0,0
10/02/2020 11:31,201912,NORTH AFRICA,EGYPT,HEATHROW,CAIRO,33048,33048,0,32791,32791,0,0.783752
10/02/2020 11:31,201912,NORTH AFRICA,EGYPT,HEATHROW,LUXOR,802,802,0,874,874,0,-8.237986
10/02/2020 11:31,201912,NORTH AFRICA,EGYPT,STANSTED,HURGHADA,3155,3155,0,2918,2918,0,8.122001
10/02/2020 11:31,201912,NORTH AFRICA,EGYPT,BELFAST INTERNATIONAL,CAIRO,0,0,0,72,0,72,-100
10/02/2020 11:31,201912,NORTH AFRICA,EGYPT,BIRMINGHAM,HURGHADA,4561,4561,0,9928,9928,0,-54.059226
10/02/2020 11:31,201912,NORTH AFRICA,EGYPT,BIRMINGHAM,MARSA ALAM,807,807,0,1829,1829,0,-55.877529
10/02/2020 11:31,201912,NORTH AFRICA,EGYPT,BIRMINGHAM,SHARM EL SHEIKH (OPHIRA),308,0,308,0,0,0,0
10/02/2020 11:31,201912,NORTH AFRICA,EGYPT,BRISTOL,HURGHADA,3809,2131,1678,4259,1280,2979,-10.565861
10/02/2020 11:31,201912,NORTH AFRICA,EGYPT,EAST MIDLANDS INTERNATIONAL,HURGHADA,0,0,0,600,600,0,-100
10/02/2020 11:31,201912,NORTH AFRICA,EGYPT,GLASGOW,HURGHADA,0,0,0,1043,1043,0,-100
10/02/2020 11:31,201912,NORTH AFRICA,EGYPT,MANCHESTER,HURGHADA,9506,7962,1544,13508,13508,0,-29.626888
10/02/2020 11:31,201912,NORTH AFRICA,EGYPT,MANCHESTER,MARSA ALAM,1109,1109,0,0,0,0,0
10/02/2020 11:31,201912,NORTH AFRICA,EGYPT,NEWCASTLE,HURGHADA,0,0,0,1701,1701,0,-100
10/02/2020 11:31,201912,NORTH AFRICA,MOROCCO,GATWICK,AGADIR (AL MASSIRA),9023,9023,0,7160,7160,0,26.019553
10/02/2020 11:31,201912,NORTH AFRICA,MOROCCO,GATWICK,CASABLANCA MOHAMED V,6816,6810,6,5498,5498,0,23.972354
10/02/2020 11:31,201912,NORTH AFRICA,MOROCCO,GATWICK,FEZ,1099,1099,0,1334,1334,0,-17.616192
10/02/2020 11:31,201912,NORTH AFRICA,MOROCCO,GATWICK,MARRAKESH,35957,35957,0,29250,29250,0,22.929915
10/02/2020 11:31,201912,NORTH AFRICA,MOROCCO,GATWICK,TANGIERS (IBN BATUTA),2106,2106,0,2060,2060,0,2.23301
10/02/2020 11:31,201912,NORTH AFRICA,MOROCCO,HEATHROW,CASABLANCA MOHAMED V,9528,9528,0,8379,8379,0,13.712854
10/02/2020 11:31,201912,NORTH AFRICA,MOROCCO,HEATHROW,MARRAKESH,4068,4068,0,4037,4037,0,0.767897
10/02/2020 11:31,201912,NORTH AFRICA,MOROCCO,HEATHROW,RABAT,1125,1125,0,1121,1121,0,0.356824
10/02/2020 11:31,201912,NORTH AFRICA,MOROCCO,LUTON,AGADIR (AL MASSIRA),0,0,0,502,315,187,-100
10/02/2020 11:31,201912,NORTH AFRICA,MOROCCO,LUTON,MARRAKESH,2905,2905,0,3067,3067,0,-5.282035
10/02/2020 11:31,201912,NORTH AFRICA,MOROCCO,STANSTED,AGADIR (AL MASSIRA),3268,3268,0,3606,3606,0,-9.373267
10/02/2020 11:31,201912,NORTH AFRICA,MOROCCO,STANSTED,ESSAOUIRA,2577,2577,0,0,0,0,0
10/02/2020 11:31,201912,NORTH AFRICA,MOROCCO,STANSTED,FEZ,2929,2929,0,2977,2977,0,-1.612361
10/02/2020 11:31,201912,NORTH AFRICA,MOROCCO,STANSTED,MARRAKESH,11747,11747,0,10438,10438,0,12.540717
10/02/2020 11:31,201912,NORTH AFRICA,MOROCCO,STANSTED,RABAT,5116,5116,0,3920,3920,0,30.510204
10/02/2020 11:31,201912,NORTH AFRICA,MOROCCO,BELFAST INTERNATIONAL,MARRAKESH,1867,1867,0,0,0,0,0
10/02/2020 11:31,201912,NORTH AFRICA,MOROCCO,BIRMINGHAM,AGADIR (AL MASSIRA),1452,1452,0,807,807,0,79.925651
10/02/2020 11:31,201912,NORTH AFRICA,MOROCCO,BIRMINGHAM,MARRAKESH,1195,1195,0,0,0,0,0
10/02/2020 11:31,201912,NORTH AFRICA,MOROCCO,CARDIFF WALES,RABAT,187,0,187,0,0,0,0
10/02/2020 11:31,201912,NORTH AFRICA,MOROCCO,LIVERPOOL (JOHN LENNON),MARRAKESH,2900,2900,0,2895,2895,0,0.172712
10/02/2020 11:31,201912,NORTH AFRICA,MOROCCO,MANCHESTER,AGADIR (AL MASSIRA),8778,8778,0,10145,10145,0,-13.474618
10/02/2020 11:31,201912,NORTH AFRICA,MOROCCO,MANCHESTER,CASABLANCA MOHAMED V,2012,2012,0,2076,2076,0,-3.082852
10/02/2020 11:31,201912,NORTH AFRICA,MOROCCO,MANCHESTER,MARRAKESH,9408,9408,0,9148,9148,0,2.842151
10/02/2020 11:31,201912,NORTH AFRICA,TUNISIA,GATWICK,ENFIDHA - HAMMAMET INTL,1431,0,1431,5544,4189,1355,-74.188312
10/02/2020 11:31,201912,NORTH AFRICA,TUNISIA,GATWICK,TUNIS,2551,2551,0,1941,1941,0,31.427099
10/02/2020 11:31,201912,NORTH AFRICA,TUNISIA,HEATHROW,TUNIS,4114,4114,0,4105,4105,0,0.219245
10/02/2020 11:31,201912,NORTH AFRICA,TUNISIA,BIRMINGHAM,ENFIDHA - HAMMAMET INTL,1436,0,1436,1602,0,1602,-10.362047
10/02/2020 11:31,201912,NORTH AFRICA,TUNISIA,MANCHESTER,ENFIDHA - HAMMAMET INTL,2017,0,2017,4331,2954,1377,-53.428769
10/02/2020 11:31,201912,EAST AFRICA,ETHIOPIA,HEATHROW,ADDIS ABABA,24250,24250,0,23929,23929,0,1.341469
10/02/2020 11:31,201912,EAST AFRICA,ETHIOPIA,MANCHESTER,ADDIS ABABA,4169,4169,0,1820,1820,0,129.065934
10/02/2020 11:31,201912,EAST AFRICA,KENYA,HEATHROW,NAIROBI,24809,24809,0,25027,25027,0,-0.871059
10/02/2020 11:31,201912,EAST AFRICA,RWANDA,GATWICK,KIGALI,2475,2475,0,2297,2297,0,7.749238
10/02/2020 11:31,201912,WEST AFRICA,GAMBIA,GATWICK,BANJUL,3891,0,3891,7569,5578,1991,-48.592945
10/02/2020 11:31,201912,WEST AFRICA,GAMBIA,STANSTED,BANJUL,79,0,79,0,0,0,0
10/02/2020 11:31,201912,WEST AFRICA,GAMBIA,BIRMINGHAM,BANJUL,375,0,375,3344,3344,0,-88.785885
10/02/2020 11:31,201912,WEST AFRICA,GAMBIA,EAST MIDLANDS INTERNATIONAL,BANJUL,0,0,0,205,0,205,-100
10/02/2020 11:31,201912,WEST AFRICA,GAMBIA,MANCHESTER,BANJUL,634,0,634,7088,7088,0,-91.055305
10/02/2020 11:31,201912,WEST AFRICA,GHANA,HEATHROW,ACCRA,18462,18462,0,18020,18020,0,2.45283
10/02/2020 11:31,201912,WEST AFRICA,NIGERIA,HEATHROW,ABUJA,12487,12487,0,11900,11900,0,4.932773
10/02/2020 11:31,201912,WEST AFRICA,NIGERIA,HEATHROW,LAGOS,30924,30924,0,33987,33987,0,-9.012269
10/02/2020 11:31,201912,WEST AFRICA,SIERRA LEONE,GATWICK,FREETOWN,265,0,265,0,0,0,0
10/02/2020 11:31,201912,SOUTHERN AFRICA,REPUBLIC OF SOUTH AFRICA,GATWICK,CAPE TOWN,7490,7490,0,10855,10855,0,-30.999539
10/02/2020 11:31,201912,SOUTHERN AFRICA,REPUBLIC OF SOUTH AFRICA,HEATHROW,CAPE TOWN,37492,37241,251,39229,39229,0,-4.427847
10/02/2020 11:31,201912,SOUTHERN AFRICA,REPUBLIC OF SOUTH AFRICA,HEATHROW,DURBAN,5227,5227,0,4989,4989,0,4.770495
10/02/2020 11:31,201912,SOUTHERN AFRICA,REPUBLIC OF SOUTH AFRICA,HEATHROW,JOHANNESBURG,87497,87497,0,97116,97116,0,-9.90465
10/02/2020 11:31,201912,MIDDLE EAST,BAHRAIN,HEATHROW,BAHRAIN,40754,40754,0,40524,40524,0,0.567565
10/02/2020 11:31,201912,MIDDLE EAST,IRAN,HEATHROW,TEHRAN IMAM KHOMEINI,4707,4707,0,4322,4322,0,8.907913
10/02/2020 11:31,201912,MIDDLE EAST,IRAQ,GATWICK,BAGHDAD (GECA),0,0,0,1136,1136,0,-100
10/02/2020 11:31,201912,MIDDLE EAST,IRAQ,GATWICK,SULAYMANIYAH INT,0,0,0,524,524,0,-100
10/02/2020 11:31,201912,MIDDLE EAST,IRAQ,MANCHESTER,BAGHDAD (GECA),0,0,0,727,727,0,-100
10/02/2020 11:31,201912,MIDDLE EAST,KUWAIT,HEATHROW,KUWAIT,40141,40141,0,38020,38020,0,5.578643
10/02/2020 11:31,201912,MIDDLE EAST,OMAN,HEATHROW,MUSCAT,34965,34965,0,34289,34289,0,1.971478
10/02/2020 11:31,201912,MIDDLE EAST,OMAN,MANCHESTER,MUSCAT,14233,14233,0,12763,12763,0,11.517668
10/02/2020 11:31,201912,MIDDLE EAST,QATAR,GATWICK,DOHA HAMAD,34566,34566,0,22306,22306,0,54.96279
10/02/2020 11:31,201912,MIDDLE EAST,QATAR,HEATHROW,DOHA HAMAD,130316,130316,0,112307,112307,0,16.03551
10/02/2020 11:31,201912,MIDDLE EAST,QATAR,BIRMINGHAM,DOHA HAMAD,12251,12251,0,10586,10586,0,15.72832
10/02/2020 11:31,201912,MIDDLE EAST,QATAR,CARDIFF WALES,DOHA HAMAD,8391,8391,0,6449,6449,0,30.113196
10/02/2020 11:31,201912,MIDDLE EAST,QATAR,EDINBURGH,DOHA HAMAD,13215,13215,0,13184,13184,0,0.235133
10/02/2020 11:31,201912,MIDDLE EAST,QATAR,LIVERPOOL (JOHN LENNON),DOHA INTERNATIONAL,165,0,165,0,0,0,0
10/02/2020 11:31,201912,MIDDLE EAST,QATAR,MANCHESTER,DOHA HAMAD,43930,43930,0,33400,33400,0,31.526946
10/02/2020 11:31,201912,MIDDLE EAST,SAUDI ARABIA,HEATHROW,DAMMAM,1564,1564,0,0,0,0,0
10/02/2020 11:31,201912,MIDDLE EAST,SAUDI ARABIA,HEATHROW,JEDDAH,22623,22623,0,22568,22568,0,0.243708
10/02/2020 11:31,201912,MIDDLE EAST,SAUDI ARABIA,HEATHROW,RIYADH,27563,27563,0,24939,24939,0,10.521673
10/02/2020 11:31,201912,MIDDLE EAST,SAUDI ARABIA,BIGGIN HILL,RIYADH,5,0,5,0,0,0,0
10/02/2020 11:31,201912,MIDDLE EAST,SAUDI ARABIA,MANCHESTER,JEDDAH,9725,9725,0,10777,10777,0,-9.761529
10/02/2020 11:31,201912,MIDDLE EAST,UNITED ARAB EMIRATES,GATWICK,DUBAI,90895,90895,0,83986,83986,0,8.226371
10/02/2020 11:31,201912,MIDDLE EAST,UNITED ARAB EMIRATES,GATWICK,DUBAI (WORLD CENTRAL),0,0,0,567,0,567,-100
10/02/2020 11:31,201912,MIDDLE EAST,UNITED ARAB EMIRATES,HEATHROW,ABU DHABI INTERNATIONAL,104272,104272,0,92717,92717,0,12.462655
10/02/2020 11:31,201912,MIDDLE EAST,UNITED ARAB EMIRATES,HEATHROW,DUBAI,227507,227507,0,232558,232558,0,-2.171931
10/02/2020 11:31,201912,MIDDLE EAST,UNITED ARAB EMIRATES,STANSTED,DUBAI,37977,37977,0,19453,19453,0,95.224387
10/02/2020 11:31,201912,MIDDLE EAST,UNITED ARAB EMIRATES,BIRMINGHAM,DUBAI,61932,61932,0,61098,61098,0,1.36502
10/02/2020 11:31,201912,MIDDLE EAST,UNITED ARAB EMIRATES,BIRMINGHAM,DUBAI (WORLD CENTRAL),0,0,0,581,0,581,-100
10/02/2020 11:31,201912,MIDDLE EAST,UNITED ARAB EMIRATES,EDINBURGH,DUBAI,18165,18165,0,16140,16140,0,12.546468
10/02/2020 11:31,201912,MIDDLE EAST,UNITED ARAB EMIRATES,GLASGOW,DUBAI,36269,36269,0,35153,35153,0,3.174693
10/02/2020 11:31,201912,MIDDLE EAST,UNITED ARAB EMIRATES,MANCHESTER,ABU DHABI INTERNATIONAL,32751,32751,0,32116,32116,0,1.977208
10/02/2020 11:31,201912,MIDDLE EAST,UNITED ARAB EMIRATES,MANCHESTER,DUBAI,90823,90823,0,85164,85164,0,6.644826
10/02/2020 11:31,201912,MIDDLE EAST,UNITED ARAB EMIRATES,MANCHESTER,DUBAI (WORLD CENTRAL),0,0,0,580,0,580,-100
10/02/2020 11:31,201912,MIDDLE EAST,UNITED ARAB EMIRATES,NEWCASTLE,DUBAI,20348,20348,0,20562,20562,0,-1.040755
10/02/2020 11:31,201912,INDIAN SUB-CONTINENT,BANGLADESH,HEATHROW,DHAKHA,7403,7403,0,7620,7620,0,-2.847769
10/02/2020 11:31,201912,INDIAN SUB-CONTINENT,BANGLADESH,HEATHROW,SYLHET,5292,5292,0,5292,5292,0,0
10/02/2020 11:31,201912,INDIAN SUB-CONTINENT,INDIA,GATWICK,COCHIN,0,0,0,577,0,577,-100
10/02/2020 11:31,201912,INDIAN SUB-CONTINENT,INDIA,GATWICK,GOA,4969,0,4969,8461,5741,2720,-41.271717
10/02/2020 11:31,201912,INDIAN SUB-CONTINENT,INDIA,HEATHROW,AHMEDABAD,8321,8321,0,7044,7044,0,18.128904
10/02/2020 11:31,201912,INDIAN SUB-CONTINENT,INDIA,HEATHROW,AMRITSAR,0,0,0,581,581,0,-100
10/02/2020 11:31,201912,INDIAN SUB-CONTINENT,INDIA,HEATHROW,BANGALORE (BENGALURU),16458,16458,0,18940,18940,0,-13.104541
10/02/2020 11:31,201912,INDIAN SUB-CONTINENT,INDIA,HEATHROW,CHENNAI,11494,11494,0,11070,11070,0,3.830172
10/02/2020 11:31,201912,INDIAN SUB-CONTINENT,INDIA,HEATHROW,DELHI,68458,68458,0,85288,85288,0,-19.733139
10/02/2020 11:31,201912,INDIAN SUB-CONTINENT,INDIA,HEATHROW,HYDERABAD ( RAJIV GHANDI ),12432,12432,0,12045,12045,0,3.212951
10/02/2020 11:31,201912,INDIAN SUB-CONTINENT,INDIA,HEATHROW,MUMBAI,60615,60615,0,97479,97479,0,-37.817376
10/02/2020 11:31,201912,INDIAN SUB-CONTINENT,INDIA,STANSTED,AMRITSAR,4758,4758,0,0,0,0,0
10/02/2020 11:31,201912,INDIAN SUB-CONTINENT,INDIA,BIRMINGHAM,AMRITSAR,6018,6018,0,5899,5899,0,2.017291
10/02/2020 11:31,201912,INDIAN SUB-CONTINENT,INDIA,BIRMINGHAM,COCHIN,0,0,0,575,0,575,-100
10/02/2020 11:31,201912,INDIAN SUB-CONTINENT,INDIA,BIRMINGHAM,DELHI,5695,5695,0,5820,5820,0,-2.147766
10/02/2020 11:31,201912,INDIAN SUB-CONTINENT,INDIA,BIRMINGHAM,GOA,0,0,0,1836,0,1836,-100
10/02/2020 11:31,201912,INDIAN SUB-CONTINENT,INDIA,MANCHESTER,COCHIN,0,0,0,586,0,586,-100
10/02/2020 11:31,201912,INDIAN SUB-CONTINENT,INDIA,MANCHESTER,GOA,4906,0,4906,13108,10606,2502,-62.572475
10/02/2020 11:31,201912,INDIAN SUB-CONTINENT,INDIA,MANCHESTER,MUMBAI,0,0,0,9296,9296,0,-100
10/02/2020 11:31,201912,INDIAN SUB-CONTINENT,PAKISTAN,HEATHROW,ISLAMABAD INTERNATIONAL AIRPORT,17813,17813,0,13423,13423,0,32.705058
10/02/2020 11:31,201912,INDIAN SUB-CONTINENT,PAKISTAN,HEATHROW,KARACHI,2984,2984,0,4565,4565,0,-34.633078
10/02/2020 11:31,201912,INDIAN SUB-CONTINENT,PAKISTAN,HEATHROW,LAHORE,8884,8884,0,8432,8432,0,5.360531
10/02/2020 11:31,201912,INDIAN SUB-CONTINENT,PAKISTAN,HEATHROW,SIALKOT,1177,1177,0,0,0,0,0
10/02/2020 11:31,201912,INDIAN SUB-CONTINENT,PAKISTAN,BIRMINGHAM,BENAZIR BHUTTO INTERNATIONAL AIRPORT,0,0,0,7111,7111,0,-100
10/02/2020 11:31,201912,INDIAN SUB-CONTINENT,PAKISTAN,BIRMINGHAM,ISLAMABAD INTERNATIONAL AIRPORT,10119,10119,0,0,0,0,0
10/02/2020 11:31,201912,INDIAN SUB-CONTINENT,PAKISTAN,MANCHESTER,ISLAMABAD INTERNATIONAL AIRPORT,18144,18144,0,16637,16637,0,9.058123
10/02/2020 11:31,201912,INDIAN SUB-CONTINENT,PAKISTAN,MANCHESTER,LAHORE,4562,4562,0,4472,4472,0,2.012522
10/02/2020 11:31,201912,INDIAN SUB-CONTINENT,SRI LANKA,GATWICK,COLOMBO,0,0,0,2081,0,2081,-100
10/02/2020 11:31,201912,INDIAN SUB-CONTINENT,SRI LANKA,HEATHROW,COLOMBO,21910,21910,0,22368,22368,0,-2.047568
10/02/2020 11:31,201912,FAR EAST,BRUNEI,HEATHROW,BANDAR SERI BEGAWAN,12325,12325,0,10378,10378,0,18.76084
10/02/2020 11:31,201912,FAR EAST,CHINA,GATWICK,CHENGDU,0,0,0,3722,3722,0,-100
10/02/2020 11:31,201912,FAR EAST,CHINA,GATWICK,SHANGHAI (PU DONG),16513,16513,0,4526,4526,0,264.847548
10/02/2020 11:31,201912,FAR EAST,CHINA,HEATHROW,BEIJING,33799,33799,0,41661,41661,0,-18.871367
10/02/2020 11:31,201912,FAR EAST,CHINA,HEATHROW,BEIJING DAXING INTERNATIONAL AIRPORT,9854,9854,0,0,0,0,0
10/02/2020 11:31,201912,FAR EAST,CHINA,HEATHROW,CHANGSHA HUANGHUA INTERNATIONAL AIRPORT,2956,2956,0,3437,3437,0,-13.994763
10/02/2020 11:31,201912,FAR EAST,CHINA,HEATHROW,CHENGDU,3940,3940,0,0,0,0,0
10/02/2020 11:31,201912,FAR EAST,CHINA,HEATHROW,CHONGQING JIANGBEI INTERNATIONAL,1186,1186,0,3605,3605,0,-67.101248
10/02/2020 11:31,201912,FAR EAST,CHINA,HEATHROW,GUANGZHOU BAIYUN INTERNATIONAL,13802,13802,0,13580,13580,0,1.634757
10/02/2020 11:31,201912,FAR EAST,CHINA,HEATHROW,QINGDAO,2518,2518,0,2797,2797,0,-9.974973
10/02/2020 11:31,201912,FAR EAST,CHINA,HEATHROW,SANYA PHOENIX INTERNATIONAL,1669,1669,0,1635,1635,0,2.079511
10/02/2020 11:31,201912,FAR EAST,CHINA,HEATHROW,SHANGHAI (PU DONG),41778,41778,0,40929,40929,0,2.074324
10/02/2020 11:31,201912,FAR EAST,CHINA,HEATHROW,SHENZHEN (HUANGTIAN),5920,5920,0,5139,5139,0,15.197509
10/02/2020 11:31,201912,FAR EAST,CHINA,HEATHROW,TIANJIN,634,634,0,692,692,0,-8.381503
10/02/2020 11:31,201912,FAR EAST,CHINA,HEATHROW,WUHAN TIANHE INTERNATIONAL,4273,4273,0,4464,4464,0,-4.278674
10/02/2020 11:31,201912,FAR EAST,CHINA,HEATHROW,XIAN XIANYANG,4657,4657,0,4393,4393,0,6.009561
10/02/2020 11:31,201912,FAR EAST,CHINA,HEATHROW,ZHENGZHOU XINZHENG,2781,2781,0,0,0,0,0
10/02/2020 11:31,201912,FAR EAST,CHINA,EDINBURGH,BEIJING,0,0,0,1338,1338,0,-100
10/02/2020 11:31,201912,FAR EAST,CHINA,MANCHESTER,BEIJING,5031,5031,0,5355,5355,0,-6.05042
10/02/2020 11:31,201912,FAR EAST,HONG KONG,GATWICK,HONG KONG (CHEK LAP KOK),15078,15078,0,13177,13177,0,14.426653
10/02/2020 11:31,201912,FAR EAST,HONG KONG,HEATHROW,HONG KONG (CHEK LAP KOK),137591,137591,0,134917,134917,0,1.981959
10/02/2020 11:31,201912,FAR EAST,HONG KONG,MANCHESTER,HONG KONG (CHEK LAP KOK),17962,17962,0,17632,17632,0,1.871597
10/02/2020 11:31,201912,FAR EAST,INDONESIA,HEATHROW,BALI INTERNATIONAL,2073,2073,0,0,0,0,0
10/02/2020 11:31,201912,FAR EAST,INDONESIA,HEATHROW,JAKARTA (SOEKARNO-HATTA INTNL),0,0,0,2790,2790,0,-100
10/02/2020 11:31,201912,FAR EAST,INDONESIA,HEATHROW,KUALANAMU INTERNATIONAL AIRPORT,1880,1880,0,0,0,0,0
10/02/2020 11:31,201912,FAR EAST,JAPAN,HEATHROW,OSAKA (KANSAI),3983,3983,0,0,0,0,0
10/02/2020 11:31,201912,FAR EAST,JAPAN,HEATHROW,TOKYO (HANEDA),48360,48360,0,44058,44058,0,9.764401
10/02/2020 11:31,201912,FAR EAST,JAPAN,HEATHROW,TOKYO (NARITA),10417,10417,0,9755,9755,0,6.786263
10/02/2020 11:31,201912,FAR EAST,MALAYSIA,GATWICK,LANGKAWI,1146,0,1146,585,0,585,95.897436
10/02/2020 11:31,201912,FAR EAST,MALAYSIA,HEATHROW,KUALA LUMPUR (SEPANG),41727,41727,0,42444,42444,0,-1.689285
10/02/2020 11:31,201912,FAR EAST,MALAYSIA,BIRMINGHAM,LANGKAWI,1154,0,1154,582,0,582,98.281787
10/02/2020 11:31,201912,FAR EAST,MALAYSIA,MANCHESTER,LANGKAWI,1159,0,1159,582,0,582,99.140893
10/02/2020 11:31,201912,FAR EAST,PHILIPPINES,HEATHROW,MANILA,8695,8695,0,11485,11485,0,-24.292556
10/02/2020 11:31,201912,FAR EAST,REPUBLIC OF KOREA,HEATHROW,SEOUL (INCHEON),37621,37621,0,39057,39057,0,-3.676678
10/02/2020 11:31,201912,FAR EAST,SINGAPORE,GATWICK,SINGAPORE,0,0,0,10044,10044,0,-100
10/02/2020 11:31,201912,FAR EAST,SINGAPORE,HEATHROW,SINGAPORE,128505,128505,0,127314,127314,0,0.935482
10/02/2020 11:31,201912,FAR EAST,SINGAPORE,MANCHESTER,SINGAPORE,7288,7288,0,7645,7645,0,-4.669719
10/02/2020 11:31,201912,FAR EAST,TAIWAN,GATWICK,TAIPEI,8633,8633,0,8660,8660,0,-0.311778
10/02/2020 11:31,201912,FAR EAST,TAIWAN,HEATHROW,TAIPEI,2451,2451,0,2475,2475,0,-0.969697
10/02/2020 11:31,201912,FAR EAST,THAILAND,GATWICK,PHUKET,2308,0,2308,2344,0,2344,-1.535836
10/02/2020 11:31,201912,FAR EAST,THAILAND,GATWICK,U-TAPAO,1058,0,1058,585,0,585,80.854701
10/02/2020 11:31,201912,FAR EAST,THAILAND,HEATHROW,BANGKOK SUVARNABHUMI ,75944,75944,0,69985,69985,0,8.514682
10/02/2020 11:31,201912,FAR EAST,THAILAND,BIRMINGHAM,PHUKET,0,0,0,294,0,294,-100
10/02/2020 11:31,201912,FAR EAST,THAILAND,BIRMINGHAM,U-TAPAO,1124,0,1124,588,0,588,91.156463
10/02/2020 11:31,201912,FAR EAST,THAILAND,MANCHESTER,PHUKET,2269,0,2269,2079,0,2079,9.139009
10/02/2020 11:31,201912,FAR EAST,THAILAND,MANCHESTER,U-TAPAO,1141,0,1141,0,0,0,0
10/02/2020 11:31,201912,FAR EAST,VIETNAM,GATWICK,PHU QUOC INTERNATIONAL,1734,0,1734,2205,0,2205,-21.360544
10/02/2020 11:31,201912,FAR EAST,VIETNAM,HEATHROW,HANOI,7498,7498,0,6762,6762,0,10.884354
10/02/2020 11:31,201912,FAR EAST,VIETNAM,HEATHROW,HO CHI MINH CITY,5606,5606,0,5841,5841,0,-4.023284
10/02/2020 11:31,201912,AUSTRALASIA,AUSTRALIA,HEATHROW,MELBOURNE,997,997,0,1170,1170,0,-14.786325
10/02/2020 11:31,201912,AUSTRALASIA,AUSTRALIA,HEATHROW,PERTH (AUSTRALIA),11912,11912,0,12490,12490,0,-4.627702
10/02/2020 11:31,201912,AUSTRALASIA,AUSTRALIA,HEATHROW,SYDNEY,15318,15318,0,15821,15821,0,-3.179319
10/02/2020 11:31,201912,AUSTRALASIA,NEW ZEALAND,HEATHROW,AUCKLAND INTERNATIONAL,2564,2564,0,2259,2259,0,13.501549
10/02/2020 11:31,201912,CANADA,CANADA,GATWICK,CALGARY,9245,9245,0,6843,6843,0,35.101564
10/02/2020 11:31,201912,CANADA,CANADA,GATWICK,TORONTO,29903,29903,0,27714,27714,0,7.898535
10/02/2020 11:31,201912,CANADA,CANADA,HEATHROW,CALGARY,15188,15188,0,15849,15849,0,-4.17061
10/02/2020 11:31,201912,CANADA,CANADA,HEATHROW,HALIFAX INT,0,0,0,4993,4993,0,-100
10/02/2020 11:31,201912,CANADA,CANADA,HEATHROW,MONTREAL (DORVAL),28790,28790,0,26025,26025,0,10.6244
10/02/2020 11:31,201912,CANADA,CANADA,HEATHROW,OTTAWA INTERNATIONAL,9495,9495,0,9054,9054,0,4.870775
10/02/2020 11:31,201912,CANADA,CANADA,HEATHROW,ST JOHNS,0,0,0,1993,1993,0,-100
10/02/2020 11:31,201912,CANADA,CANADA,HEATHROW,TORONTO,95750,95750,0,90434,90434,0,5.87832
10/02/2020 11:31,201912,CANADA,CANADA,HEATHROW,VANCOUVER,42938,42938,0,39698,39698,0,8.16162
10/02/2020 11:31,201912,CANADA,CANADA,BIRMINGHAM,MONTREAL (DORVAL),0,0,0,48,0,48,-100
10/02/2020 11:31,201912,CANADA,CANADA,BIRMINGHAM,TORONTO,0,0,0,467,467,0,-100
10/02/2020 11:31,201912,CANADA,CANADA,GLASGOW,TORONTO,3281,3281,0,3149,3149,0,4.191807
10/02/2020 11:31,201912,CANADA,CANADA,HUMBERSIDE,HALIFAX INT,32,0,32,0,0,0,0
10/02/2020 11:31,201912,CANADA,CANADA,MANCHESTER,MONTREAL (DORVAL),74,0,74,0,0,0,0
10/02/2020 11:31,201912,CANADA,CANADA,MANCHESTER,TORONTO,4369,4369,0,3661,3661,0,19.338978
10/02/2020 11:31,201912,UNITED STATES OF AMERICA,USA,GATWICK,BOSTON,18622,18622,0,15930,15930,0,16.898933
10/02/2020 11:31,201912,UNITED STATES OF AMERICA,USA,GATWICK,CHICAGO (O'HARE),0,0,0,8819,8819,0,-100
10/02/2020 11:31,201912,UNITED STATES OF AMERICA,USA,GATWICK,DENVER INTERNATIONAL,0,0,0,6026,6026,0,-100
10/02/2020 11:31,201912,UNITED STATES OF AMERICA,USA,GATWICK,FORT LAUDERDALE,0,0,0,20699,20699,0,-100
10/02/2020 11:31,201912,UNITED STATES OF AMERICA,USA,GATWICK,LAS VEGAS,6413,6413,0,27049,27049,0,-76.291175
10/02/2020 11:31,201912,UNITED STATES OF AMERICA,USA,GATWICK,LOS ANGELES INTERNATIONAL,22367,22367,0,17138,17138,0,30.511145
10/02/2020 11:31,201912,UNITED STATES OF AMERICA,USA,GATWICK,MIAMI INTERNATIONAL,16847,16847,0,0,0,0,0
10/02/2020 11:31,201912,UNITED STATES OF AMERICA,USA,GATWICK,NEW YORK (JF KENNEDY),70987,70987,0,59167,59167,0,19.977352
10/02/2020 11:31,201912,UNITED STATES OF AMERICA,USA,GATWICK,OAKLAND,0,0,0,6960,6960,0,-100
10/02/2020 11:31,201912,UNITED STATES OF AMERICA,USA,GATWICK,ORLANDO,64838,64838,0,56923,56923,0,13.904749
10/02/2020 11:31,201912,UNITED STATES OF AMERICA,USA,GATWICK,PHILADELPHIA INTERNATIONAL,32,32,0,0,0,0,0
10/02/2020 11:31,201912,UNITED STATES OF AMERICA,USA,GATWICK,SAN FRANCISCO,10190,10190,0,0,0,0,0
10/02/2020 11:31,201912,UNITED STATES OF AMERICA,USA,GATWICK,SANFORD,301,0,301,0,0,0,0
10/02/2020 11:31,201912,UNITED STATES OF AMERICA,USA,GATWICK,TAMPA,21860,21860,0,15801,15801,0,38.345674
10/02/2020 11:31,201912,UNITED STATES OF AMERICA,USA,HEATHROW,ATLANTA,53167,53167,0,52674,52674,0,0.935946
10/02/2020 11:31,201912,UNITED STATES OF AMERICA,USA,HEATHROW,AUSTIN (BERGSTROM),14973,14973,0,14228,14228,0,5.236154
10/02/2020 11:31,201912,UNITED STATES OF AMERICA,USA,HEATHROW,BALTIMORE,14847,14847,0,9984,9984,0,48.707933
10/02/2020 11:31,201912,UNITED STATES OF AMERICA,USA,HEATHROW,BOSTON,78502,78502,0,61211,61211,0,28.248191
10/02/2020 11:31,201912,UNITED STATES OF AMERICA,USA,HEATHROW,CHARLOTTE,29699,29699,0,26551,26551,0,11.856427
10/02/2020 11:31,201912,UNITED STATES OF AMERICA,USA,HEATHROW,CHICAGO (O'HARE),87879,87879,0,82451,82451,0,6.583304
10/02/2020 11:31,201912,UNITED STATES OF AMERICA,USA,HEATHROW,DALLAS/FORT WORTH,68070,68070,0,63870,63870,0,6.575857
10/02/2020 11:31,201912,UNITED STATES OF AMERICA,USA,HEATHROW,DENVER INTERNATIONAL,26112,26112,0,15874,15874,0,64.495401
10/02/2020 11:31,201912,UNITED STATES OF AMERICA,USA,HEATHROW,DETROIT,18412,18412,0,18488,18488,0,-0.411077
10/02/2020 11:31,201912,UNITED STATES OF AMERICA,USA,HEATHROW,HOUSTON,42843,42843,0,42810,42810,0,0.077085
10/02/2020 11:31,201912,UNITED STATES OF AMERICA,USA,HEATHROW,LAS VEGAS,28772,28772,0,17679,17679,0,62.746762
10/02/2020 11:31,201912,UNITED STATES OF AMERICA,USA,HEATHROW,LOS ANGELES INTERNATIONAL,133930,133930,0,124653,124653,0,7.44226
10/02/2020 11:31,201912,UNITED STATES OF AMERICA,USA,HEATHROW,MIAMI INTERNATIONAL,97646,97646,0,98166,98166,0,-0.529715
10/02/2020 11:31,201912,UNITED STATES OF AMERICA,USA,HEATHROW,MINNEAPOLIS-ST PAUL,12250,12250,0,10532,10532,0,16.312191
10/02/2020 11:31,201912,UNITED STATES OF AMERICA,USA,HEATHROW,NASHVILLE METROPOLITAN,7745,7745,0,5350,5350,0,44.766355
10/02/2020 11:31,201912,UNITED STATES OF AMERICA,USA,HEATHROW,NEW ORLEANS,6898,6898,0,5942,5942,0,16.088859
10/02/2020 11:31,201912,UNITED STATES OF AMERICA,USA,HEATHROW,NEW YORK (JF KENNEDY),286298,286298,0,270322,270322,0,5.909989
10/02/2020 11:31,201912,UNITED STATES OF AMERICA,USA,HEATHROW,NEW YORK (NEWARK),79620,79620,0,92155,92155,0,-13.602083
10/02/2020 11:31,201912,UNITED STATES OF AMERICA,USA,HEATHROW,ORLANDO,0,0,0,1611,1611,0,-100
10/02/2020 11:31,201912,UNITED STATES OF AMERICA,USA,HEATHROW,PHILADELPHIA INTERNATIONAL,35712,35712,0,36626,36626,0,-2.495495
10/02/2020 11:31,201912,UNITED STATES OF AMERICA,USA,HEATHROW,PHOENIX,25681,25681,0,17611,17611,0,45.823633
10/02/2020 11:31,201912,UNITED STATES OF AMERICA,USA,HEATHROW,PITTSBURGH,5717,5717,0,0,0,0,0
10/02/2020 11:31,201912,UNITED STATES OF AMERICA,USA,HEATHROW,RALEIGH,12967,12967,0,12272,12272,0,5.663299
10/02/2020 11:31,201912,UNITED STATES OF AMERICA,USA,HEATHROW,SALT LAKE CITY,4355,4355,0,0,0,0,0
10/02/2020 11:31,201912,UNITED STATES OF AMERICA,USA,HEATHROW,SAN DIEGO,14066,14066,0,13025,13025,0,7.992322
10/02/2020 11:31,201912,UNITED STATES OF AMERICA,USA,HEATHROW,SAN FRANCISCO,79461,79461,0,78345,78345,0,1.424469
10/02/2020 11:31,201912,UNITED STATES OF AMERICA,USA,HEATHROW,SAN JOSE,7918,7918,0,9048,9048,0,-12.488948
10/02/2020 11:31,201912,UNITED STATES OF AMERICA,USA,HEATHROW,SEATTLE (TACOMA),29017,29017,0,28421,28421,0,2.097041
10/02/2020 11:31,201912,UNITED STATES OF AMERICA,USA,HEATHROW,WASHINGTON (DULLES),73293,73293,0,66755,66755,0,9.794023
10/02/2020 11:31,201912,UNITED STATES OF AMERICA,USA,LONDON CITY,NEW YORK (JF KENNEDY),585,585,0,580,580,0,0.862069
10/02/2020 11:31,201912,UNITED STATES OF AMERICA,USA,BIGGIN HILL,TETERBORO,0,0,0,2,0,2,-100
10/02/2020 11:31,201912,UNITED STATES OF AMERICA,USA,CARDIFF WALES,ORLANDO,0,0,0,325,325,0,-100
10/02/2020 11:31,201912,UNITED STATES OF AMERICA,USA,DONCASTER SHEFFIELD,NEW YORK (JF KENNEDY),0,0,0,332,332,0,-100
10/02/2020 11:31,201912,UNITED STATES OF AMERICA,USA,EDINBURGH,NEW YORK (JF KENNEDY),8945,8945,0,6026,6026,0,48.440093
10/02/2020 11:31,201912,UNITED STATES OF AMERICA,USA,EDINBURGH,NEW YORK (NEWARK),9701,9701,0,9869,9869,0,-1.7023
10/02/2020 11:31,201912,UNITED STATES OF AMERICA,USA,EDINBURGH,NEWBURGH/USA,0,0,0,7899,7899,0,-100
10/02/2020 11:31,201912,UNITED STATES OF AMERICA,USA,GLASGOW,ORLANDO,1929,1929,0,0,0,0,0
10/02/2020 11:31,201912,UNITED STATES OF AMERICA,USA,LEEDS BRADFORD,NEW YORK (NEWARK),1330,1330,0,1763,1763,0,-24.560408
10/02/2020 11:31,201912,UNITED STATES OF AMERICA,USA,LIVERPOOL (JOHN LENNON),NEW YORK (JF KENNEDY),0,0,0,326,326,0,-100
10/02/2020 11:31,201912,UNITED STATES OF AMERICA,USA,MANCHESTER,ATLANTA,8968,8968,0,8796,8796,0,1.955434
10/02/2020 11:31,201912,UNITED STATES OF AMERICA,USA,MANCHESTER,HOUSTON,5802,5802,0,5972,5972,0,-2.846618
10/02/2020 11:31,201912,UNITED STATES OF AMERICA,USA,MANCHESTER,LAS VEGAS,0,0,0,893,893,0,-100
10/02/2020 11:31,201912,UNITED STATES OF AMERICA,USA,MANCHESTER,NEW YORK (JF KENNEDY),17526,17526,0,21840,21840,0,-19.752747
10/02/2020 11:31,201912,UNITED STATES OF AMERICA,USA,MANCHESTER,NEW YORK (NEWARK),15128,15128,0,12085,12085,0,25.179975
10/02/2020 11:31,201912,UNITED STATES OF AMERICA,USA,MANCHESTER,ORLANDO,22785,22785,0,28707,28707,0,-20.629115
10/02/2020 11:31,201912,UNITED STATES OF AMERICA,USA,MANCHESTER,PHILADELPHIA INTERNATIONAL,10803,10803,0,11830,11830,0,-8.681319
10/02/2020 11:31,201912,UNITED STATES OF AMERICA,USA,NEWCASTLE,NEW YORK (NEWARK),2247,2247,0,1766,1766,0,27.236693
10/02/2020 11:31,201912,CENTRAL AMERICA,COSTA RICA,GATWICK,LIBERIA,3378,0,3378,2664,0,2664,26.801802
10/02/2020 11:31,201912,CENTRAL AMERICA,COSTA RICA,GATWICK,SAN JOSE COST RICA,6408,6408,0,4901,4901,0,30.748827
10/02/2020 11:31,201912,CENTRAL AMERICA,CUBA,GATWICK,HAVANA,3480,3480,0,4696,4696,0,-25.894378
10/02/2020 11:31,201912,CENTRAL AMERICA,CUBA,GATWICK,HOLGUIN (FRANK PAIS),0,0,0,2493,2493,0,-100
10/02/2020 11:31,201912,CENTRAL AMERICA,CUBA,HEATHROW,HAVANA,0,0,0,385,385,0,-100
10/02/2020 11:31,201912,CENTRAL AMERICA,CUBA,MANCHESTER,CUNAGUA (CAYO COCO),0,0,0,2474,2474,0,-100
10/02/2020 11:31,201912,CENTRAL AMERICA,CUBA,MANCHESTER,HOLGUIN (FRANK PAIS),0,0,0,2817,2817,0,-100
10/02/2020 11:31,201912,CENTRAL AMERICA,CUBA,MANCHESTER,VARADERO,0,0,0,2802,2802,0,-100
10/02/2020 11:31,201912,CENTRAL AMERICA,DOMINICAN REPUBLIC,GATWICK,PUNTA CANA,15791,9595,6196,11706,6633,5073,34.896634
10/02/2020 11:31,201912,CENTRAL AMERICA,DOMINICAN REPUBLIC,BIRMINGHAM,PUNTA CANA,0,0,0,291,291,0,-100
10/02/2020 11:31,201912,CENTRAL AMERICA,DOMINICAN REPUBLIC,MANCHESTER,PUNTA CANA,6045,0,6045,6080,312,5768,-0.575658
10/02/2020 11:31,201912,CENTRAL AMERICA,MEXICO,GATWICK,CANCUN,22878,22878,0,25916,25916,0,-11.722488
10/02/2020 11:31,201912,CENTRAL AMERICA,MEXICO,GATWICK,LOS CABOS,2207,0,2207,0,0,0,0
10/02/2020 11:31,201912,CENTRAL AMERICA,MEXICO,GATWICK,PUERTO VALLARTA,0,0,0,2333,0,2333,-100
10/02/2020 11:31,201912,CENTRAL AMERICA,MEXICO,HEATHROW,MEXICO CITY,20930,20930,0,19886,19886,0,5.249925
10/02/2020 11:31,201912,CENTRAL AMERICA,MEXICO,STANSTED,PUERTO VALLARTA,0,0,0,301,0,301,-100
10/02/2020 11:31,201912,CENTRAL AMERICA,MEXICO,BIRMINGHAM,CANCUN,6055,6055,0,5579,5579,0,8.531995
10/02/2020 11:31,201912,CENTRAL AMERICA,MEXICO,BRISTOL,CANCUN,660,0,660,0,0,0,0
10/02/2020 11:31,201912,CENTRAL AMERICA,MEXICO,CARDIFF WALES,CANCUN,0,0,0,291,291,0,-100
10/02/2020 11:31,201912,CENTRAL AMERICA,MEXICO,MANCHESTER,CANCUN,9483,8665,818,14600,14600,0,-35.047945
10/02/2020 11:31,201912,CENTRAL AMERICA,MEXICO,MANCHESTER,PUERTO VALLARTA,5733,0,5733,3330,0,3330,72.162162
10/02/2020 11:31,201912,SOUTH AMERICA,ARGENTINA,GATWICK,BUENOS AIRES,14684,14684,0,13023,13023,0,12.754358
10/02/2020 11:31,201912,SOUTH AMERICA,ARGENTINA,HEATHROW,BUENOS AIRES,14185,14185,0,14409,14409,0,-1.554584
10/02/2020 11:31,201912,SOUTH AMERICA,BRAZIL,GATWICK,RIO DE JANEIRO (GALEAO),9510,9510,0,0,0,0,0
10/02/2020 11:31,201912,SOUTH AMERICA,BRAZIL,HEATHROW,RIO DE JANEIRO (GALEAO),11890,11890,0,10688,10688,0,11.246257
10/02/2020 11:31,201912,SOUTH AMERICA,BRAZIL,HEATHROW,SAO PAULO (GUARULHOS),38105,38105,0,38347,38347,0,-0.631079
10/02/2020 11:31,201912,SOUTH AMERICA,CHILE,HEATHROW,SANTIAGO DE CHILE,8368,8368,0,7760,7760,0,7.835052
10/02/2020 11:31,201912,SOUTH AMERICA,COLOMBIA,HEATHROW,BOGOTA,14023,14023,0,13585,13585,0,3.224144
10/02/2020 11:31,201912,CARIBBEAN AREA,ANTIGUA AND BARBUDA,GATWICK,ANTIGUA,18878,18878,0,14117,14117,0,33.725296
10/02/2020 11:31,201912,CARIBBEAN AREA,ANTIGUA AND BARBUDA,HEATHROW,ANTIGUA,0,0,0,268,268,0,-100
10/02/2020 11:31,201912,CARIBBEAN AREA,ANTIGUA AND BARBUDA,MANCHESTER,ANTIGUA,0,0,0,1050,1050,0,-100
10/02/2020 11:31,201912,CARIBBEAN AREA,BAHAMAS,HEATHROW,NASSAU,4827,4827,0,5048,5048,0,-4.377971
10/02/2020 11:31,201912,CARIBBEAN AREA,BARBADOS,GATWICK,BRIDGETOWN,58568,39460,19108,54205,36975,17230,8.049073
10/02/2020 11:31,201912,CARIBBEAN AREA,BARBADOS,HEATHROW,BRIDGETOWN,997,997,0,3051,3051,0,-67.322189
10/02/2020 11:31,201912,CARIBBEAN AREA,BARBADOS,LUTON,BRIDGETOWN,0,0,0,300,300,0,-100
10/02/2020 11:31,201912,CARIBBEAN AREA,BARBADOS,BIRMINGHAM,BRIDGETOWN,11408,0,11408,9646,0,9646,18.266639
10/02/2020 11:31,201912,CARIBBEAN AREA,BARBADOS,CARDIFF WALES,BRIDGETOWN,877,0,877,1414,0,1414,-37.977369
10/02/2020 11:31,201912,CARIBBEAN AREA,BARBADOS,EAST MIDLANDS INTERNATIONAL,BRIDGETOWN,464,0,464,587,0,587,-20.954003
10/02/2020 11:31,201912,CARIBBEAN AREA,BARBADOS,GLASGOW,BRIDGETOWN,1629,0,1629,1181,0,1181,37.933954
10/02/2020 11:31,201912,CARIBBEAN AREA,BARBADOS,MANCHESTER,BRIDGETOWN,20523,7349,13174,25139,8584,16555,-18.361908
10/02/2020 11:31,201912,CARIBBEAN AREA,BARBADOS,NEWCASTLE,BRIDGETOWN,266,266,0,295,295,0,-9.830508
10/02/2020 11:31,201912,CARIBBEAN AREA,BERMUDA,GATWICK,BERMUDA,7288,7288,0,6558,6258,300,11.131443
10/02/2020 11:31,201912,CARIBBEAN AREA,BERMUDA,HUMBERSIDE,BERMUDA,32,0,32,0,0,0,0
10/02/2020 11:31,201912,CARIBBEAN AREA,CAYMAN ISLANDS,HEATHROW,GRAND CAYMAN,3814,3814,0,3611,3611,0,5.621711
10/02/2020 11:31,201912,CARIBBEAN AREA,GRENADA,GATWICK,GRENADA,3762,3762,0,3187,3187,0,18.042046
10/02/2020 11:31,201912,CARIBBEAN AREA,GUADELOUPE,GATWICK,POINTE A PITRE GUADELOUPE,0,0,0,898,0,898,-100
10/02/2020 11:31,201912,CARIBBEAN AREA,JAMAICA,GATWICK,KINGSTON,7055,7055,0,6820,6820,0,3.445748
10/02/2020 11:31,201912,CARIBBEAN AREA,JAMAICA,GATWICK,MONTEGO BAY,18972,10147,8825,18087,9110,8977,4.893017
10/02/2020 11:31,201912,CARIBBEAN AREA,JAMAICA,BIRMINGHAM,MONTEGO BAY,1368,0,1368,2963,0,2963,-53.830577
10/02/2020 11:31,201912,CARIBBEAN AREA,JAMAICA,CARDIFF WALES,KINGSTON,0,0,0,183,183,0,-100
10/02/2020 11:31,201912,CARIBBEAN AREA,JAMAICA,CARDIFF WALES,MONTEGO BAY,0,0,0,593,0,593,-100
10/02/2020 11:31,201912,CARIBBEAN AREA,JAMAICA,GLASGOW,MONTEGO BAY,295,0,295,586,0,586,-49.658703
10/02/2020 11:31,201912,CARIBBEAN AREA,JAMAICA,MANCHESTER,MONTEGO BAY,9031,0,9031,9156,0,9156,-1.365225
10/02/2020 11:31,201912,CARIBBEAN AREA,JAMAICA,NEWCASTLE,MONTEGO BAY,0,0,0,296,296,0,-100
10/02/2020 11:31,201912,CARIBBEAN AREA,SAINT KITTS AND NEVIS,GATWICK,ST KITTS,1419,1419,0,1389,1389,0,2.159827
10/02/2020 11:31,201912,CARIBBEAN AREA,ST LUCIA,GATWICK,ST LUCIA (HEWANORRA),20153,17774,2379,19393,15352,4041,3.91894
10/02/2020 11:31,201912,CARIBBEAN AREA,ST LUCIA,MANCHESTER,ST LUCIA (HEWANORRA),0,0,0,1173,1173,0,-100
10/02/2020 11:31,201912,CARIBBEAN AREA,TRINIDAD AND TOBAGO,GATWICK,PORT OF SPAIN,5949,5949,0,5085,5085,0,16.99115
10/02/2020 11:31,201912,CARIBBEAN AREA,TRINIDAD AND TOBAGO,GATWICK,TOBAGO,2324,2324,0,3505,3505,0,-33.694722
10/02/2020 11:31,201912,CARIBBEAN AREA,TRINIDAD AND TOBAGO,MANCHESTER,TOBAGO,0,0,0,1359,1359,0,-100
10/02/2020 11:31,201912,CARIBBEAN AREA,TURKS AND CAICOS ISLANDS,GATWICK,PROVIDENCIALES,832,832,0,1883,1883,0,-55.815189
10/02/2020 11:31,201912,INDIAN OCEAN ISLANDS,MALDIVE ISLANDS,GATWICK,MALE INTERNATIONAL,6479,6479,0,5610,5610,0,15.490196
10/02/2020 11:31,201912,INDIAN OCEAN ISLANDS,MALDIVE ISLANDS,HEATHROW,MALE INTERNATIONAL,0,0,0,242,242,0,-100
10/02/2020 11:31,201912,INDIAN OCEAN ISLANDS,MAURITIUS,GATWICK,MAURITIUS,15035,15035,0,13927,13043,884,7.955769
10/02/2020 11:31,201912,INDIAN OCEAN ISLANDS,MAURITIUS,HEATHROW,MAURITIUS,8216,8216,0,8620,8620,0,-4.686775
10/02/2020 11:31,201912,INDIAN OCEAN ISLANDS,MAURITIUS,MANCHESTER,MAURITIUS,0,0,0,553,0,553,-100
10/02/2020 11:31,201912,INDIAN OCEAN ISLANDS,SEYCHELLES,HEATHROW,SEYCHELLES,2696,2696,0,3029,3029,0,-10.993727
10/02/2020 11:31,201912,ATLANTIC OCEAN ISLANDS,CAPE VERDE ISLANDS,GATWICK,BOA VISTA (RABIL),7147,7147,0,6543,6543,0,9.231239
10/02/2020 11:31,201912,ATLANTIC OCEAN ISLANDS,CAPE VERDE ISLANDS,GATWICK,ILHA DO SAL C.VERDE,6061,6061,0,8443,8064,379,-28.212721
10/02/2020 11:31,201912,ATLANTIC OCEAN ISLANDS,CAPE VERDE ISLANDS,LUTON,BOA VISTA (RABIL),0,0,0,217,0,217,-100
10/02/2020 11:31,201912,ATLANTIC OCEAN ISLANDS,CAPE VERDE ISLANDS,LUTON,ILHA DO SAL C.VERDE,0,0,0,196,0,196,-100
10/02/2020 11:31,201912,ATLANTIC OCEAN ISLANDS,CAPE VERDE ISLANDS,STANSTED,ILHA DO SAL C.VERDE,0,0,0,228,228,0,-100
10/02/2020 11:31,201912,ATLANTIC OCEAN ISLANDS,CAPE VERDE ISLANDS,BIRMINGHAM,BOA VISTA (RABIL),3737,3737,0,3567,3567,0,4.76591
10/02/2020 11:31,201912,ATLANTIC OCEAN ISLANDS,CAPE VERDE ISLANDS,BIRMINGHAM,ILHA DO SAL C.VERDE,3543,3543,0,2923,2923,0,21.211085
10/02/2020 11:31,201912,ATLANTIC OCEAN ISLANDS,CAPE VERDE ISLANDS,BRISTOL,ILHA DO SAL C.VERDE,1500,0,1500,1622,785,837,-7.521578
10/02/2020 11:31,201912,ATLANTIC OCEAN ISLANDS,CAPE VERDE ISLANDS,MANCHESTER,BOA VISTA (RABIL),5607,5607,0,5383,5383,0,4.161248
10/02/2020 11:31,201912,ATLANTIC OCEAN ISLANDS,CAPE VERDE ISLANDS,MANCHESTER,ILHA DO SAL C.VERDE,5453,5453,0,6215,6215,0,-12.26066
10/02/2020 11:31,201912,OIL RIGS,OIL RIGS,ABERDEEN,OIL RIGS,31612,0,31612,32307,0,32307,-2.151237
10/02/2020 11:31,201912,OIL RIGS,OIL RIGS,BLACKPOOL,OIL RIGS,1485,0,1485,910,0,910,63.186813
10/02/2020 11:31,201912,OIL RIGS,OIL RIGS,HUMBERSIDE,OIL RIGS,793,0,793,1676,0,1676,-52.684964
10/02/2020 11:31,201912,OIL RIGS,OIL RIGS,NORWICH,OIL RIGS,6352,0,6352,7201,0,7201,-11.790029
10/02/2020 11:31,201912,OIL RIGS,OIL RIGS,SCATSTA,OIL RIGS,3762,0,3762,4285,0,4285,-12.205368
10/02/2020 11:31,201912,OIL RIGS,OIL RIGS,SUMBURGH,OIL RIGS,3835,0,3835,4936,0,4936,-22.305511

