rundate,this_period,foreign_region,foreign_country,UK_airport,foreign_airport,total_pax_this_period,total_pax_scheduled_this_period,total_pax_charter_this_period,total_pax_last_period,total_pax_scheduled_last_period,total_pax_charter_last_period,total_pax_percent
23/08/2018 13:42,201806,Unknown,Unknown,BRISTOL,Unknown,0,0,0,1359,0,1359,-100
23/08/2018 13:42,201806,Unknown,Unknown,CARDIFF WALES,Unknown,0,0,0,36,0,36,-100
23/08/2018 13:42,201806,Unknown,Unknown,LEEDS BRADFORD,Unknown,0,0,0,908,908,0,-100
23/08/2018 13:42,201806,Unknown,Unknown,MANCHESTER,Unknown,0,0,0,3809,2846,963,-100
23/08/2018 13:42,201806,WESTERN EUROPE-EU,AUSTRIA,GATWICK,INNSBRUCK,6147,4567,1580,5643,4414,1229,8.931419
23/08/2018 13:42,201806,WESTERN EUROPE-EU,AUSTRIA,GATWICK,SALZBURG,8937,7175,1762,8304,7089,1215,7.622832
23/08/2018 13:42,201806,WESTERN EUROPE-EU,AUSTRIA,GATWICK,VIENNA,23384,23384,0,17424,17424,0,34.205693
23/08/2018 13:42,201806,WESTERN EUROPE-EU,AUSTRIA,HEATHROW,INNSBRUCK,2521,2521,0,1883,1883,0,33.882103
23/08/2018 13:42,201806,WESTERN EUROPE-EU,AUSTRIA,HEATHROW,SALZBURG,1972,1972,0,0,0,0,0
23/08/2018 13:42,201806,WESTERN EUROPE-EU,AUSTRIA,HEATHROW,VIENNA,79391,79391,0,74491,74491,0,6.577976
23/08/2018 13:42,201806,WESTERN EUROPE-EU,AUSTRIA,LUTON,GRAZ,132,0,132,0,0,0,0
23/08/2018 13:42,201806,WESTERN EUROPE-EU,AUSTRIA,LUTON,LINZ,218,218,0,0,0,0,0
23/08/2018 13:42,201806,WESTERN EUROPE-EU,AUSTRIA,LUTON,VIENNA,5537,5537,0,5699,5673,26,-2.842604
23/08/2018 13:42,201806,WESTERN EUROPE-EU,AUSTRIA,SOUTHEND,VIENNA,2612,2612,0,1958,1958,0,33.40143
23/08/2018 13:42,201806,WESTERN EUROPE-EU,AUSTRIA,STANSTED,GRAZ,0,0,0,153,0,153,-100
23/08/2018 13:42,201806,WESTERN EUROPE-EU,AUSTRIA,STANSTED,LINZ,2702,2702,0,2564,2564,0,5.382215
23/08/2018 13:42,201806,WESTERN EUROPE-EU,AUSTRIA,STANSTED,SALZBURG,11449,11449,0,7317,7317,0,56.471231
23/08/2018 13:42,201806,WESTERN EUROPE-EU,AUSTRIA,STANSTED,VIENNA,6154,6154,0,6636,6636,0,-7.263412
23/08/2018 13:42,201806,WESTERN EUROPE-EU,AUSTRIA,BIRMINGHAM,GRAZ,0,0,0,929,929,0,-100
23/08/2018 13:42,201806,WESTERN EUROPE-EU,AUSTRIA,BIRMINGHAM,INNSBRUCK,803,0,803,512,0,512,56.835938
23/08/2018 13:42,201806,WESTERN EUROPE-EU,AUSTRIA,BIRMINGHAM,SALZBURG,1443,0,1443,1263,0,1263,14.251781
23/08/2018 13:42,201806,WESTERN EUROPE-EU,AUSTRIA,BIRMINGHAM,VIENNA,2974,2974,0,4287,4287,0,-30.627478
23/08/2018 13:42,201806,WESTERN EUROPE-EU,AUSTRIA,BRISTOL,INNSBRUCK,833,0,833,609,0,609,36.781609
23/08/2018 13:42,201806,WESTERN EUROPE-EU,AUSTRIA,BRISTOL,SALZBURG,0,0,0,85,0,85,-100
23/08/2018 13:42,201806,WESTERN EUROPE-EU,AUSTRIA,BRISTOL,VIENNA,2679,2679,0,2692,2692,0,-0.482912
23/08/2018 13:42,201806,WESTERN EUROPE-EU,AUSTRIA,DURHAM TEES VALLEY,LINZ,36,0,36,0,0,0,0
23/08/2018 13:42,201806,WESTERN EUROPE-EU,AUSTRIA,EDINBURGH,INNSBRUCK,485,0,485,0,0,0,0
23/08/2018 13:42,201806,WESTERN EUROPE-EU,AUSTRIA,EDINBURGH,SALZBURG,0,0,0,391,0,391,-100
23/08/2018 13:42,201806,WESTERN EUROPE-EU,AUSTRIA,EDINBURGH,VIENNA,6960,6960,0,6722,6722,0,3.540613
23/08/2018 13:42,201806,WESTERN EUROPE-EU,AUSTRIA,GLASGOW,LINZ,48,0,48,49,0,49,-2.040816
23/08/2018 13:42,201806,WESTERN EUROPE-EU,AUSTRIA,GLASGOW,SALZBURG,933,0,933,840,0,840,11.071429
23/08/2018 13:42,201806,WESTERN EUROPE-EU,AUSTRIA,JERSEY,VIENNA,620,0,620,539,0,539,15.027829
23/08/2018 13:42,201806,WESTERN EUROPE-EU,AUSTRIA,LEEDS BRADFORD,INNSBRUCK,581,0,581,0,0,0,0
23/08/2018 13:42,201806,WESTERN EUROPE-EU,AUSTRIA,LEEDS BRADFORD,SALZBURG,0,0,0,358,0,358,-100
23/08/2018 13:42,201806,WESTERN EUROPE-EU,AUSTRIA,MANCHESTER,INNSBRUCK,1575,0,1575,1265,0,1265,24.505929
23/08/2018 13:42,201806,WESTERN EUROPE-EU,AUSTRIA,MANCHESTER,SALZBURG,2728,0,2728,2556,0,2556,6.729264
23/08/2018 13:42,201806,WESTERN EUROPE-EU,AUSTRIA,MANCHESTER,VIENNA,9855,9716,139,9526,9526,0,3.453706
23/08/2018 13:42,201806,WESTERN EUROPE-EU,AUSTRIA,NEWCASTLE,SALZBURG,1407,1407,0,1289,1289,0,9.154383
23/08/2018 13:42,201806,WESTERN EUROPE-EU,BELGIUM,GATWICK,BRUSSELS,1148,1148,0,0,0,0,0
23/08/2018 13:42,201806,WESTERN EUROPE-EU,BELGIUM,HEATHROW,BRUSSELS,56169,56169,0,53079,53079,0,5.821511
23/08/2018 13:42,201806,WESTERN EUROPE-EU,BELGIUM,LONDON CITY,ANTWERP,3909,3909,0,4382,4382,0,-10.794158
23/08/2018 13:42,201806,WESTERN EUROPE-EU,BELGIUM,SOUTHEND,ANTWERP,1359,1359,0,0,0,0,0
23/08/2018 13:42,201806,WESTERN EUROPE-EU,BELGIUM,ABERDEEN,ANTWERP,264,264,0,0,0,0,0
23/08/2018 13:42,201806,WESTERN EUROPE-EU,BELGIUM,BIRMINGHAM,ANTWERP,486,486,0,0,0,0,0
23/08/2018 13:42,201806,WESTERN EUROPE-EU,BELGIUM,BIRMINGHAM,BRUSSELS,7173,7173,0,12286,12286,0,-41.616474
23/08/2018 13:42,201806,WESTERN EUROPE-EU,BELGIUM,BRISTOL,BRUSSELS,5307,5307,0,5842,5842,0,-9.157823
23/08/2018 13:42,201806,WESTERN EUROPE-EU,BELGIUM,EAST MIDLANDS INTERNATIONAL,BRUSSELS,2543,2543,0,2329,2329,0,9.188493
23/08/2018 13:42,201806,WESTERN EUROPE-EU,BELGIUM,EDINBURGH,BRUSSELS,12598,12598,0,9602,9602,0,31.201833
23/08/2018 13:42,201806,WESTERN EUROPE-EU,BELGIUM,EDINBURGH,CHARLEROI,7267,7267,0,7667,7667,0,-5.217164
23/08/2018 13:42,201806,WESTERN EUROPE-EU,BELGIUM,GLASGOW,ANTWERP,0,0,0,100,0,100,-100
23/08/2018 13:42,201806,WESTERN EUROPE-EU,BELGIUM,GLASGOW,CHARLEROI,2996,2996,0,2515,2515,0,19.125249
23/08/2018 13:42,201806,WESTERN EUROPE-EU,BELGIUM,ISLE OF MAN,LIEGE,0,0,0,29,0,29,-100
23/08/2018 13:42,201806,WESTERN EUROPE-EU,BELGIUM,MANCHESTER,BRUSSELS,19576,19576,0,18293,18293,0,7.013612
23/08/2018 13:42,201806,WESTERN EUROPE-EU,BELGIUM,MANCHESTER,CHARLEROI,15972,15972,0,15854,15854,0,0.744292
23/08/2018 13:42,201806,WESTERN EUROPE-EU,BELGIUM,NEWCASTLE,BRUSSELS,2478,2478,0,2438,2438,0,1.640689
23/08/2018 13:42,201806,WESTERN EUROPE-EU,BELGIUM,SOUTHAMPTON,OSTEND,0,0,0,44,0,44,-100
23/08/2018 13:42,201806,WESTERN EUROPE-EU,CROATIA,GATWICK,DUBROVNIK,33664,33369,295,37627,37627,0,-10.532331
23/08/2018 13:42,201806,WESTERN EUROPE-EU,CROATIA,GATWICK,PULA,8302,3377,4925,6031,2895,3136,37.655447
23/08/2018 13:42,201806,WESTERN EUROPE-EU,CROATIA,GATWICK,SPLIT,29898,26665,3233,25161,23341,1820,18.826756
23/08/2018 13:42,201806,WESTERN EUROPE-EU,CROATIA,GATWICK,ZAGREB,0,0,0,4146,4146,0,-100
23/08/2018 13:42,201806,WESTERN EUROPE-EU,CROATIA,HEATHROW,PULA,289,289,0,0,0,0,0
23/08/2018 13:42,201806,WESTERN EUROPE-EU,CROATIA,HEATHROW,RIJEKA,0,0,0,708,708,0,-100
23/08/2018 13:42,201806,WESTERN EUROPE-EU,CROATIA,HEATHROW,SPLIT,6280,6280,0,6613,6613,0,-5.035536
23/08/2018 13:42,201806,WESTERN EUROPE-EU,CROATIA,HEATHROW,ZAGREB,12581,12581,0,15543,15543,0,-19.05681
23/08/2018 13:42,201806,WESTERN EUROPE-EU,CROATIA,LUTON,DUBROVNIK,4462,4462,0,4264,4264,0,4.643527
23/08/2018 13:42,201806,WESTERN EUROPE-EU,CROATIA,LUTON,SPLIT,17756,17756,0,10763,10763,0,64.972591
23/08/2018 13:42,201806,WESTERN EUROPE-EU,CROATIA,LUTON,ZADAR,2681,2681,0,2316,2316,0,15.759931
23/08/2018 13:42,201806,WESTERN EUROPE-EU,CROATIA,SOUTHEND,DUBROVNIK,1711,1711,0,1042,1042,0,64.203455
23/08/2018 13:42,201806,WESTERN EUROPE-EU,CROATIA,SOUTHEND,ZADAR,1127,1127,0,1059,1059,0,6.421152
23/08/2018 13:42,201806,WESTERN EUROPE-EU,CROATIA,STANSTED,DUBROVNIK,13595,13595,0,12421,12421,0,9.451735
23/08/2018 13:42,201806,WESTERN EUROPE-EU,CROATIA,STANSTED,PULA,4263,4263,0,5190,5190,0,-17.861272
23/08/2018 13:42,201806,WESTERN EUROPE-EU,CROATIA,STANSTED,RIJEKA,0,0,0,2534,2534,0,-100
23/08/2018 13:42,201806,WESTERN EUROPE-EU,CROATIA,STANSTED,SPLIT,7627,7627,0,4934,4934,0,54.580462
23/08/2018 13:42,201806,WESTERN EUROPE-EU,CROATIA,STANSTED,ZADAR,5201,4255,946,6904,5930,974,-24.66686
23/08/2018 13:42,201806,WESTERN EUROPE-EU,CROATIA,BELFAST INTERNATIONAL,DUBROVNIK,1658,1658,0,3138,3138,0,-47.163799
23/08/2018 13:42,201806,WESTERN EUROPE-EU,CROATIA,BELFAST INTERNATIONAL,SPLIT,2499,2499,0,2273,2273,0,9.942807
23/08/2018 13:42,201806,WESTERN EUROPE-EU,CROATIA,BIRMINGHAM,DUBROVNIK,6052,6052,0,8466,8466,0,-28.514056
23/08/2018 13:42,201806,WESTERN EUROPE-EU,CROATIA,BIRMINGHAM,PULA,3179,0,3179,2978,0,2978,6.749496
23/08/2018 13:42,201806,WESTERN EUROPE-EU,CROATIA,BIRMINGHAM,SPLIT,2668,2668,0,408,408,0,553.921569
23/08/2018 13:42,201806,WESTERN EUROPE-EU,CROATIA,BRISTOL,DUBROVNIK,5729,5729,0,4708,4708,0,21.686491
23/08/2018 13:42,201806,WESTERN EUROPE-EU,CROATIA,BRISTOL,PULA,6685,3201,3484,4698,1328,3370,42.294593
23/08/2018 13:42,201806,WESTERN EUROPE-EU,CROATIA,BRISTOL,SPLIT,6964,6964,0,5545,5545,0,25.590622
23/08/2018 13:42,201806,WESTERN EUROPE-EU,CROATIA,BRISTOL,ZADAR,0,0,0,2721,2721,0,-100
23/08/2018 13:42,201806,WESTERN EUROPE-EU,CROATIA,DONCASTER SHEFFIELD,DUBROVNIK,1417,1417,0,1872,1872,0,-24.305556
23/08/2018 13:42,201806,WESTERN EUROPE-EU,CROATIA,EAST MIDLANDS INTERNATIONAL,DUBROVNIK,4002,4002,0,2562,2562,0,56.206089
23/08/2018 13:42,201806,WESTERN EUROPE-EU,CROATIA,EAST MIDLANDS INTERNATIONAL,PULA,1357,0,1357,1389,0,1389,-2.303816
23/08/2018 13:42,201806,WESTERN EUROPE-EU,CROATIA,EAST MIDLANDS INTERNATIONAL,SPLIT,2182,2182,0,1277,1277,0,70.869225
23/08/2018 13:42,201806,WESTERN EUROPE-EU,CROATIA,EDINBURGH,DUBROVNIK,5992,5992,0,6887,6887,0,-12.995499
23/08/2018 13:42,201806,WESTERN EUROPE-EU,CROATIA,EDINBURGH,PULA,3629,2460,1169,3323,2132,1191,9.208546
23/08/2018 13:42,201806,WESTERN EUROPE-EU,CROATIA,EDINBURGH,SPLIT,2211,2211,0,2389,2389,0,-7.450816
23/08/2018 13:42,201806,WESTERN EUROPE-EU,CROATIA,GLASGOW,DUBROVNIK,2949,1422,1527,3446,1397,2049,-14.422519
23/08/2018 13:42,201806,WESTERN EUROPE-EU,CROATIA,GLASGOW,SPLIT,2863,2863,0,2622,2525,97,9.191457
23/08/2018 13:42,201806,WESTERN EUROPE-EU,CROATIA,LEEDS BRADFORD,DUBROVNIK,2765,2765,0,3081,3081,0,-10.25641
23/08/2018 13:42,201806,WESTERN EUROPE-EU,CROATIA,LEEDS BRADFORD,PULA,2168,2168,0,2002,2002,0,8.291708
23/08/2018 13:42,201806,WESTERN EUROPE-EU,CROATIA,LEEDS BRADFORD,SPLIT,2495,2495,0,2145,2145,0,16.317016
23/08/2018 13:42,201806,WESTERN EUROPE-EU,CROATIA,LIVERPOOL (JOHN LENNON),PULA,43,0,43,0,0,0,0
23/08/2018 13:42,201806,WESTERN EUROPE-EU,CROATIA,LIVERPOOL (JOHN LENNON),RIJEKA,43,0,43,0,0,0,0
23/08/2018 13:42,201806,WESTERN EUROPE-EU,CROATIA,LIVERPOOL (JOHN LENNON),ZAGREB,501,0,501,0,0,0,0
23/08/2018 13:42,201806,WESTERN EUROPE-EU,CROATIA,MANCHESTER,DUBROVNIK,17005,17005,0,15484,15484,0,9.823043
23/08/2018 13:42,201806,WESTERN EUROPE-EU,CROATIA,MANCHESTER,PULA,7689,4166,3523,7301,4010,3291,5.314341
23/08/2018 13:42,201806,WESTERN EUROPE-EU,CROATIA,MANCHESTER,SPLIT,17238,14070,3168,12256,10660,1596,40.649478
23/08/2018 13:42,201806,WESTERN EUROPE-EU,CROATIA,MANCHESTER,ZADAR,3790,3170,620,0,0,0,0
23/08/2018 13:42,201806,WESTERN EUROPE-EU,CROATIA,MANCHESTER,ZAGREB,0,0,0,1959,1959,0,-100
23/08/2018 13:42,201806,WESTERN EUROPE-EU,CROATIA,NEWCASTLE,DUBROVNIK,3713,3713,0,2446,2446,0,51.798855
23/08/2018 13:42,201806,WESTERN EUROPE-EU,CROATIA,NEWCASTLE,SPLIT,498,498,0,481,481,0,3.534304
23/08/2018 13:42,201806,WESTERN EUROPE-EU,CYPRUS,GATWICK,LARNACA,40749,32005,8744,36512,27071,9441,11.604404
23/08/2018 13:42,201806,WESTERN EUROPE-EU,CYPRUS,GATWICK,PAPHOS,44079,32356,11723,46069,35274,10795,-4.319608
23/08/2018 13:42,201806,WESTERN EUROPE-EU,CYPRUS,HEATHROW,LARNACA,29233,29233,0,28970,28970,0,0.907836
23/08/2018 13:42,201806,WESTERN EUROPE-EU,CYPRUS,LUTON,LARNACA,18604,17166,1438,9961,8459,1502,86.768397
23/08/2018 13:42,201806,WESTERN EUROPE-EU,CYPRUS,LUTON,PAPHOS,11024,7655,3369,12450,7611,4839,-11.453815
23/08/2018 13:42,201806,WESTERN EUROPE-EU,CYPRUS,STANSTED,LARNACA,12409,10893,1516,7959,6484,1475,55.911547
23/08/2018 13:42,201806,WESTERN EUROPE-EU,CYPRUS,STANSTED,PAPHOS,21923,18767,3156,16307,13428,2879,34.439198
23/08/2018 13:42,201806,WESTERN EUROPE-EU,CYPRUS,BELFAST INTERNATIONAL,LARNACA,2953,0,2953,3147,0,3147,-6.164601
23/08/2018 13:42,201806,WESTERN EUROPE-EU,CYPRUS,BELFAST INTERNATIONAL,PAPHOS,1381,1381,0,0,0,0,0
23/08/2018 13:42,201806,WESTERN EUROPE-EU,CYPRUS,BIRMINGHAM,LARNACA,16094,11262,4832,19506,15841,3665,-17.492054
23/08/2018 13:42,201806,WESTERN EUROPE-EU,CYPRUS,BIRMINGHAM,PAPHOS,12395,5747,6648,13695,8812,4883,-9.492516
23/08/2018 13:42,201806,WESTERN EUROPE-EU,CYPRUS,BOURNEMOUTH,PAPHOS,1495,0,1495,1470,0,1470,1.70068
23/08/2018 13:42,201806,WESTERN EUROPE-EU,CYPRUS,BRISTOL,LARNACA,6297,3118,3179,6730,3449,3281,-6.433878
23/08/2018 13:42,201806,WESTERN EUROPE-EU,CYPRUS,BRISTOL,PAPHOS,9939,6476,3463,7475,4024,3451,32.963211
23/08/2018 13:42,201806,WESTERN EUROPE-EU,CYPRUS,CARDIFF WALES,LARNACA,2887,0,2887,2775,0,2775,4.036036
23/08/2018 13:42,201806,WESTERN EUROPE-EU,CYPRUS,CARDIFF WALES,PAPHOS,1519,0,1519,2058,360,1698,-26.190476
23/08/2018 13:42,201806,WESTERN EUROPE-EU,CYPRUS,DONCASTER SHEFFIELD,LARNACA,1526,0,1526,1651,0,1651,-7.571169
23/08/2018 13:42,201806,WESTERN EUROPE-EU,CYPRUS,DONCASTER SHEFFIELD,PAPHOS,2874,0,2874,2970,0,2970,-3.232323
23/08/2018 13:42,201806,WESTERN EUROPE-EU,CYPRUS,EAST MIDLANDS INTERNATIONAL,LARNACA,5972,4680,1292,5552,4107,1445,7.564841
23/08/2018 13:42,201806,WESTERN EUROPE-EU,CYPRUS,EAST MIDLANDS INTERNATIONAL,PAPHOS,9511,6356,3155,8650,5742,2908,9.953757
23/08/2018 13:42,201806,WESTERN EUROPE-EU,CYPRUS,EDINBURGH,LARNACA,2662,1434,1228,2362,1348,1014,12.701101
23/08/2018 13:42,201806,WESTERN EUROPE-EU,CYPRUS,EDINBURGH,PAPHOS,7260,5850,1410,5654,4384,1270,28.404669
23/08/2018 13:42,201806,WESTERN EUROPE-EU,CYPRUS,EXETER,LARNACA,1437,0,1437,1220,0,1220,17.786885
23/08/2018 13:42,201806,WESTERN EUROPE-EU,CYPRUS,EXETER,PAPHOS,1691,0,1691,1457,0,1457,16.060398
23/08/2018 13:42,201806,WESTERN EUROPE-EU,CYPRUS,GLASGOW,LARNACA,5904,4470,1434,5736,4524,1212,2.92887
23/08/2018 13:42,201806,WESTERN EUROPE-EU,CYPRUS,GLASGOW,PAPHOS,4604,3009,1595,5727,2902,2825,-19.60887
23/08/2018 13:42,201806,WESTERN EUROPE-EU,CYPRUS,LEEDS BRADFORD,LARNACA,6287,6287,0,7397,7397,0,-15.006084
23/08/2018 13:42,201806,WESTERN EUROPE-EU,CYPRUS,LEEDS BRADFORD,PAPHOS,7185,6258,927,6151,4787,1364,16.810275
23/08/2018 13:42,201806,WESTERN EUROPE-EU,CYPRUS,LIVERPOOL (JOHN LENNON),LARNACA,3093,3093,0,2771,2771,0,11.620354
23/08/2018 13:42,201806,WESTERN EUROPE-EU,CYPRUS,MANCHESTER,LARNACA,22796,14469,8327,23005,14425,8580,-0.908498
23/08/2018 13:42,201806,WESTERN EUROPE-EU,CYPRUS,MANCHESTER,PAPHOS,34792,24198,10594,36566,24870,11696,-4.851501
23/08/2018 13:42,201806,WESTERN EUROPE-EU,CYPRUS,NEWCASTLE,LARNACA,9275,9275,0,7289,7289,0,27.246536
23/08/2018 13:42,201806,WESTERN EUROPE-EU,CYPRUS,NEWCASTLE,PAPHOS,5821,5821,0,7045,7045,0,-17.374024
23/08/2018 13:42,201806,WESTERN EUROPE-EU,CYPRUS,NORWICH,PAPHOS,1416,0,1416,1737,0,1737,-18.480138
23/08/2018 13:42,201806,WESTERN EUROPE-EU,DENMARK,GATWICK,AALBORG,2442,2442,0,3606,3606,0,-32.279534
23/08/2018 13:42,201806,WESTERN EUROPE-EU,DENMARK,GATWICK,COPENHAGEN,68160,68160,0,70045,70045,0,-2.691127
23/08/2018 13:42,201806,WESTERN EUROPE-EU,DENMARK,HEATHROW,BILLUND,10255,10255,0,11461,11461,0,-10.522642
23/08/2018 13:42,201806,WESTERN EUROPE-EU,DENMARK,HEATHROW,COPENHAGEN,91316,91316,0,89107,89107,0,2.479042
23/08/2018 13:42,201806,WESTERN EUROPE-EU,DENMARK,LONDON CITY,BILLUND,1889,1889,0,2070,2070,0,-8.743961
23/08/2018 13:42,201806,WESTERN EUROPE-EU,DENMARK,LUTON,COPENHAGEN,10412,10412,0,10373,10361,12,0.375976
23/08/2018 13:42,201806,WESTERN EUROPE-EU,DENMARK,STANSTED,AALBORG,4956,4956,0,0,0,0,0
23/08/2018 13:42,201806,WESTERN EUROPE-EU,DENMARK,STANSTED,AARHUS (TIRSTRUP),9463,9463,0,9395,9395,0,0.723789
23/08/2018 13:42,201806,WESTERN EUROPE-EU,DENMARK,STANSTED,BILLUND,17132,17132,0,17317,17317,0,-1.068314
23/08/2018 13:42,201806,WESTERN EUROPE-EU,DENMARK,STANSTED,COPENHAGEN,31273,31273,0,29918,29918,0,4.529046
23/08/2018 13:42,201806,WESTERN EUROPE-EU,DENMARK,ABERDEEN,COPENHAGEN,2526,2526,0,2161,2161,0,16.890329
23/08/2018 13:42,201806,WESTERN EUROPE-EU,DENMARK,ABERDEEN,ESBJERG,1096,1096,0,924,924,0,18.614719
23/08/2018 13:42,201806,WESTERN EUROPE-EU,DENMARK,BIRMINGHAM,COPENHAGEN,7042,7042,0,7344,7344,0,-4.1122
23/08/2018 13:42,201806,WESTERN EUROPE-EU,DENMARK,BRISTOL,COPENHAGEN,5403,5403,0,2782,2782,0,94.212797
23/08/2018 13:42,201806,WESTERN EUROPE-EU,DENMARK,CITY OF DERRY (EGLINTON),KARUP,0,0,0,130,0,130,-100
23/08/2018 13:42,201806,WESTERN EUROPE-EU,DENMARK,EDINBURGH,COPENHAGEN,23472,23472,0,20951,20951,0,12.032839
23/08/2018 13:42,201806,WESTERN EUROPE-EU,DENMARK,MANCHESTER,AARHUS (TIRSTRUP),33,0,33,0,0,0,0
23/08/2018 13:42,201806,WESTERN EUROPE-EU,DENMARK,MANCHESTER,BILLUND,2102,2102,0,2259,2259,0,-6.949978
23/08/2018 13:42,201806,WESTERN EUROPE-EU,DENMARK,MANCHESTER,COPENHAGEN,29787,29787,0,27087,27087,0,9.967881
23/08/2018 13:42,201806,WESTERN EUROPE-EU,DENMARK,MANCHESTER,KARUP,0,0,0,29,0,29,-100
23/08/2018 13:42,201806,WESTERN EUROPE-EU,DENMARK,NEWCASTLE,COPENHAGEN,0,0,0,1132,1098,34,-100
23/08/2018 13:42,201806,WESTERN EUROPE-EU,FINLAND,GATWICK,HELSINKI,19770,19770,0,19927,19927,0,-0.787876
23/08/2018 13:42,201806,WESTERN EUROPE-EU,FINLAND,HEATHROW,HELSINKI,73997,73997,0,67609,67609,0,9.448446
23/08/2018 13:42,201806,WESTERN EUROPE-EU,FINLAND,LUTON,SEINAJOKI,0,0,0,42,0,42,-100
23/08/2018 13:42,201806,WESTERN EUROPE-EU,FINLAND,STANSTED,TAMPERE,0,0,0,98,0,98,-100
23/08/2018 13:42,201806,WESTERN EUROPE-EU,FINLAND,EDINBURGH,HELSINKI,6461,6461,0,4225,4225,0,52.923077
23/08/2018 13:42,201806,WESTERN EUROPE-EU,FINLAND,MANCHESTER,HELSINKI,11454,11454,0,10995,10966,29,4.174625
23/08/2018 13:42,201806,WESTERN EUROPE-EU,FRANCE,GATWICK,AJACCIO,818,818,0,1251,1251,0,-34.61231
23/08/2018 13:42,201806,WESTERN EUROPE-EU,FRANCE,GATWICK,BASTIA,1200,1200,0,1263,1263,0,-4.988124
23/08/2018 13:42,201806,WESTERN EUROPE-EU,FRANCE,GATWICK,BIARRITZ,3476,3476,0,3036,3036,0,14.492754
23/08/2018 13:42,201806,WESTERN EUROPE-EU,FRANCE,GATWICK,BORDEAUX,31847,31847,0,30260,30260,0,5.244547
23/08/2018 13:42,201806,WESTERN EUROPE-EU,FRANCE,GATWICK,CHATEAUROUX DEOLS,0,0,0,1,0,1,-100
23/08/2018 13:42,201806,WESTERN EUROPE-EU,FRANCE,GATWICK,FIGARI,1187,1187,0,1079,1079,0,10.009268
23/08/2018 13:42,201806,WESTERN EUROPE-EU,FRANCE,GATWICK,LA ROCHELLE,5547,5547,0,5727,5727,0,-3.143007
23/08/2018 13:42,201806,WESTERN EUROPE-EU,FRANCE,GATWICK,LIMOGES,2612,2612,0,2991,2991,0,-12.671347
23/08/2018 13:42,201806,WESTERN EUROPE-EU,FRANCE,GATWICK,LYON,16196,16196,0,15425,15425,0,4.998379
23/08/2018 13:42,201806,WESTERN EUROPE-EU,FRANCE,GATWICK,MARSEILLE,13996,13996,0,17872,17872,0,-21.687556
23/08/2018 13:42,201806,WESTERN EUROPE-EU,FRANCE,GATWICK,MONTPELLIER,15297,15297,0,16253,16253,0,-5.881991
23/08/2018 13:42,201806,WESTERN EUROPE-EU,FRANCE,GATWICK,NANTES,16685,16685,0,14828,14828,0,12.523604
23/08/2018 13:42,201806,WESTERN EUROPE-EU,FRANCE,GATWICK,NICE,68774,68774,0,69100,69100,0,-0.47178
23/08/2018 13:42,201806,WESTERN EUROPE-EU,FRANCE,GATWICK,PARIS (CHARLES DE GAULLE),41599,41599,0,40899,40899,0,1.711533
23/08/2018 13:42,201806,WESTERN EUROPE-EU,FRANCE,GATWICK,RENNES,0,0,0,1006,1006,0,-100
23/08/2018 13:42,201806,WESTERN EUROPE-EU,FRANCE,GATWICK,TOULOUSE (BLAGNAC),27022,27022,0,26380,26380,0,2.433662
23/08/2018 13:42,201806,WESTERN EUROPE-EU,FRANCE,HEATHROW,BASTIA,1250,0,1250,1058,0,1058,18.147448
23/08/2018 13:42,201806,WESTERN EUROPE-EU,FRANCE,HEATHROW,BIARRITZ,0,0,0,820,820,0,-100
23/08/2018 13:42,201806,WESTERN EUROPE-EU,FRANCE,HEATHROW,FIGARI,1780,869,911,1154,0,1154,54.246101
23/08/2018 13:42,201806,WESTERN EUROPE-EU,FRANCE,HEATHROW,LYON,22595,22595,0,20080,20080,0,12.5249
23/08/2018 13:42,201806,WESTERN EUROPE-EU,FRANCE,HEATHROW,MARSEILLE,24805,24805,0,21456,21456,0,15.608688
23/08/2018 13:42,201806,WESTERN EUROPE-EU,FRANCE,HEATHROW,MONTPELLIER,0,0,0,1228,1228,0,-100
23/08/2018 13:42,201806,WESTERN EUROPE-EU,FRANCE,HEATHROW,NANTES,0,0,0,1051,1051,0,-100
23/08/2018 13:42,201806,WESTERN EUROPE-EU,FRANCE,HEATHROW,NICE,65046,65046,0,55914,55914,0,16.332224
23/08/2018 13:42,201806,WESTERN EUROPE-EU,FRANCE,HEATHROW,PARIS (CHARLES DE GAULLE),111699,111699,0,104777,104777,0,6.606412
23/08/2018 13:42,201806,WESTERN EUROPE-EU,FRANCE,HEATHROW,PARIS (ORLY),0,0,0,26308,26308,0,-100
23/08/2018 13:42,201806,WESTERN EUROPE-EU,FRANCE,HEATHROW,TOULOUSE (BLAGNAC),21694,21694,0,19783,19783,0,9.659809
23/08/2018 13:42,201806,WESTERN EUROPE-EU,FRANCE,LONDON CITY,AVIGNON,0,0,0,839,839,0,-100
23/08/2018 13:42,201806,WESTERN EUROPE-EU,FRANCE,LONDON CITY,BERGERAC,1750,1750,0,1598,1598,0,9.51189
23/08/2018 13:42,201806,WESTERN EUROPE-EU,FRANCE,LONDON CITY,NICE,4857,4857,0,4775,4775,0,1.717277
23/08/2018 13:42,201806,WESTERN EUROPE-EU,FRANCE,LONDON CITY,PARIS (ORLY),9022,9022,0,0,0,0,0
23/08/2018 13:42,201806,WESTERN EUROPE-EU,FRANCE,LONDON CITY,QUIMPER,1370,1370,0,1285,1285,0,6.614786
23/08/2018 13:42,201806,WESTERN EUROPE-EU,FRANCE,LONDON CITY,TOULON / HYERES,0,0,0,1372,1372,0,-100
23/08/2018 13:42,201806,WESTERN EUROPE-EU,FRANCE,LUTON,BEZIERS,4105,4105,0,3958,3958,0,3.713997
23/08/2018 13:42,201806,WESTERN EUROPE-EU,FRANCE,LUTON,BIARRITZ,387,387,0,119,119,0,225.210084
23/08/2018 13:42,201806,WESTERN EUROPE-EU,FRANCE,LUTON,BORDEAUX,9038,9038,0,8255,8255,0,9.485161
23/08/2018 13:42,201806,WESTERN EUROPE-EU,FRANCE,LUTON,LILLE,0,0,0,39,0,39,-100
23/08/2018 13:42,201806,WESTERN EUROPE-EU,FRANCE,LUTON,LYON,6343,6343,0,7089,7089,0,-10.523346
23/08/2018 13:42,201806,WESTERN EUROPE-EU,FRANCE,LUTON,MARSEILLE,3722,3722,0,3359,3359,0,10.806788
23/08/2018 13:42,201806,WESTERN EUROPE-EU,FRANCE,LUTON,MONTPELLIER,724,724,0,2123,2123,0,-65.897315
23/08/2018 13:42,201806,WESTERN EUROPE-EU,FRANCE,LUTON,NANTES,4236,4236,0,3879,3858,21,9.203403
23/08/2018 13:42,201806,WESTERN EUROPE-EU,FRANCE,LUTON,NICE,20652,20652,0,20532,20532,0,0.584454
23/08/2018 13:42,201806,WESTERN EUROPE-EU,FRANCE,LUTON,NIMES,4224,4224,0,3664,3664,0,15.283843
23/08/2018 13:42,201806,WESTERN EUROPE-EU,FRANCE,LUTON,PARIS (CHARLES DE GAULLE),24953,24953,0,24545,24545,0,1.662253
23/08/2018 13:42,201806,WESTERN EUROPE-EU,FRANCE,LUTON,PARIS (ORLY),0,0,0,1182,1182,0,-100
23/08/2018 13:42,201806,WESTERN EUROPE-EU,FRANCE,LUTON,TOULOUSE (BLAGNAC),5674,5674,0,4455,4455,0,27.362514
23/08/2018 13:42,201806,WESTERN EUROPE-EU,FRANCE,SOUTHEND,CAEN,1419,1419,0,1489,1489,0,-4.701142
23/08/2018 13:42,201806,WESTERN EUROPE-EU,FRANCE,SOUTHEND,CHATEAUROUX DEOLS,120,120,0,0,0,0,0
23/08/2018 13:42,201806,WESTERN EUROPE-EU,FRANCE,SOUTHEND,LYON,3632,3632,0,1754,1754,0,107.069555
23/08/2018 13:42,201806,WESTERN EUROPE-EU,FRANCE,SOUTHEND,PARIS (CHARLES DE GAULLE),4731,4731,0,3691,3691,0,28.176646
23/08/2018 13:42,201806,WESTERN EUROPE-EU,FRANCE,SOUTHEND,PERPIGNAN,0,0,0,718,718,0,-100
23/08/2018 13:42,201806,WESTERN EUROPE-EU,FRANCE,SOUTHEND,RENNES,3360,3360,0,3984,3984,0,-15.662651
23/08/2018 13:42,201806,WESTERN EUROPE-EU,FRANCE,STANSTED,AJACCIO,3334,3334,0,0,0,0,0
23/08/2018 13:42,201806,WESTERN EUROPE-EU,FRANCE,STANSTED,BASTIA,2929,2929,0,0,0,0,0
23/08/2018 13:42,201806,WESTERN EUROPE-EU,FRANCE,STANSTED,BERGERAC,9932,9932,0,10080,10080,0,-1.468254
23/08/2018 13:42,201806,WESTERN EUROPE-EU,FRANCE,STANSTED,BEZIERS,4187,4187,0,0,0,0,0
23/08/2018 13:42,201806,WESTERN EUROPE-EU,FRANCE,STANSTED,BIARRITZ,10471,10471,0,10215,10215,0,2.506118
23/08/2018 13:42,201806,WESTERN EUROPE-EU,FRANCE,STANSTED,BORDEAUX,8573,8573,0,4061,4061,0,111.105639
23/08/2018 13:42,201806,WESTERN EUROPE-EU,FRANCE,STANSTED,BRIVE-LA-GAILLARDE,2677,2677,0,2239,2239,0,19.562305
23/08/2018 13:42,201806,WESTERN EUROPE-EU,FRANCE,STANSTED,CALVI,831,0,831,767,0,767,8.344198
23/08/2018 13:42,201806,WESTERN EUROPE-EU,FRANCE,STANSTED,CARCASSONNE,9853,9853,0,9744,9744,0,1.118637
23/08/2018 13:42,201806,WESTERN EUROPE-EU,FRANCE,STANSTED,CLERMONT FERRAND,2724,2724,0,0,0,0,0
23/08/2018 13:42,201806,WESTERN EUROPE-EU,FRANCE,STANSTED,DEAUVILLE,0,0,0,2391,2391,0,-100
23/08/2018 13:42,201806,WESTERN EUROPE-EU,FRANCE,STANSTED,DINARD,6819,6819,0,8047,8047,0,-15.260345
23/08/2018 13:42,201806,WESTERN EUROPE-EU,FRANCE,STANSTED,FIGARI,1126,1126,0,0,0,0,0
23/08/2018 13:42,201806,WESTERN EUROPE-EU,FRANCE,STANSTED,GRENOBLE,2983,2983,0,0,0,0,0
23/08/2018 13:42,201806,WESTERN EUROPE-EU,FRANCE,STANSTED,LA ROCHELLE,6583,6583,0,5404,5404,0,21.817172
23/08/2018 13:42,201806,WESTERN EUROPE-EU,FRANCE,STANSTED,LIMOGES,8807,8807,0,8758,8758,0,0.559488
23/08/2018 13:42,201806,WESTERN EUROPE-EU,FRANCE,STANSTED,MARSEILLE,13378,13378,0,12994,12994,0,2.95521
23/08/2018 13:42,201806,WESTERN EUROPE-EU,FRANCE,STANSTED,NICE,24761,24761,0,7978,7978,0,210.366007
23/08/2018 13:42,201806,WESTERN EUROPE-EU,FRANCE,STANSTED,NIMES,5515,5515,0,4697,4697,0,17.415372
23/08/2018 13:42,201806,WESTERN EUROPE-EU,FRANCE,STANSTED,PERPIGNAN,6557,6557,0,5725,5725,0,14.532751
23/08/2018 13:42,201806,WESTERN EUROPE-EU,FRANCE,STANSTED,POITIERS,7134,7134,0,6958,6958,0,2.529462
23/08/2018 13:42,201806,WESTERN EUROPE-EU,FRANCE,STANSTED,STRASBOURG,2159,2159,0,2160,2160,0,-0.046296
23/08/2018 13:42,201806,WESTERN EUROPE-EU,FRANCE,STANSTED,TARBES-LOURDES INTERNATIONAL,6354,5964,390,4744,4321,423,33.937605
23/08/2018 13:42,201806,WESTERN EUROPE-EU,FRANCE,STANSTED,TOULON / HYERES,245,0,245,0,0,0,0
23/08/2018 13:42,201806,WESTERN EUROPE-EU,FRANCE,STANSTED,TOULOUSE (BLAGNAC),13592,13592,0,12568,12568,0,8.147677
23/08/2018 13:42,201806,WESTERN EUROPE-EU,FRANCE,STANSTED,TOURS,3361,3361,0,3318,3318,0,1.295961
23/08/2018 13:42,201806,WESTERN EUROPE-EU,FRANCE,ABERDEEN,PARIS (CHARLES DE GAULLE),8125,8125,0,7346,7346,0,10.604411
23/08/2018 13:42,201806,WESTERN EUROPE-EU,FRANCE,BELFAST INTERNATIONAL,BORDEAUX,2426,2426,0,1347,1347,0,80.103935
23/08/2018 13:42,201806,WESTERN EUROPE-EU,FRANCE,BELFAST INTERNATIONAL,NICE,3936,3936,0,3661,3661,0,7.511609
23/08/2018 13:42,201806,WESTERN EUROPE-EU,FRANCE,BELFAST INTERNATIONAL,PARIS (CHARLES DE GAULLE),8112,8112,0,7265,7265,0,11.658637
23/08/2018 13:42,201806,WESTERN EUROPE-EU,FRANCE,BELFAST INTERNATIONAL,TARBES-LOURDES INTERNATIONAL,398,0,398,244,0,244,63.114754
23/08/2018 13:42,201806,WESTERN EUROPE-EU,FRANCE,BIRMINGHAM,AVIGNON,660,660,0,534,534,0,23.595506
23/08/2018 13:42,201806,WESTERN EUROPE-EU,FRANCE,BIRMINGHAM,BASTIA,475,475,0,438,438,0,8.447489
23/08/2018 13:42,201806,WESTERN EUROPE-EU,FRANCE,BIRMINGHAM,BERGERAC,2284,2284,0,2036,2036,0,12.180747
23/08/2018 13:42,201806,WESTERN EUROPE-EU,FRANCE,BIRMINGHAM,BIARRITZ,1595,1595,0,1265,1265,0,26.086957
23/08/2018 13:42,201806,WESTERN EUROPE-EU,FRANCE,BIRMINGHAM,BORDEAUX,2867,2867,0,2977,2977,0,-3.694995
23/08/2018 13:42,201806,WESTERN EUROPE-EU,FRANCE,BIRMINGHAM,BREST,88,88,0,0,0,0,0
23/08/2018 13:42,201806,WESTERN EUROPE-EU,FRANCE,BIRMINGHAM,CAEN,0,0,0,45,0,45,-100
23/08/2018 13:42,201806,WESTERN EUROPE-EU,FRANCE,BIRMINGHAM,LA ROCHELLE,1039,1039,0,808,808,0,28.589109
23/08/2018 13:42,201806,WESTERN EUROPE-EU,FRANCE,BIRMINGHAM,LIMOGES,0,0,0,636,636,0,-100
23/08/2018 13:42,201806,WESTERN EUROPE-EU,FRANCE,BIRMINGHAM,LYON,4054,4054,0,4160,4160,0,-2.548077
23/08/2018 13:42,201806,WESTERN EUROPE-EU,FRANCE,BIRMINGHAM,NANTES,2313,2313,0,2123,2123,0,8.9496
23/08/2018 13:42,201806,WESTERN EUROPE-EU,FRANCE,BIRMINGHAM,NICE,0,0,0,3189,3189,0,-100
23/08/2018 13:42,201806,WESTERN EUROPE-EU,FRANCE,BIRMINGHAM,PARIS (CHARLES DE GAULLE),35433,35433,0,32691,32691,0,8.38763
23/08/2018 13:42,201806,WESTERN EUROPE-EU,FRANCE,BIRMINGHAM,PARIS (ORLY),0,0,0,4931,4931,0,-100
23/08/2018 13:42,201806,WESTERN EUROPE-EU,FRANCE,BIRMINGHAM,PERPIGNAN,3100,3100,0,2600,2600,0,19.230769
23/08/2018 13:42,201806,WESTERN EUROPE-EU,FRANCE,BIRMINGHAM,RENNES,0,0,0,1054,1054,0,-100
23/08/2018 13:42,201806,WESTERN EUROPE-EU,FRANCE,BIRMINGHAM,TARBES-LOURDES INTERNATIONAL,363,0,363,340,0,340,6.764706
23/08/2018 13:42,201806,WESTERN EUROPE-EU,FRANCE,BIRMINGHAM,TOULOUSE (BLAGNAC),0,0,0,3439,3439,0,-100
23/08/2018 13:42,201806,WESTERN EUROPE-EU,FRANCE,BOURNEMOUTH,NANTES,0,0,0,147,0,147,-100
23/08/2018 13:42,201806,WESTERN EUROPE-EU,FRANCE,BRISTOL,BASTIA,0,0,0,265,0,265,-100
23/08/2018 13:42,201806,WESTERN EUROPE-EU,FRANCE,BRISTOL,BERGERAC,0,0,0,2629,2629,0,-100
23/08/2018 13:42,201806,WESTERN EUROPE-EU,FRANCE,BRISTOL,BEZIERS,4594,4594,0,4645,4645,0,-1.097955
23/08/2018 13:42,201806,WESTERN EUROPE-EU,FRANCE,BRISTOL,BORDEAUX,6659,6659,0,5943,5943,0,12.047787
23/08/2018 13:42,201806,WESTERN EUROPE-EU,FRANCE,BRISTOL,LA ROCHELLE,534,534,0,1069,1069,0,-50.046773
23/08/2018 13:42,201806,WESTERN EUROPE-EU,FRANCE,BRISTOL,LIMOGES,3108,3108,0,3170,3170,0,-1.955836
23/08/2018 13:42,201806,WESTERN EUROPE-EU,FRANCE,BRISTOL,MARSEILLE,1894,1894,0,3191,3191,0,-40.645566
23/08/2018 13:42,201806,WESTERN EUROPE-EU,FRANCE,BRISTOL,NANTES,1927,1927,0,1825,1825,0,5.589041
23/08/2018 13:42,201806,WESTERN EUROPE-EU,FRANCE,BRISTOL,NICE,13280,13280,0,12796,12796,0,3.782432
23/08/2018 13:42,201806,WESTERN EUROPE-EU,FRANCE,BRISTOL,PARIS (CHARLES DE GAULLE),13225,13225,0,13056,13056,0,1.294424
23/08/2018 13:42,201806,WESTERN EUROPE-EU,FRANCE,BRISTOL,TOULOUSE (BLAGNAC),11980,10045,1935,11032,9209,1823,8.593183
23/08/2018 13:42,201806,WESTERN EUROPE-EU,FRANCE,CARDIFF WALES,LYON,0,0,0,276,0,276,-100
23/08/2018 13:42,201806,WESTERN EUROPE-EU,FRANCE,CARDIFF WALES,PARIS (CHARLES DE GAULLE),7095,7095,0,5162,4890,272,37.446726
23/08/2018 13:42,201806,WESTERN EUROPE-EU,FRANCE,CARDIFF WALES,PARIS (LE BOURGET),0,0,0,36,0,36,-100
23/08/2018 13:42,201806,WESTERN EUROPE-EU,FRANCE,CARDIFF WALES,PARIS (ORLY),0,0,0,274,0,274,-100
23/08/2018 13:42,201806,WESTERN EUROPE-EU,FRANCE,DONCASTER SHEFFIELD,NICE,13,0,13,0,0,0,0
23/08/2018 13:42,201806,WESTERN EUROPE-EU,FRANCE,DONCASTER SHEFFIELD,PARIS (CHARLES DE GAULLE),2907,2907,0,3544,3544,0,-17.974041
23/08/2018 13:42,201806,WESTERN EUROPE-EU,FRANCE,DURHAM TEES VALLEY,TARBES-LOURDES INTERNATIONAL,371,0,371,379,0,379,-2.110818
23/08/2018 13:42,201806,WESTERN EUROPE-EU,FRANCE,EAST MIDLANDS INTERNATIONAL,AUXERRE,0,0,0,17,0,17,-100
23/08/2018 13:42,201806,WESTERN EUROPE-EU,FRANCE,EAST MIDLANDS INTERNATIONAL,BERGERAC,2778,2778,0,2601,2601,0,6.805075
23/08/2018 13:42,201806,WESTERN EUROPE-EU,FRANCE,EAST MIDLANDS INTERNATIONAL,CARCASSONNE,3104,3104,0,4014,4014,0,-22.670653
23/08/2018 13:42,201806,WESTERN EUROPE-EU,FRANCE,EAST MIDLANDS INTERNATIONAL,DINARD,4198,4198,0,5196,5196,0,-19.207082
23/08/2018 13:42,201806,WESTERN EUROPE-EU,FRANCE,EAST MIDLANDS INTERNATIONAL,LIMOGES,4548,4548,0,4441,4441,0,2.409367
23/08/2018 13:42,201806,WESTERN EUROPE-EU,FRANCE,EAST MIDLANDS INTERNATIONAL,PARIS (CHARLES DE GAULLE),95,0,95,0,0,0,0
23/08/2018 13:42,201806,WESTERN EUROPE-EU,FRANCE,EDINBURGH,BERGERAC,561,561,0,443,443,0,26.636569
23/08/2018 13:42,201806,WESTERN EUROPE-EU,FRANCE,EDINBURGH,BEZIERS,2823,2823,0,2738,2738,0,3.104456
23/08/2018 13:42,201806,WESTERN EUROPE-EU,FRANCE,EDINBURGH,BORDEAUX,4500,4500,0,4544,4544,0,-0.96831
23/08/2018 13:42,201806,WESTERN EUROPE-EU,FRANCE,EDINBURGH,CARCASSONNE,2935,2935,0,0,0,0,0
23/08/2018 13:42,201806,WESTERN EUROPE-EU,FRANCE,EDINBURGH,LYON,2697,2697,0,2278,2278,0,18.393327
23/08/2018 13:42,201806,WESTERN EUROPE-EU,FRANCE,EDINBURGH,MARSEILLE,3168,3168,0,3110,3110,0,1.864952
23/08/2018 13:42,201806,WESTERN EUROPE-EU,FRANCE,EDINBURGH,NANTES,3071,3071,0,0,0,0,0
23/08/2018 13:42,201806,WESTERN EUROPE-EU,FRANCE,EDINBURGH,NICE,6904,6904,0,9208,9208,0,-25.02172
23/08/2018 13:42,201806,WESTERN EUROPE-EU,FRANCE,EDINBURGH,PARIS (CHARLES DE GAULLE),36016,35774,242,31670,31670,0,13.722766
23/08/2018 13:42,201806,WESTERN EUROPE-EU,FRANCE,EDINBURGH,PARIS (ORLY),5627,5627,0,5633,5633,0,-0.106515
23/08/2018 13:42,201806,WESTERN EUROPE-EU,FRANCE,EDINBURGH,TARBES-LOURDES INTERNATIONAL,79,0,79,0,0,0,0
23/08/2018 13:42,201806,WESTERN EUROPE-EU,FRANCE,EDINBURGH,TOULOUSE (BLAGNAC),2709,2709,0,0,0,0,0
23/08/2018 13:42,201806,WESTERN EUROPE-EU,FRANCE,EXETER,BERGERAC,748,748,0,413,413,0,81.113801
23/08/2018 13:42,201806,WESTERN EUROPE-EU,FRANCE,EXETER,GUYANCOURT,109,109,0,0,0,0,0
23/08/2018 13:42,201806,WESTERN EUROPE-EU,FRANCE,EXETER,PARIS (CHARLES DE GAULLE),3982,3982,0,3618,3618,0,10.060807
23/08/2018 13:42,201806,WESTERN EUROPE-EU,FRANCE,EXETER,RENNES,455,455,0,251,251,0,81.2749
23/08/2018 13:42,201806,WESTERN EUROPE-EU,FRANCE,EXETER,TARBES-LOURDES INTERNATIONAL,65,0,65,0,0,0,0
23/08/2018 13:42,201806,WESTERN EUROPE-EU,FRANCE,GLASGOW,BORDEAUX,778,778,0,1088,1088,0,-28.492647
23/08/2018 13:42,201806,WESTERN EUROPE-EU,FRANCE,GLASGOW,CARCASSONNE,2929,2929,0,2693,2693,0,8.763461
23/08/2018 13:42,201806,WESTERN EUROPE-EU,FRANCE,GLASGOW,MARSEILLE,237,237,0,1322,1322,0,-82.072617
23/08/2018 13:42,201806,WESTERN EUROPE-EU,FRANCE,GLASGOW,NANTES,0,0,0,112,0,112,-100
23/08/2018 13:42,201806,WESTERN EUROPE-EU,FRANCE,GLASGOW,PARIS (CHARLES DE GAULLE),12242,12242,0,14529,14529,0,-15.740932
23/08/2018 13:42,201806,WESTERN EUROPE-EU,FRANCE,GUERNSEY,BORDEAUX,140,140,0,0,0,0,0
23/08/2018 13:42,201806,WESTERN EUROPE-EU,FRANCE,GUERNSEY,DINARD,196,137,59,180,180,0,8.888889
23/08/2018 13:42,201806,WESTERN EUROPE-EU,FRANCE,ISLE OF MAN,PARIS (CHARLES DE GAULLE),78,0,78,33,0,33,136.363636
23/08/2018 13:42,201806,WESTERN EUROPE-EU,FRANCE,LEEDS BRADFORD,BERGERAC,1290,1290,0,987,987,0,30.699088
23/08/2018 13:42,201806,WESTERN EUROPE-EU,FRANCE,LEEDS BRADFORD,LA ROCHELLE,1295,1295,0,0,0,0,0
23/08/2018 13:42,201806,WESTERN EUROPE-EU,FRANCE,LEEDS BRADFORD,LIMOGES,3035,3035,0,3067,3067,0,-1.043365
23/08/2018 13:42,201806,WESTERN EUROPE-EU,FRANCE,LEEDS BRADFORD,NICE,3950,3950,0,3483,3483,0,13.407982
23/08/2018 13:42,201806,WESTERN EUROPE-EU,FRANCE,LEEDS BRADFORD,PARIS (CHARLES DE GAULLE),4582,4582,0,4331,4331,0,5.795428
23/08/2018 13:42,201806,WESTERN EUROPE-EU,FRANCE,LEEDS BRADFORD,PERPIGNAN,0,0,0,94,0,94,-100
23/08/2018 13:42,201806,WESTERN EUROPE-EU,FRANCE,LIVERPOOL (JOHN LENNON),BERGERAC,3177,3177,0,2893,2893,0,9.816799
23/08/2018 13:42,201806,WESTERN EUROPE-EU,FRANCE,LIVERPOOL (JOHN LENNON),BORDEAUX,3625,3625,0,2804,2804,0,29.279601
23/08/2018 13:42,201806,WESTERN EUROPE-EU,FRANCE,LIVERPOOL (JOHN LENNON),NANTES,431,431,0,301,301,0,43.189369
23/08/2018 13:42,201806,WESTERN EUROPE-EU,FRANCE,LIVERPOOL (JOHN LENNON),NICE,9392,9392,0,10632,10632,0,-11.662904
23/08/2018 13:42,201806,WESTERN EUROPE-EU,FRANCE,LIVERPOOL (JOHN LENNON),NIMES,0,0,0,2972,2972,0,-100
23/08/2018 13:42,201806,WESTERN EUROPE-EU,FRANCE,LIVERPOOL (JOHN LENNON),PARIS (CHARLES DE GAULLE),8505,8505,0,7060,7060,0,20.467422
23/08/2018 13:42,201806,WESTERN EUROPE-EU,FRANCE,LIVERPOOL (JOHN LENNON),PERPIGNAN,94,0,94,0,0,0,0
23/08/2018 13:42,201806,WESTERN EUROPE-EU,FRANCE,MANCHESTER,BASTIA,1381,1381,0,1075,1075,0,28.465116
23/08/2018 13:42,201806,WESTERN EUROPE-EU,FRANCE,MANCHESTER,BEAUVAIS,0,0,0,4151,4151,0,-100
23/08/2018 13:42,201806,WESTERN EUROPE-EU,FRANCE,MANCHESTER,BERGERAC,1686,1686,0,0,0,0,0
23/08/2018 13:42,201806,WESTERN EUROPE-EU,FRANCE,MANCHESTER,BEZIERS,3244,3244,0,4019,4019,0,-19.283404
23/08/2018 13:42,201806,WESTERN EUROPE-EU,FRANCE,MANCHESTER,BORDEAUX,0,0,0,84,0,84,-100
23/08/2018 13:42,201806,WESTERN EUROPE-EU,FRANCE,MANCHESTER,CALVI,589,0,589,523,0,523,12.619503
23/08/2018 13:42,201806,WESTERN EUROPE-EU,FRANCE,MANCHESTER,CARCASSONNE,3198,3198,0,4434,4434,0,-27.875507
23/08/2018 13:42,201806,WESTERN EUROPE-EU,FRANCE,MANCHESTER,LA ROCHELLE,582,582,0,499,499,0,16.633267
23/08/2018 13:42,201806,WESTERN EUROPE-EU,FRANCE,MANCHESTER,LIMOGES,4421,4421,0,6307,6307,0,-29.903282
23/08/2018 13:42,201806,WESTERN EUROPE-EU,FRANCE,MANCHESTER,LYON,3424,3424,0,4005,4005,0,-14.506866
23/08/2018 13:42,201806,WESTERN EUROPE-EU,FRANCE,MANCHESTER,MARSEILLE,1427,1427,0,2552,2552,0,-44.083072
23/08/2018 13:42,201806,WESTERN EUROPE-EU,FRANCE,MANCHESTER,NANTES,1709,1709,0,1664,1664,0,2.704327
23/08/2018 13:42,201806,WESTERN EUROPE-EU,FRANCE,MANCHESTER,NICE,9317,9317,0,7990,7990,0,16.60826
23/08/2018 13:42,201806,WESTERN EUROPE-EU,FRANCE,MANCHESTER,PARIS (CHARLES DE GAULLE),53721,53721,0,53560,53560,0,0.300597
23/08/2018 13:42,201806,WESTERN EUROPE-EU,FRANCE,MANCHESTER,PERPIGNAN,49,0,49,184,0,184,-73.369565
23/08/2018 13:42,201806,WESTERN EUROPE-EU,FRANCE,MANCHESTER,RENNES,615,615,0,511,511,0,20.35225
23/08/2018 13:42,201806,WESTERN EUROPE-EU,FRANCE,MANCHESTER,TOULOUSE (BLAGNAC),4765,4765,0,6576,6576,0,-27.539538
23/08/2018 13:42,201806,WESTERN EUROPE-EU,FRANCE,NEWCASTLE,NICE,3693,3693,0,4171,4171,0,-11.460082
23/08/2018 13:42,201806,WESTERN EUROPE-EU,FRANCE,NEWCASTLE,PARIS (CHARLES DE GAULLE),12688,12688,0,12987,12987,0,-2.302302
23/08/2018 13:42,201806,WESTERN EUROPE-EU,FRANCE,PRESTWICK,PARIS (CHARLES DE GAULLE),0,0,0,1,1,0,-100
23/08/2018 13:42,201806,WESTERN EUROPE-EU,FRANCE,SOUTHAMPTON,AVIGNON,701,701,0,809,809,0,-13.349815
23/08/2018 13:42,201806,WESTERN EUROPE-EU,FRANCE,SOUTHAMPTON,BASTIA,466,466,0,474,474,0,-1.687764
23/08/2018 13:42,201806,WESTERN EUROPE-EU,FRANCE,SOUTHAMPTON,BERGERAC,4281,4281,0,4411,4411,0,-2.947178
23/08/2018 13:42,201806,WESTERN EUROPE-EU,FRANCE,SOUTHAMPTON,BIARRITZ,594,594,0,816,816,0,-27.205882
23/08/2018 13:42,201806,WESTERN EUROPE-EU,FRANCE,SOUTHAMPTON,BORDEAUX,1950,1950,0,1860,1860,0,4.83871
23/08/2018 13:42,201806,WESTERN EUROPE-EU,FRANCE,SOUTHAMPTON,BREST,99,99,0,326,326,0,-69.631902
23/08/2018 13:42,201806,WESTERN EUROPE-EU,FRANCE,SOUTHAMPTON,LA ROCHELLE,2085,2085,0,2788,2788,0,-25.215208
23/08/2018 13:42,201806,WESTERN EUROPE-EU,FRANCE,SOUTHAMPTON,LIMOGES,1631,1631,0,2083,2083,0,-21.699472
23/08/2018 13:42,201806,WESTERN EUROPE-EU,FRANCE,SOUTHAMPTON,LYON,0,0,0,1504,1504,0,-100
23/08/2018 13:42,201806,WESTERN EUROPE-EU,FRANCE,SOUTHAMPTON,NANTES,1541,1541,0,2230,2230,0,-30.896861
23/08/2018 13:42,201806,WESTERN EUROPE-EU,FRANCE,SOUTHAMPTON,PARIS (CHARLES DE GAULLE),6774,6774,0,6266,6266,0,8.107245
23/08/2018 13:42,201806,WESTERN EUROPE-EU,FRANCE,SOUTHAMPTON,PERPIGNAN,581,581,0,471,471,0,23.354565
23/08/2018 13:42,201806,WESTERN EUROPE-EU,FRANCE,SOUTHAMPTON,RENNES,1633,1633,0,2150,2150,0,-24.046512
23/08/2018 13:42,201806,WESTERN EUROPE-EU,FRANCE,SOUTHAMPTON,RODEZ,369,369,0,222,222,0,66.216216
23/08/2018 13:42,201806,WESTERN EUROPE-EU,FRANCE,SOUTHAMPTON,TOULON / HYERES,901,901,0,1859,1859,0,-51.533082
23/08/2018 13:42,201806,WESTERN EUROPE-EU,GERMANY,GATWICK,BERLIN (SCHONEFELD),18213,18213,0,43368,43368,0,-58.003597
23/08/2018 13:42,201806,WESTERN EUROPE-EU,GERMANY,GATWICK,BERLIN (TEGEL),23898,23898,0,0,0,0,0
23/08/2018 13:42,201806,WESTERN EUROPE-EU,GERMANY,GATWICK,HAMBURG,13738,13738,0,14356,14356,0,-4.30482
23/08/2018 13:42,201806,WESTERN EUROPE-EU,GERMANY,GATWICK,LEIPZIG,0,0,0,100,0,100,-100
23/08/2018 13:42,201806,WESTERN EUROPE-EU,GERMANY,GATWICK,MUNICH,22674,22674,0,22812,22812,0,-0.604945
23/08/2018 13:42,201806,WESTERN EUROPE-EU,GERMANY,GATWICK,STUTTGART,12385,12385,0,12089,12089,0,2.448507
23/08/2018 13:42,201806,WESTERN EUROPE-EU,GERMANY,HEATHROW,BERLIN (TEGEL),68785,68785,0,68356,67789,567,0.627597
23/08/2018 13:42,201806,WESTERN EUROPE-EU,GERMANY,HEATHROW,COLOGNE BONN,16498,16498,0,15325,15325,0,7.65416
23/08/2018 13:42,201806,WESTERN EUROPE-EU,GERMANY,HEATHROW,DUSSELDORF,58485,58485,0,61254,61254,0,-4.520521
23/08/2018 13:42,201806,WESTERN EUROPE-EU,GERMANY,HEATHROW,FRANKFURT MAIN,141714,141714,0,130844,130844,0,8.307603
23/08/2018 13:42,201806,WESTERN EUROPE-EU,GERMANY,HEATHROW,HAMBURG,49131,49131,0,51746,51746,0,-5.053531
23/08/2018 13:42,201806,WESTERN EUROPE-EU,GERMANY,HEATHROW,HANOVER,20187,20187,0,20429,20429,0,-1.184591
23/08/2018 13:42,201806,WESTERN EUROPE-EU,GERMANY,HEATHROW,MUNICH,106231,106231,0,100123,100123,0,6.100496
23/08/2018 13:42,201806,WESTERN EUROPE-EU,GERMANY,HEATHROW,STUTTGART,28851,28851,0,28752,28752,0,0.344324
23/08/2018 13:42,201806,WESTERN EUROPE-EU,GERMANY,LONDON CITY,BERLIN (TEGEL),10777,10777,0,10292,10292,0,4.712398
23/08/2018 13:42,201806,WESTERN EUROPE-EU,GERMANY,LONDON CITY,DUSSELDORF,13565,13565,0,13227,13227,0,2.555379
23/08/2018 13:42,201806,WESTERN EUROPE-EU,GERMANY,LONDON CITY,FRANKFURT MAIN,22443,22443,0,23571,23499,72,-4.785542
23/08/2018 13:42,201806,WESTERN EUROPE-EU,GERMANY,LONDON CITY,SAARBRUCKEN,67,67,0,0,0,0,0
23/08/2018 13:42,201806,WESTERN EUROPE-EU,GERMANY,LUTON,BERLIN (SCHONEFELD),15660,15660,0,16757,16757,0,-6.546518
23/08/2018 13:42,201806,WESTERN EUROPE-EU,GERMANY,LUTON,COLOGNE BONN,0,0,0,15,0,15,-100
23/08/2018 13:42,201806,WESTERN EUROPE-EU,GERMANY,LUTON,DORTMUND,6631,6631,0,7512,7512,0,-11.727902
23/08/2018 13:42,201806,WESTERN EUROPE-EU,GERMANY,LUTON,HAMBURG,0,0,0,7156,7156,0,-100
23/08/2018 13:42,201806,WESTERN EUROPE-EU,GERMANY,LUTON,HANOVER,0,0,0,152,152,0,-100
23/08/2018 13:42,201806,WESTERN EUROPE-EU,GERMANY,LUTON,MUNICH,5749,5749,0,7334,7334,0,-21.611672
23/08/2018 13:42,201806,WESTERN EUROPE-EU,GERMANY,LUTON,NIEDERRHEIN,0,0,0,2897,2897,0,-100
23/08/2018 13:42,201806,WESTERN EUROPE-EU,GERMANY,SOUTHEND,COLOGNE BONN,2889,2889,0,1656,1656,0,74.456522
23/08/2018 13:42,201806,WESTERN EUROPE-EU,GERMANY,SOUTHEND,DUSSELDORF,0,0,0,17,17,0,-100
23/08/2018 13:42,201806,WESTERN EUROPE-EU,GERMANY,STANSTED,BERLIN (SCHONEFELD),38934,38934,0,38417,38417,0,1.345758
23/08/2018 13:42,201806,WESTERN EUROPE-EU,GERMANY,STANSTED,BERLIN (TEGEL),755,755,0,680,680,0,11.029412
23/08/2018 13:42,201806,WESTERN EUROPE-EU,GERMANY,STANSTED,BRAUNSCHWEIG,0,0,0,148,0,148,-100
23/08/2018 13:42,201806,WESTERN EUROPE-EU,GERMANY,STANSTED,BREMEN,15153,15153,0,9493,9493,0,59.62288
23/08/2018 13:42,201806,WESTERN EUROPE-EU,GERMANY,STANSTED,COLOGNE BONN,32732,32732,0,32637,32637,0,0.291081
23/08/2018 13:42,201806,WESTERN EUROPE-EU,GERMANY,STANSTED,DORTMUND,9321,9321,0,10117,10117,0,-7.867945
23/08/2018 13:42,201806,WESTERN EUROPE-EU,GERMANY,STANSTED,FRANKFURT MAIN,19572,19572,0,0,0,0,0
23/08/2018 13:42,201806,WESTERN EUROPE-EU,GERMANY,STANSTED,HAHN,9385,9385,0,10147,10147,0,-7.509609
23/08/2018 13:42,201806,WESTERN EUROPE-EU,GERMANY,STANSTED,HAMBURG,18809,18809,0,19116,19116,0,-1.605985
23/08/2018 13:42,201806,WESTERN EUROPE-EU,GERMANY,STANSTED,HANOVER,5329,5329,0,3968,3968,0,34.299395
23/08/2018 13:42,201806,WESTERN EUROPE-EU,GERMANY,STANSTED,KARLSRUHE/BADEN BADEN,10222,10222,0,9909,9909,0,3.158745
23/08/2018 13:42,201806,WESTERN EUROPE-EU,GERMANY,STANSTED,LEIPZIG,4018,4018,0,3994,3994,0,0.600901
23/08/2018 13:42,201806,WESTERN EUROPE-EU,GERMANY,STANSTED,MEMMINGEN ALLGAU,6477,6477,0,6174,6174,0,4.907677
23/08/2018 13:42,201806,WESTERN EUROPE-EU,GERMANY,STANSTED,MUNICH,13901,13901,0,14381,14130,251,-3.337737
23/08/2018 13:42,201806,WESTERN EUROPE-EU,GERMANY,STANSTED,NIEDERRHEIN,3786,3786,0,0,0,0,0
23/08/2018 13:42,201806,WESTERN EUROPE-EU,GERMANY,STANSTED,NUREMBERG,16411,16411,0,16486,16486,0,-0.454931
23/08/2018 13:42,201806,WESTERN EUROPE-EU,GERMANY,STANSTED,STUTTGART,0,0,0,6319,6319,0,-100
23/08/2018 13:42,201806,WESTERN EUROPE-EU,GERMANY,ABERDEEN,FRANKFURT MAIN,0,0,0,8940,8940,0,-100
23/08/2018 13:42,201806,WESTERN EUROPE-EU,GERMANY,BELFAST INTERNATIONAL,BERLIN (SCHONEFELD),2776,2776,0,4027,4027,0,-31.065309
23/08/2018 13:42,201806,WESTERN EUROPE-EU,GERMANY,BIRMINGHAM,BERLIN (TEGEL),5023,5023,0,7358,7358,0,-31.734167
23/08/2018 13:42,201806,WESTERN EUROPE-EU,GERMANY,BIRMINGHAM,DUSSELDORF,21348,21348,0,23295,23295,0,-8.358017
23/08/2018 13:42,201806,WESTERN EUROPE-EU,GERMANY,BIRMINGHAM,FRANKFURT MAIN,29842,29842,0,23465,23465,0,27.176646
23/08/2018 13:42,201806,WESTERN EUROPE-EU,GERMANY,BIRMINGHAM,HAMBURG,2791,2791,0,660,660,0,322.878788
23/08/2018 13:42,201806,WESTERN EUROPE-EU,GERMANY,BIRMINGHAM,HANOVER,3111,3111,0,3366,3366,0,-7.575758
23/08/2018 13:42,201806,WESTERN EUROPE-EU,GERMANY,BIRMINGHAM,MUNICH,19011,18476,535,17986,17581,405,5.698877
23/08/2018 13:42,201806,WESTERN EUROPE-EU,GERMANY,BIRMINGHAM,NUREMBERG,0,0,0,933,933,0,-100
23/08/2018 13:42,201806,WESTERN EUROPE-EU,GERMANY,BIRMINGHAM,PADERBORN,0,0,0,540,540,0,-100
23/08/2018 13:42,201806,WESTERN EUROPE-EU,GERMANY,BIRMINGHAM,STUTTGART,6475,6475,0,6651,6651,0,-2.646219
23/08/2018 13:42,201806,WESTERN EUROPE-EU,GERMANY,BRISTOL,BERLIN (SCHONEFELD),8708,8708,0,7430,7430,0,17.200538
23/08/2018 13:42,201806,WESTERN EUROPE-EU,GERMANY,BRISTOL,COLOGNE BONN,5424,5424,0,0,0,0,0
23/08/2018 13:42,201806,WESTERN EUROPE-EU,GERMANY,BRISTOL,DUSSELDORF,1123,1123,0,1688,1688,0,-33.471564
23/08/2018 13:42,201806,WESTERN EUROPE-EU,GERMANY,BRISTOL,FRANKFURT MAIN,4804,4804,0,4676,4676,0,2.737382
23/08/2018 13:42,201806,WESTERN EUROPE-EU,GERMANY,BRISTOL,HAMBURG,1289,1289,0,1621,1621,0,-20.481184
23/08/2018 13:42,201806,WESTERN EUROPE-EU,GERMANY,BRISTOL,MUNICH,4230,4230,0,4166,3925,241,1.536246
23/08/2018 13:42,201806,WESTERN EUROPE-EU,GERMANY,BRISTOL,ROSTOCK-LAAGE,29,29,0,0,0,0,0
23/08/2018 13:42,201806,WESTERN EUROPE-EU,GERMANY,CARDIFF WALES,BERLIN (TEGEL),1171,1171,0,1658,1658,0,-29.372738
23/08/2018 13:42,201806,WESTERN EUROPE-EU,GERMANY,CARDIFF WALES,DUSSELDORF,489,489,0,293,293,0,66.894198
23/08/2018 13:42,201806,WESTERN EUROPE-EU,GERMANY,CARDIFF WALES,HAHN,0,0,0,101,0,101,-100
23/08/2018 13:42,201806,WESTERN EUROPE-EU,GERMANY,CARDIFF WALES,MUNICH,1272,1272,0,1637,1637,0,-22.296885
23/08/2018 13:42,201806,WESTERN EUROPE-EU,GERMANY,DONCASTER SHEFFIELD,BERLIN (TEGEL),584,584,0,1873,1873,0,-68.820075
23/08/2018 13:42,201806,WESTERN EUROPE-EU,GERMANY,EAST MIDLANDS INTERNATIONAL,BERLIN (SCHONEFELD),4277,4277,0,4187,4187,0,2.14951
23/08/2018 13:42,201806,WESTERN EUROPE-EU,GERMANY,EAST MIDLANDS INTERNATIONAL,DUSSELDORF,33,0,33,0,0,0,0
23/08/2018 13:42,201806,WESTERN EUROPE-EU,GERMANY,EDINBURGH,BERLIN (SCHONEFELD),561,0,561,8326,8326,0,-93.262071
23/08/2018 13:42,201806,WESTERN EUROPE-EU,GERMANY,EDINBURGH,BERLIN (TEGEL),10329,10329,0,0,0,0,0
23/08/2018 13:42,201806,WESTERN EUROPE-EU,GERMANY,EDINBURGH,BREMEN,0,0,0,4345,4345,0,-100
23/08/2018 13:42,201806,WESTERN EUROPE-EU,GERMANY,EDINBURGH,COLOGNE BONN,7323,7323,0,7227,7227,0,1.328352
23/08/2018 13:42,201806,WESTERN EUROPE-EU,GERMANY,EDINBURGH,DUSSELDORF,3429,3334,95,3464,3464,0,-1.010393
23/08/2018 13:42,201806,WESTERN EUROPE-EU,GERMANY,EDINBURGH,FRANKFURT MAIN,19693,19693,0,19704,19704,0,-0.055826
23/08/2018 13:42,201806,WESTERN EUROPE-EU,GERMANY,EDINBURGH,HAHN,3808,3808,0,4473,4473,0,-14.86698
23/08/2018 13:42,201806,WESTERN EUROPE-EU,GERMANY,EDINBURGH,HAMBURG,9236,9236,0,7248,7248,0,27.428256
23/08/2018 13:42,201806,WESTERN EUROPE-EU,GERMANY,EDINBURGH,KARLSRUHE/BADEN BADEN,2789,2789,0,0,0,0,0
23/08/2018 13:42,201806,WESTERN EUROPE-EU,GERMANY,EDINBURGH,MUNICH,14228,14228,0,15373,15373,0,-7.448123
23/08/2018 13:42,201806,WESTERN EUROPE-EU,GERMANY,EDINBURGH,NIEDERRHEIN,3068,3068,0,4476,4476,0,-31.456658
23/08/2018 13:42,201806,WESTERN EUROPE-EU,GERMANY,EDINBURGH,STUTTGART,2729,2729,0,2662,2662,0,2.516905
23/08/2018 13:42,201806,WESTERN EUROPE-EU,GERMANY,GLASGOW,BERLIN (SCHONEFELD),17136,17136,0,17805,17805,0,-3.757372
23/08/2018 13:42,201806,WESTERN EUROPE-EU,GERMANY,GLASGOW,DUSSELDORF,3208,3208,0,5857,5857,0,-45.227932
23/08/2018 13:42,201806,WESTERN EUROPE-EU,GERMANY,GLASGOW,FRANKFURT MAIN,9033,9033,0,0,0,0,0
23/08/2018 13:42,201806,WESTERN EUROPE-EU,GERMANY,GLASGOW,MUNICH,5347,5347,0,797,797,0,570.890841
23/08/2018 13:42,201806,WESTERN EUROPE-EU,GERMANY,GUERNSEY,DUSSELDORF,709,709,0,258,258,0,174.806202
23/08/2018 13:42,201806,WESTERN EUROPE-EU,GERMANY,JERSEY,BERLIN (TEGEL),335,335,0,0,0,0,0
23/08/2018 13:42,201806,WESTERN EUROPE-EU,GERMANY,JERSEY,DRESDEN,160,0,160,144,144,0,11.111111
23/08/2018 13:42,201806,WESTERN EUROPE-EU,GERMANY,JERSEY,DUSSELDORF,1706,1472,234,1564,1564,0,9.079284
23/08/2018 13:42,201806,WESTERN EUROPE-EU,GERMANY,JERSEY,ERFURT,93,0,93,73,0,73,27.39726
23/08/2018 13:42,201806,WESTERN EUROPE-EU,GERMANY,JERSEY,HAMBURG,90,90,0,0,0,0,0
23/08/2018 13:42,201806,WESTERN EUROPE-EU,GERMANY,JERSEY,MUNICH,1010,1010,0,583,583,0,73.241852
23/08/2018 13:42,201806,WESTERN EUROPE-EU,GERMANY,LEEDS BRADFORD,BERLIN (SCHONEFELD),1980,1980,0,1807,1807,0,9.573879
23/08/2018 13:42,201806,WESTERN EUROPE-EU,GERMANY,LEEDS BRADFORD,BERLIN (TEGEL),0,0,0,31,31,0,-100
23/08/2018 13:42,201806,WESTERN EUROPE-EU,GERMANY,LEEDS BRADFORD,DUSSELDORF,2764,2764,0,4558,4558,0,-39.359368
23/08/2018 13:42,201806,WESTERN EUROPE-EU,GERMANY,LIVERPOOL (JOHN LENNON),BERLIN (SCHONEFELD),4763,4763,0,4718,4718,0,0.953794
23/08/2018 13:42,201806,WESTERN EUROPE-EU,GERMANY,LIVERPOOL (JOHN LENNON),HAMBURG,0,0,0,241,241,0,-100
23/08/2018 13:42,201806,WESTERN EUROPE-EU,GERMANY,MANCHESTER,BERLIN (SCHONEFELD),27656,27524,132,25205,25011,194,9.724261
23/08/2018 13:42,201806,WESTERN EUROPE-EU,GERMANY,MANCHESTER,BRAUNSCHWEIG,0,0,0,122,0,122,-100
23/08/2018 13:42,201806,WESTERN EUROPE-EU,GERMANY,MANCHESTER,COLOGNE BONN,10625,10625,0,4149,4149,0,156.085804
23/08/2018 13:42,201806,WESTERN EUROPE-EU,GERMANY,MANCHESTER,DUSSELDORF,22133,22133,0,20743,20743,0,6.701056
23/08/2018 13:42,201806,WESTERN EUROPE-EU,GERMANY,MANCHESTER,FRANKFURT MAIN,44813,44813,0,29015,29015,0,54.447699
23/08/2018 13:42,201806,WESTERN EUROPE-EU,GERMANY,MANCHESTER,HAMBURG,18192,18192,0,24539,24539,0,-25.86495
23/08/2018 13:42,201806,WESTERN EUROPE-EU,GERMANY,MANCHESTER,HANOVER,3349,3349,0,3640,3640,0,-7.994505
23/08/2018 13:42,201806,WESTERN EUROPE-EU,GERMANY,MANCHESTER,MUNICH,30383,29979,404,29224,28963,261,3.965918
23/08/2018 13:42,201806,WESTERN EUROPE-EU,GERMANY,MANCHESTER,NUREMBERG,7148,7148,0,8799,8799,0,-18.763496
23/08/2018 13:42,201806,WESTERN EUROPE-EU,GERMANY,MANCHESTER,STUTTGART,7122,7122,0,8599,8599,0,-17.176416
23/08/2018 13:42,201806,WESTERN EUROPE-EU,GERMANY,NEWCASTLE,BERLIN (SCHONEFELD),3679,3679,0,3244,3244,0,13.409371
23/08/2018 13:42,201806,WESTERN EUROPE-EU,GERMANY,NEWCASTLE,DUSSELDORF,3154,3154,0,4499,4499,0,-29.895532
23/08/2018 13:42,201806,WESTERN EUROPE-EU,GERMANY,NEWQUAY,BERLIN (TEGEL),244,244,0,0,0,0,0
23/08/2018 13:42,201806,WESTERN EUROPE-EU,GERMANY,NEWQUAY,DUSSELDORF,713,713,0,862,862,0,-17.285383
23/08/2018 13:42,201806,WESTERN EUROPE-EU,GERMANY,NEWQUAY,HAHN,2186,2186,0,2398,2398,0,-8.840701
23/08/2018 13:42,201806,WESTERN EUROPE-EU,GERMANY,NEWQUAY,STUTTGART,514,514,0,0,0,0,0
23/08/2018 13:42,201806,WESTERN EUROPE-EU,GERMANY,SOUTHAMPTON,BREMEN,19,19,0,0,0,0,0
23/08/2018 13:42,201806,WESTERN EUROPE-EU,GERMANY,SOUTHAMPTON,DUSSELDORF,2630,2630,0,2600,2600,0,1.153846
23/08/2018 13:42,201806,WESTERN EUROPE-EU,GERMANY,SOUTHAMPTON,FRIEDRICHSHAFEN,20,0,20,0,0,0,0
23/08/2018 13:42,201806,WESTERN EUROPE-EU,GERMANY,SOUTHAMPTON,MUNICH,0,0,0,2948,2948,0,-100
23/08/2018 13:42,201806,WESTERN EUROPE-EU,GIBRALTAR,GATWICK,GIBRALTAR,21811,21811,0,20915,20915,0,4.284007
23/08/2018 13:42,201806,WESTERN EUROPE-EU,GIBRALTAR,HEATHROW,GIBRALTAR,14281,14281,0,11941,11941,0,19.596349
23/08/2018 13:42,201806,WESTERN EUROPE-EU,GIBRALTAR,LUTON,GIBRALTAR,0,0,0,6371,6371,0,-100
23/08/2018 13:42,201806,WESTERN EUROPE-EU,GIBRALTAR,BIRMINGHAM,GIBRALTAR,0,0,0,4922,4922,0,-100
23/08/2018 13:42,201806,WESTERN EUROPE-EU,GIBRALTAR,BRISTOL,GIBRALTAR,4080,4080,0,4051,4051,0,0.715873
23/08/2018 13:42,201806,WESTERN EUROPE-EU,GIBRALTAR,MANCHESTER,GIBRALTAR,4099,4099,0,9128,9128,0,-55.094216
23/08/2018 13:42,201806,WESTERN EUROPE-EU,GREECE,GATWICK,ATHENS,19479,19479,0,20029,20029,0,-2.746018
23/08/2018 13:42,201806,WESTERN EUROPE-EU,GREECE,GATWICK,CHANIA,20266,12781,7485,17825,14336,3489,13.69425
23/08/2018 13:42,201806,WESTERN EUROPE-EU,GREECE,GATWICK,CORFU,41333,29190,12143,43019,28910,14109,-3.919198
23/08/2018 13:42,201806,WESTERN EUROPE-EU,GREECE,GATWICK,HERAKLION,44676,36319,8357,48156,38493,9663,-7.226514
23/08/2018 13:42,201806,WESTERN EUROPE-EU,GREECE,GATWICK,KALAMATA,5565,5565,0,4979,4979,0,11.769432
23/08/2018 13:42,201806,WESTERN EUROPE-EU,GREECE,GATWICK,KAVALA,4763,2003,2760,4492,1708,2784,6.032947
23/08/2018 13:42,201806,WESTERN EUROPE-EU,GREECE,GATWICK,KEFALLINIA,21702,16106,5596,21930,14259,7671,-1.039672
23/08/2018 13:42,201806,WESTERN EUROPE-EU,GREECE,GATWICK,KOS,21772,9311,12461,21152,9398,11754,2.931165
23/08/2018 13:42,201806,WESTERN EUROPE-EU,GREECE,GATWICK,LEMNOS,281,0,281,307,0,307,-8.469055
23/08/2018 13:42,201806,WESTERN EUROPE-EU,GREECE,GATWICK,MIKONOS,16466,16466,0,16549,16549,0,-0.501541
23/08/2018 13:42,201806,WESTERN EUROPE-EU,GREECE,GATWICK,MYTILINI,2060,2060,0,1669,1669,0,23.427202
23/08/2018 13:42,201806,WESTERN EUROPE-EU,GREECE,GATWICK,PREVEZA,12659,5933,6726,16968,9916,7052,-25.394861
23/08/2018 13:42,201806,WESTERN EUROPE-EU,GREECE,GATWICK,RHODES,30144,20319,9825,28654,17442,11212,5.199972
23/08/2018 13:42,201806,WESTERN EUROPE-EU,GREECE,GATWICK,SALONIKA,22266,19005,3261,20323,17257,3066,9.560596
23/08/2018 13:42,201806,WESTERN EUROPE-EU,GREECE,GATWICK,SAMOS,1862,0,1862,2375,0,2375,-21.6
23/08/2018 13:42,201806,WESTERN EUROPE-EU,GREECE,GATWICK,SKIATHOS,10116,5268,4848,9893,3324,6569,2.254119
23/08/2018 13:42,201806,WESTERN EUROPE-EU,GREECE,GATWICK,THIRA (SANTORINI),17512,15753,1759,18027,15278,2749,-2.856826
23/08/2018 13:42,201806,WESTERN EUROPE-EU,GREECE,GATWICK,VOLOS NEA ANCHILOS,834,517,317,515,0,515,61.941748
23/08/2018 13:42,201806,WESTERN EUROPE-EU,GREECE,GATWICK,ZAKINTHOS,25252,17176,8076,27554,18065,9489,-8.354504
23/08/2018 13:42,201806,WESTERN EUROPE-EU,GREECE,HEATHROW,ATHENS,74499,74499,0,72692,72692,0,2.485831
23/08/2018 13:42,201806,WESTERN EUROPE-EU,GREECE,HEATHROW,CHANIA,2676,2676,0,2211,2211,0,21.031208
23/08/2018 13:42,201806,WESTERN EUROPE-EU,GREECE,HEATHROW,CORFU,15021,14046,975,9235,8361,874,62.652951
23/08/2018 13:42,201806,WESTERN EUROPE-EU,GREECE,HEATHROW,KALAMATA,4196,2575,1621,4166,2551,1615,0.720115
23/08/2018 13:42,201806,WESTERN EUROPE-EU,GREECE,HEATHROW,KEFALLINIA,3714,2503,1211,0,0,0,0
23/08/2018 13:42,201806,WESTERN EUROPE-EU,GREECE,HEATHROW,KOS,0,0,0,1164,1164,0,-100
23/08/2018 13:42,201806,WESTERN EUROPE-EU,GREECE,HEATHROW,LEMNOS,3465,0,3465,2881,0,2881,20.270739
23/08/2018 13:42,201806,WESTERN EUROPE-EU,GREECE,HEATHROW,MIKONOS,7985,7985,0,4665,4665,0,71.168274
23/08/2018 13:42,201806,WESTERN EUROPE-EU,GREECE,HEATHROW,PREVEZA,3128,0,3128,3012,0,3012,3.851262
23/08/2018 13:42,201806,WESTERN EUROPE-EU,GREECE,HEATHROW,RHODES,1764,0,1764,1503,0,1503,17.365269
23/08/2018 13:42,201806,WESTERN EUROPE-EU,GREECE,HEATHROW,THIRA (SANTORINI),7390,7390,0,4843,4843,0,52.591369
23/08/2018 13:42,201806,WESTERN EUROPE-EU,GREECE,HEATHROW,ZAKINTHOS,2627,2627,0,2305,2305,0,13.969631
23/08/2018 13:42,201806,WESTERN EUROPE-EU,GREECE,LONDON CITY,MIKONOS,1074,1074,0,1081,1081,0,-0.647549
23/08/2018 13:42,201806,WESTERN EUROPE-EU,GREECE,LONDON CITY,SKIATHOS,293,293,0,292,292,0,0.342466
23/08/2018 13:42,201806,WESTERN EUROPE-EU,GREECE,LONDON CITY,THIRA (SANTORINI),523,523,0,573,573,0,-8.726003
23/08/2018 13:42,201806,WESTERN EUROPE-EU,GREECE,LUTON,ATHENS,10509,10509,0,0,0,0,0
23/08/2018 13:42,201806,WESTERN EUROPE-EU,GREECE,LUTON,CORFU,10856,8988,1868,10792,8940,1852,0.593032
23/08/2018 13:42,201806,WESTERN EUROPE-EU,GREECE,LUTON,HERAKLION,4630,4630,0,5467,4088,1379,-15.310042
23/08/2018 13:42,201806,WESTERN EUROPE-EU,GREECE,LUTON,KEFALLINIA,1273,0,1273,1455,0,1455,-12.508591
23/08/2018 13:42,201806,WESTERN EUROPE-EU,GREECE,LUTON,MIKONOS,3207,3207,0,2953,2953,0,8.601422
23/08/2018 13:42,201806,WESTERN EUROPE-EU,GREECE,LUTON,RHODES,6317,2948,3369,5704,2730,2974,10.746844
23/08/2018 13:42,201806,WESTERN EUROPE-EU,GREECE,LUTON,SALONIKA,932,932,0,0,0,0,0
23/08/2018 13:42,201806,WESTERN EUROPE-EU,GREECE,LUTON,SKIATHOS,2098,0,2098,1697,0,1697,23.629935
23/08/2018 13:42,201806,WESTERN EUROPE-EU,GREECE,LUTON,ZAKINTHOS,1735,0,1735,1447,0,1447,19.903248
23/08/2018 13:42,201806,WESTERN EUROPE-EU,GREECE,STANSTED,ATHENS,18274,18274,0,17150,17150,0,6.553936
23/08/2018 13:42,201806,WESTERN EUROPE-EU,GREECE,STANSTED,CHANIA,3239,3239,0,3216,3216,0,0.715174
23/08/2018 13:42,201806,WESTERN EUROPE-EU,GREECE,STANSTED,CORFU,13515,10258,3257,9309,6174,3135,45.182082
23/08/2018 13:42,201806,WESTERN EUROPE-EU,GREECE,STANSTED,HERAKLION,10664,7695,2969,7739,4597,3142,37.795581
23/08/2018 13:42,201806,WESTERN EUROPE-EU,GREECE,STANSTED,KEFALLINIA,8751,7233,1518,5858,4351,1507,49.385456
23/08/2018 13:42,201806,WESTERN EUROPE-EU,GREECE,STANSTED,KOS,7168,5803,1365,6686,5176,1510,7.209094
23/08/2018 13:42,201806,WESTERN EUROPE-EU,GREECE,STANSTED,PREVEZA,957,0,957,0,0,0,0
23/08/2018 13:42,201806,WESTERN EUROPE-EU,GREECE,STANSTED,RHODES,14141,11230,2911,13285,10628,2657,6.443357
23/08/2018 13:42,201806,WESTERN EUROPE-EU,GREECE,STANSTED,SALONIKA,13747,13747,0,10718,10718,0,28.26087
23/08/2018 13:42,201806,WESTERN EUROPE-EU,GREECE,STANSTED,SKIATHOS,1947,1947,0,2023,2023,0,-3.756797
23/08/2018 13:42,201806,WESTERN EUROPE-EU,GREECE,STANSTED,ZAKINTHOS,14902,13400,1502,11002,9569,1433,35.4481
23/08/2018 13:42,201806,WESTERN EUROPE-EU,GREECE,ABERDEEN,CORFU,1796,0,1796,1407,0,1407,27.647477
23/08/2018 13:42,201806,WESTERN EUROPE-EU,GREECE,BELFAST INTERNATIONAL,CORFU,1738,0,1738,1845,0,1845,-5.799458
23/08/2018 13:42,201806,WESTERN EUROPE-EU,GREECE,BELFAST INTERNATIONAL,HERAKLION,1446,1446,0,0,0,0,0
23/08/2018 13:42,201806,WESTERN EUROPE-EU,GREECE,BELFAST INTERNATIONAL,RHODES,3248,1774,1474,1648,0,1648,97.087379
23/08/2018 13:42,201806,WESTERN EUROPE-EU,GREECE,BELFAST INTERNATIONAL,ZAKINTHOS,1141,1141,0,1156,1156,0,-1.297578
23/08/2018 13:42,201806,WESTERN EUROPE-EU,GREECE,BIRMINGHAM,ATHENS,0,0,0,926,926,0,-100
23/08/2018 13:42,201806,WESTERN EUROPE-EU,GREECE,BIRMINGHAM,CHANIA,4530,3064,1466,4170,2702,1468,8.633094
23/08/2018 13:42,201806,WESTERN EUROPE-EU,GREECE,BIRMINGHAM,CORFU,15042,6316,8726,13349,6005,7344,12.682598
23/08/2018 13:42,201806,WESTERN EUROPE-EU,GREECE,BIRMINGHAM,HERAKLION,12612,7931,4681,13031,9221,3810,-3.215409
23/08/2018 13:42,201806,WESTERN EUROPE-EU,GREECE,BIRMINGHAM,KALAMATA,1630,1630,0,1298,1298,0,25.577812
23/08/2018 13:42,201806,WESTERN EUROPE-EU,GREECE,BIRMINGHAM,KAVALA,1480,0,1480,1480,0,1480,0
23/08/2018 13:42,201806,WESTERN EUROPE-EU,GREECE,BIRMINGHAM,KEFALLINIA,5697,1598,4099,6008,1636,4372,-5.176431
23/08/2018 13:42,201806,WESTERN EUROPE-EU,GREECE,BIRMINGHAM,KOS,9185,5850,3335,6976,3764,3212,31.665711
23/08/2018 13:42,201806,WESTERN EUROPE-EU,GREECE,BIRMINGHAM,MYTILINI,1921,1921,0,1633,1633,0,17.636252
23/08/2018 13:42,201806,WESTERN EUROPE-EU,GREECE,BIRMINGHAM,PREVEZA,596,0,596,2033,1519,514,-70.683719
23/08/2018 13:42,201806,WESTERN EUROPE-EU,GREECE,BIRMINGHAM,RHODES,14083,7488,6595,11470,6710,4760,22.781168
23/08/2018 13:42,201806,WESTERN EUROPE-EU,GREECE,BIRMINGHAM,SALONIKA,2460,2460,0,0,0,0,0
23/08/2018 13:42,201806,WESTERN EUROPE-EU,GREECE,BIRMINGHAM,SKIATHOS,3759,0,3759,3823,0,3823,-1.674078
23/08/2018 13:42,201806,WESTERN EUROPE-EU,GREECE,BIRMINGHAM,THIRA (SANTORINI),3186,1702,1484,3110,1670,1440,2.44373
23/08/2018 13:42,201806,WESTERN EUROPE-EU,GREECE,BIRMINGHAM,ZAKINTHOS,16388,11347,5041,12294,8777,3517,33.300797
23/08/2018 13:42,201806,WESTERN EUROPE-EU,GREECE,BOURNEMOUTH,CORFU,1864,0,1864,1826,0,1826,2.081051
23/08/2018 13:42,201806,WESTERN EUROPE-EU,GREECE,BOURNEMOUTH,RHODES,1856,188,1668,1478,0,1478,25.575101
23/08/2018 13:42,201806,WESTERN EUROPE-EU,GREECE,BRISTOL,ATHENS,3338,3338,0,0,0,0,0
23/08/2018 13:42,201806,WESTERN EUROPE-EU,GREECE,BRISTOL,CHANIA,4531,2880,1651,4370,2857,1513,3.684211
23/08/2018 13:42,201806,WESTERN EUROPE-EU,GREECE,BRISTOL,CORFU,13487,7817,5670,11473,7592,3881,17.554258
23/08/2018 13:42,201806,WESTERN EUROPE-EU,GREECE,BRISTOL,HERAKLION,7998,4572,3426,8162,4497,3665,-2.009311
23/08/2018 13:42,201806,WESTERN EUROPE-EU,GREECE,BRISTOL,KEFALLINIA,6261,4551,1710,6369,4623,1746,-1.695714
23/08/2018 13:42,201806,WESTERN EUROPE-EU,GREECE,BRISTOL,KOS,4937,1682,3255,1791,0,1791,175.656058
23/08/2018 13:42,201806,WESTERN EUROPE-EU,GREECE,BRISTOL,PREVEZA,1232,1232,0,0,0,0,0
23/08/2018 13:42,201806,WESTERN EUROPE-EU,GREECE,BRISTOL,RHODES,6731,1582,5149,5501,1857,3644,22.359571
23/08/2018 13:42,201806,WESTERN EUROPE-EU,GREECE,BRISTOL,SKIATHOS,2704,1400,1304,1606,1606,0,68.368618
23/08/2018 13:42,201806,WESTERN EUROPE-EU,GREECE,BRISTOL,THIRA (SANTORINI),1428,0,1428,1485,0,1485,-3.838384
23/08/2018 13:42,201806,WESTERN EUROPE-EU,GREECE,BRISTOL,ZAKINTHOS,13641,7930,5711,10773,6868,3905,26.622111
23/08/2018 13:42,201806,WESTERN EUROPE-EU,GREECE,CARDIFF WALES,CORFU,1875,0,1875,1871,0,1871,0.213789
23/08/2018 13:42,201806,WESTERN EUROPE-EU,GREECE,CARDIFF WALES,HERAKLION,1501,0,1501,1506,0,1506,-0.332005
23/08/2018 13:42,201806,WESTERN EUROPE-EU,GREECE,CARDIFF WALES,KEFALLINIA,1499,0,1499,1511,0,1511,-0.794176
23/08/2018 13:42,201806,WESTERN EUROPE-EU,GREECE,CARDIFF WALES,KOS,1567,0,1567,1495,0,1495,4.816054
23/08/2018 13:42,201806,WESTERN EUROPE-EU,GREECE,CARDIFF WALES,RHODES,2846,0,2846,2864,0,2864,-0.628492
23/08/2018 13:42,201806,WESTERN EUROPE-EU,GREECE,CARDIFF WALES,ZAKINTHOS,4203,0,4203,4578,0,4578,-8.19135
23/08/2018 13:42,201806,WESTERN EUROPE-EU,GREECE,DONCASTER SHEFFIELD,CORFU,3470,0,3470,3441,0,3441,0.842778
23/08/2018 13:42,201806,WESTERN EUROPE-EU,GREECE,DONCASTER SHEFFIELD,HERAKLION,1273,0,1273,1491,0,1491,-14.62106
23/08/2018 13:42,201806,WESTERN EUROPE-EU,GREECE,DONCASTER SHEFFIELD,KEFALLINIA,1515,188,1327,0,0,0,0
23/08/2018 13:42,201806,WESTERN EUROPE-EU,GREECE,DONCASTER SHEFFIELD,RHODES,1342,0,1342,1542,0,1542,-12.970169
23/08/2018 13:42,201806,WESTERN EUROPE-EU,GREECE,DONCASTER SHEFFIELD,ZAKINTHOS,1956,0,1956,1903,0,1903,2.785076
23/08/2018 13:42,201806,WESTERN EUROPE-EU,GREECE,EAST MIDLANDS INTERNATIONAL,CHANIA,1709,1709,0,2717,2717,0,-37.099742
23/08/2018 13:42,201806,WESTERN EUROPE-EU,GREECE,EAST MIDLANDS INTERNATIONAL,CORFU,13312,10444,2868,11514,8297,3217,15.615772
23/08/2018 13:42,201806,WESTERN EUROPE-EU,GREECE,EAST MIDLANDS INTERNATIONAL,HERAKLION,7827,3351,4476,8039,4843,3196,-2.637144
23/08/2018 13:42,201806,WESTERN EUROPE-EU,GREECE,EAST MIDLANDS INTERNATIONAL,KAVALA,826,826,0,840,840,0,-1.666667
23/08/2018 13:42,201806,WESTERN EUROPE-EU,GREECE,EAST MIDLANDS INTERNATIONAL,KEFALLINIA,2376,1108,1268,2912,1136,1776,-18.406593
23/08/2018 13:42,201806,WESTERN EUROPE-EU,GREECE,EAST MIDLANDS INTERNATIONAL,KOS,4955,1680,3275,4777,1803,2974,3.726188
23/08/2018 13:42,201806,WESTERN EUROPE-EU,GREECE,EAST MIDLANDS INTERNATIONAL,RHODES,9604,5885,3719,8458,5699,2759,13.549302
23/08/2018 13:42,201806,WESTERN EUROPE-EU,GREECE,EAST MIDLANDS INTERNATIONAL,SALONIKA,2505,1053,1452,2640,1202,1438,-5.113636
23/08/2018 13:42,201806,WESTERN EUROPE-EU,GREECE,EAST MIDLANDS INTERNATIONAL,SKIATHOS,1215,1215,0,1253,1253,0,-3.032721
23/08/2018 13:42,201806,WESTERN EUROPE-EU,GREECE,EAST MIDLANDS INTERNATIONAL,ZAKINTHOS,12371,7618,4753,11453,6765,4688,8.015367
23/08/2018 13:42,201806,WESTERN EUROPE-EU,GREECE,EDINBURGH,ATHENS,4849,4849,0,4022,4022,0,20.561909
23/08/2018 13:42,201806,WESTERN EUROPE-EU,GREECE,EDINBURGH,CORFU,3554,1728,1826,3159,1330,1829,12.503957
23/08/2018 13:42,201806,WESTERN EUROPE-EU,GREECE,EDINBURGH,HERAKLION,6131,6131,0,5709,5709,0,7.391837
23/08/2018 13:42,201806,WESTERN EUROPE-EU,GREECE,EDINBURGH,KEFALLINIA,1300,1300,0,1138,1138,0,14.235501
23/08/2018 13:42,201806,WESTERN EUROPE-EU,GREECE,EDINBURGH,KOS,1239,1239,0,0,0,0,0
23/08/2018 13:42,201806,WESTERN EUROPE-EU,GREECE,EDINBURGH,RHODES,3202,1607,1595,2742,1324,1418,16.776076
23/08/2018 13:42,201806,WESTERN EUROPE-EU,GREECE,EDINBURGH,SALONIKA,1371,1371,0,1114,1114,0,23.070018
23/08/2018 13:42,201806,WESTERN EUROPE-EU,GREECE,EDINBURGH,ZAKINTHOS,2979,2979,0,2244,2244,0,32.754011
23/08/2018 13:42,201806,WESTERN EUROPE-EU,GREECE,EXETER,CORFU,1875,0,1875,1657,0,1657,13.156307
23/08/2018 13:42,201806,WESTERN EUROPE-EU,GREECE,EXETER,RHODES,1503,0,1503,1505,0,1505,-0.13289
23/08/2018 13:42,201806,WESTERN EUROPE-EU,GREECE,GLASGOW,CHANIA,1329,1329,0,1335,1335,0,-0.449438
23/08/2018 13:42,201806,WESTERN EUROPE-EU,GREECE,GLASGOW,CORFU,6459,4600,1859,7102,5018,2084,-9.053788
23/08/2018 13:42,201806,WESTERN EUROPE-EU,GREECE,GLASGOW,HERAKLION,9578,7860,1718,9304,7655,1649,2.94497
23/08/2018 13:42,201806,WESTERN EUROPE-EU,GREECE,GLASGOW,KEFALLINIA,1298,1298,0,0,0,0,0
23/08/2018 13:42,201806,WESTERN EUROPE-EU,GREECE,GLASGOW,KOS,4664,4664,0,2736,2736,0,70.467836
23/08/2018 13:42,201806,WESTERN EUROPE-EU,GREECE,GLASGOW,RHODES,4818,4818,0,4539,3274,1265,6.146728
23/08/2018 13:42,201806,WESTERN EUROPE-EU,GREECE,GLASGOW,SALONIKA,1247,1247,0,0,0,0,0
23/08/2018 13:42,201806,WESTERN EUROPE-EU,GREECE,GLASGOW,ZAKINTHOS,6421,4704,1717,6574,4851,1723,-2.32735
23/08/2018 13:42,201806,WESTERN EUROPE-EU,GREECE,LEEDS BRADFORD,CHANIA,3095,3095,0,2701,2701,0,14.58719
23/08/2018 13:42,201806,WESTERN EUROPE-EU,GREECE,LEEDS BRADFORD,CORFU,7042,4687,2355,4941,3118,1823,42.521757
23/08/2018 13:42,201806,WESTERN EUROPE-EU,GREECE,LEEDS BRADFORD,HERAKLION,6331,6331,0,5544,5544,0,14.195527
23/08/2018 13:42,201806,WESTERN EUROPE-EU,GREECE,LEEDS BRADFORD,KEFALLINIA,3099,3099,0,1458,1458,0,112.55144
23/08/2018 13:42,201806,WESTERN EUROPE-EU,GREECE,LEEDS BRADFORD,KOS,3467,3467,0,1665,1665,0,108.228228
23/08/2018 13:42,201806,WESTERN EUROPE-EU,GREECE,LEEDS BRADFORD,RHODES,6076,4434,1642,4680,3194,1486,29.82906
23/08/2018 13:42,201806,WESTERN EUROPE-EU,GREECE,LEEDS BRADFORD,SALONIKA,2313,2313,0,983,983,0,135.300102
23/08/2018 13:42,201806,WESTERN EUROPE-EU,GREECE,LEEDS BRADFORD,ZAKINTHOS,3960,3960,0,2853,2853,0,38.801262
23/08/2018 13:42,201806,WESTERN EUROPE-EU,GREECE,LIVERPOOL (JOHN LENNON),MIKONOS,181,181,0,0,0,0,0
23/08/2018 13:42,201806,WESTERN EUROPE-EU,GREECE,LIVERPOOL (JOHN LENNON),RHODES,2946,2946,0,5235,5235,0,-43.724928
23/08/2018 13:42,201806,WESTERN EUROPE-EU,GREECE,LIVERPOOL (JOHN LENNON),ZAKINTHOS,2744,2744,0,3077,3077,0,-10.822229
23/08/2018 13:42,201806,WESTERN EUROPE-EU,GREECE,MANCHESTER,ATHENS,9030,9030,0,8996,8996,0,0.377946
23/08/2018 13:42,201806,WESTERN EUROPE-EU,GREECE,MANCHESTER,CHANIA,9404,4563,4841,6998,2851,4147,34.381252
23/08/2018 13:42,201806,WESTERN EUROPE-EU,GREECE,MANCHESTER,CORFU,27706,19794,7912,29925,20003,9922,-7.415205
23/08/2018 13:42,201806,WESTERN EUROPE-EU,GREECE,MANCHESTER,HERAKLION,31754,21850,9904,32850,21594,11256,-3.336377
23/08/2018 13:42,201806,WESTERN EUROPE-EU,GREECE,MANCHESTER,KALAMATA,3067,3067,0,2098,2098,0,46.186845
23/08/2018 13:42,201806,WESTERN EUROPE-EU,GREECE,MANCHESTER,KAVALA,3592,1896,1696,3380,1893,1487,6.272189
23/08/2018 13:42,201806,WESTERN EUROPE-EU,GREECE,MANCHESTER,KEFALLINIA,18804,11229,7575,17031,9575,7456,10.410428
23/08/2018 13:42,201806,WESTERN EUROPE-EU,GREECE,MANCHESTER,KOS,19773,10854,8919,18228,9292,8936,8.475971
23/08/2018 13:42,201806,WESTERN EUROPE-EU,GREECE,MANCHESTER,MIKONOS,5295,5295,0,6790,6790,0,-22.017673
23/08/2018 13:42,201806,WESTERN EUROPE-EU,GREECE,MANCHESTER,MYTILINI,1964,1964,0,0,0,0,0
23/08/2018 13:42,201806,WESTERN EUROPE-EU,GREECE,MANCHESTER,PREVEZA,9480,6505,2975,10052,6901,3151,-5.69041
23/08/2018 13:42,201806,WESTERN EUROPE-EU,GREECE,MANCHESTER,RHODES,29463,16896,12567,26180,15270,10910,12.540107
23/08/2018 13:42,201806,WESTERN EUROPE-EU,GREECE,MANCHESTER,SALONIKA,14236,11528,2708,10048,7337,2711,41.679936
23/08/2018 13:42,201806,WESTERN EUROPE-EU,GREECE,MANCHESTER,SKIATHOS,10385,5103,5282,10539,5293,5246,-1.461239
23/08/2018 13:42,201806,WESTERN EUROPE-EU,GREECE,MANCHESTER,THIRA (SANTORINI),12990,9895,3095,9284,7624,1660,39.918139
23/08/2018 13:42,201806,WESTERN EUROPE-EU,GREECE,MANCHESTER,ZAKINTHOS,23372,14664,8708,25159,16295,8864,-7.102826
23/08/2018 13:42,201806,WESTERN EUROPE-EU,GREECE,NEWCASTLE,CORFU,9709,9709,0,9411,9411,0,3.166507
23/08/2018 13:42,201806,WESTERN EUROPE-EU,GREECE,NEWCASTLE,HERAKLION,5846,5846,0,5920,5920,0,-1.25
23/08/2018 13:42,201806,WESTERN EUROPE-EU,GREECE,NEWCASTLE,KAVALA,586,586,0,0,0,0,0
23/08/2018 13:42,201806,WESTERN EUROPE-EU,GREECE,NEWCASTLE,KEFALLINIA,2604,2604,0,2914,2914,0,-10.638298
23/08/2018 13:42,201806,WESTERN EUROPE-EU,GREECE,NEWCASTLE,KOS,4209,4209,0,3464,3464,0,21.506928
23/08/2018 13:42,201806,WESTERN EUROPE-EU,GREECE,NEWCASTLE,RHODES,7610,7610,0,7559,7559,0,0.674692
23/08/2018 13:42,201806,WESTERN EUROPE-EU,GREECE,NEWCASTLE,SALONIKA,1828,1828,0,0,0,0,0
23/08/2018 13:42,201806,WESTERN EUROPE-EU,GREECE,NEWCASTLE,SKIATHOS,1304,1304,0,2067,2067,0,-36.913401
23/08/2018 13:42,201806,WESTERN EUROPE-EU,GREECE,NEWCASTLE,THIRA (SANTORINI),1809,1809,0,1592,1592,0,13.630653
23/08/2018 13:42,201806,WESTERN EUROPE-EU,GREECE,NEWCASTLE,ZAKINTHOS,8537,8537,0,8785,8785,0,-2.822994
23/08/2018 13:42,201806,WESTERN EUROPE-EU,GREECE,NORWICH,CORFU,1859,0,1859,1830,0,1830,1.584699
23/08/2018 13:42,201806,WESTERN EUROPE-EU,GREECE,NORWICH,HERAKLION,1475,0,1475,0,0,0,0
23/08/2018 13:42,201806,WESTERN EUROPE-EU,GREECE,NORWICH,RHODES,1477,0,1477,1488,0,1488,-0.739247
23/08/2018 13:42,201806,WESTERN EUROPE-EU,GREECE,PRESTWICK,CORFU,0,0,0,1499,1499,0,-100
23/08/2018 13:42,201806,WESTERN EUROPE-EU,IRISH REPUBLIC,GATWICK,CORK,10711,10711,0,10547,10547,0,1.554945
23/08/2018 13:42,201806,WESTERN EUROPE-EU,IRISH REPUBLIC,GATWICK,DUBLIN,112162,112162,0,113662,113662,0,-1.319702
23/08/2018 13:42,201806,WESTERN EUROPE-EU,IRISH REPUBLIC,GATWICK,IRELAND WEST(KNOCK),7044,7044,0,7104,7104,0,-0.844595
23/08/2018 13:42,201806,WESTERN EUROPE-EU,IRISH REPUBLIC,GATWICK,SHANNON,10602,10602,0,10521,10512,9,0.769889
23/08/2018 13:42,201806,WESTERN EUROPE-EU,IRISH REPUBLIC,HEATHROW,CORK,36490,36490,0,36414,36414,0,0.208711
23/08/2018 13:42,201806,WESTERN EUROPE-EU,IRISH REPUBLIC,HEATHROW,DUBLIN,167016,167016,0,168263,168263,0,-0.741102
23/08/2018 13:42,201806,WESTERN EUROPE-EU,IRISH REPUBLIC,HEATHROW,SHANNON,24162,24162,0,24206,24206,0,-0.181773
23/08/2018 13:42,201806,WESTERN EUROPE-EU,IRISH REPUBLIC,LONDON CITY,DUBLIN,44643,44643,0,41628,41628,0,7.242721
23/08/2018 13:42,201806,WESTERN EUROPE-EU,IRISH REPUBLIC,LUTON,DUBLIN,30908,30908,0,30752,30752,0,0.507284
23/08/2018 13:42,201806,WESTERN EUROPE-EU,IRISH REPUBLIC,LUTON,IRELAND WEST(KNOCK),13409,13409,0,13053,13053,0,2.727342
23/08/2018 13:42,201806,WESTERN EUROPE-EU,IRISH REPUBLIC,LUTON,KERRY COUNTY,10269,10269,0,10249,10249,0,0.195141
23/08/2018 13:42,201806,WESTERN EUROPE-EU,IRISH REPUBLIC,SOUTHEND,DUBLIN,12403,12403,0,0,0,0,0
23/08/2018 13:42,201806,WESTERN EUROPE-EU,IRISH REPUBLIC,STANSTED,CORK,30649,30649,0,30822,30822,0,-0.561287
23/08/2018 13:42,201806,WESTERN EUROPE-EU,IRISH REPUBLIC,STANSTED,DUBLIN,78076,78076,0,72334,72334,0,7.938176
23/08/2018 13:42,201806,WESTERN EUROPE-EU,IRISH REPUBLIC,STANSTED,IRELAND WEST(KNOCK),13501,13501,0,13172,13172,0,2.497722
23/08/2018 13:42,201806,WESTERN EUROPE-EU,IRISH REPUBLIC,STANSTED,KERRY COUNTY,7109,7109,0,7367,7367,0,-3.502104
23/08/2018 13:42,201806,WESTERN EUROPE-EU,IRISH REPUBLIC,STANSTED,SHANNON,17697,17697,0,17393,17393,0,1.74783
23/08/2018 13:42,201806,WESTERN EUROPE-EU,IRISH REPUBLIC,ABERDEEN,DUBLIN,4442,4442,0,4382,4382,0,1.369238
23/08/2018 13:42,201806,WESTERN EUROPE-EU,IRISH REPUBLIC,BELFAST INTERNATIONAL,DUBLIN,132,0,132,0,0,0,0
23/08/2018 13:42,201806,WESTERN EUROPE-EU,IRISH REPUBLIC,BIRMINGHAM,CORK,6492,6492,0,6642,6642,0,-2.258356
23/08/2018 13:42,201806,WESTERN EUROPE-EU,IRISH REPUBLIC,BIRMINGHAM,DUBLIN,73423,73423,0,68184,68184,0,7.683621
23/08/2018 13:42,201806,WESTERN EUROPE-EU,IRISH REPUBLIC,BIRMINGHAM,IRELAND WEST(KNOCK),3166,3166,0,3018,3018,0,4.90391
23/08/2018 13:42,201806,WESTERN EUROPE-EU,IRISH REPUBLIC,BIRMINGHAM,SHANNON,3008,3008,0,3281,3281,0,-8.320634
23/08/2018 13:42,201806,WESTERN EUROPE-EU,IRISH REPUBLIC,BOURNEMOUTH,DUBLIN,0,0,0,76,76,0,-100
23/08/2018 13:42,201806,WESTERN EUROPE-EU,IRISH REPUBLIC,BRISTOL,CORK,3448,3448,0,3812,3812,0,-9.548793
23/08/2018 13:42,201806,WESTERN EUROPE-EU,IRISH REPUBLIC,BRISTOL,DUBLIN,37568,37568,0,32619,32619,0,15.172139
23/08/2018 13:42,201806,WESTERN EUROPE-EU,IRISH REPUBLIC,BRISTOL,IRELAND WEST(KNOCK),3911,3911,0,3873,3873,0,0.981152
23/08/2018 13:42,201806,WESTERN EUROPE-EU,IRISH REPUBLIC,BRISTOL,SHANNON,1989,1989,0,0,0,0,0
23/08/2018 13:42,201806,WESTERN EUROPE-EU,IRISH REPUBLIC,CARDIFF WALES,CORK,1149,1149,0,1286,1286,0,-10.653188
23/08/2018 13:42,201806,WESTERN EUROPE-EU,IRISH REPUBLIC,CARDIFF WALES,DUBLIN,8845,8845,0,8143,8072,71,8.620901
23/08/2018 13:42,201806,WESTERN EUROPE-EU,IRISH REPUBLIC,DONCASTER SHEFFIELD,DUBLIN,3330,3330,0,3247,3247,0,2.556206
23/08/2018 13:42,201806,WESTERN EUROPE-EU,IRISH REPUBLIC,EAST MIDLANDS INTERNATIONAL,DUBLIN,17295,17295,0,18286,18286,0,-5.419447
23/08/2018 13:42,201806,WESTERN EUROPE-EU,IRISH REPUBLIC,EAST MIDLANDS INTERNATIONAL,IRELAND WEST(KNOCK),6176,6176,0,6397,6397,0,-3.454744
23/08/2018 13:42,201806,WESTERN EUROPE-EU,IRISH REPUBLIC,EDINBURGH,CORK,4347,4347,0,4230,4230,0,2.765957
23/08/2018 13:42,201806,WESTERN EUROPE-EU,IRISH REPUBLIC,EDINBURGH,DUBLIN,56665,56665,0,57085,57085,0,-0.735745
23/08/2018 13:42,201806,WESTERN EUROPE-EU,IRISH REPUBLIC,EDINBURGH,IRELAND WEST(KNOCK),2742,2742,0,2308,2308,0,18.804159
23/08/2018 13:42,201806,WESTERN EUROPE-EU,IRISH REPUBLIC,EDINBURGH,SHANNON,2888,2888,0,2826,2826,0,2.193914
23/08/2018 13:42,201806,WESTERN EUROPE-EU,IRISH REPUBLIC,EXETER,DUBLIN,3305,3305,0,3786,3786,0,-12.704702
23/08/2018 13:42,201806,WESTERN EUROPE-EU,IRISH REPUBLIC,GLASGOW,CORK,2199,2199,0,2243,2243,0,-1.961658
23/08/2018 13:42,201806,WESTERN EUROPE-EU,IRISH REPUBLIC,GLASGOW,DONEGAL,753,753,0,1140,1140,0,-33.947368
23/08/2018 13:42,201806,WESTERN EUROPE-EU,IRISH REPUBLIC,GLASGOW,DUBLIN,43518,43518,0,41866,41866,0,3.945923
23/08/2018 13:42,201806,WESTERN EUROPE-EU,IRISH REPUBLIC,INVERNESS,DUBLIN,1540,1540,0,2223,2223,0,-30.724247
23/08/2018 13:42,201806,WESTERN EUROPE-EU,IRISH REPUBLIC,ISLE OF MAN,DUBLIN,4574,4574,0,5754,5754,0,-20.507473
23/08/2018 13:42,201806,WESTERN EUROPE-EU,IRISH REPUBLIC,JERSEY,DUBLIN,2039,2039,0,2159,2159,0,-5.558129
23/08/2018 13:42,201806,WESTERN EUROPE-EU,IRISH REPUBLIC,LEEDS BRADFORD,DUBLIN,24002,24002,0,24712,24712,0,-2.873098
23/08/2018 13:42,201806,WESTERN EUROPE-EU,IRISH REPUBLIC,LIVERPOOL (JOHN LENNON),CORK,5323,5323,0,5126,5126,0,3.843153
23/08/2018 13:42,201806,WESTERN EUROPE-EU,IRISH REPUBLIC,LIVERPOOL (JOHN LENNON),DUBLIN,31849,31849,0,31489,31489,0,1.143256
23/08/2018 13:42,201806,WESTERN EUROPE-EU,IRISH REPUBLIC,LIVERPOOL (JOHN LENNON),IRELAND WEST(KNOCK),6758,6758,0,6293,6293,0,7.389163
23/08/2018 13:42,201806,WESTERN EUROPE-EU,IRISH REPUBLIC,LIVERPOOL (JOHN LENNON),SHANNON,2273,2273,0,0,0,0,0
23/08/2018 13:42,201806,WESTERN EUROPE-EU,IRISH REPUBLIC,MANCHESTER,CORK,8752,8752,0,9090,9090,0,-3.718372
23/08/2018 13:42,201806,WESTERN EUROPE-EU,IRISH REPUBLIC,MANCHESTER,DUBLIN,76420,76420,0,75830,75798,32,0.778056
23/08/2018 13:42,201806,WESTERN EUROPE-EU,IRISH REPUBLIC,MANCHESTER,IRELAND WEST(KNOCK),3591,3591,0,2431,2431,0,47.716989
23/08/2018 13:42,201806,WESTERN EUROPE-EU,IRISH REPUBLIC,MANCHESTER,SHANNON,6983,6983,0,5839,5839,0,19.592396
23/08/2018 13:42,201806,WESTERN EUROPE-EU,IRISH REPUBLIC,NEWCASTLE,CORK,944,944,0,940,940,0,0.425532
23/08/2018 13:42,201806,WESTERN EUROPE-EU,IRISH REPUBLIC,NEWCASTLE,DUBLIN,19462,19462,0,22371,22371,0,-13.003442
23/08/2018 13:42,201806,WESTERN EUROPE-EU,IRISH REPUBLIC,NEWQUAY,CORK,696,696,0,695,695,0,0.143885
23/08/2018 13:42,201806,WESTERN EUROPE-EU,IRISH REPUBLIC,NEWQUAY,DUBLIN,3201,3201,0,2862,2862,0,11.844864
23/08/2018 13:42,201806,WESTERN EUROPE-EU,IRISH REPUBLIC,NORWICH,DUBLIN,0,0,0,3,0,3,-100
23/08/2018 13:42,201806,WESTERN EUROPE-EU,IRISH REPUBLIC,SOUTHAMPTON,CORK,2380,2380,0,2595,2595,0,-8.285164
23/08/2018 13:42,201806,WESTERN EUROPE-EU,IRISH REPUBLIC,SOUTHAMPTON,DUBLIN,14045,14045,0,11854,11854,0,18.483212
23/08/2018 13:42,201806,WESTERN EUROPE-EU,ITALY,GATWICK,ALGHERO (FERTILIA),1911,0,1911,1562,0,1562,22.34315
23/08/2018 13:42,201806,WESTERN EUROPE-EU,ITALY,GATWICK,ANCONA,565,565,0,0,0,0,0
23/08/2018 13:42,201806,WESTERN EUROPE-EU,ITALY,GATWICK,BARI (PALESE),13469,13469,0,11840,11840,0,13.758446
23/08/2018 13:42,201806,WESTERN EUROPE-EU,ITALY,GATWICK,BOLOGNA,8947,8947,0,8645,8645,0,3.493349
23/08/2018 13:42,201806,WESTERN EUROPE-EU,ITALY,GATWICK,BRINDISI,2968,2968,0,2626,2626,0,13.02361
23/08/2018 13:42,201806,WESTERN EUROPE-EU,ITALY,GATWICK,CAGLIARI (ELMAS),5181,5155,26,4818,4818,0,7.534247
23/08/2018 13:42,201806,WESTERN EUROPE-EU,ITALY,GATWICK,CATANIA (FONTANAROSSA),26923,25213,1710,26516,24787,1729,1.534922
23/08/2018 13:42,201806,WESTERN EUROPE-EU,ITALY,GATWICK,FLORENCE,8547,8547,0,7361,7361,0,16.111941
23/08/2018 13:42,201806,WESTERN EUROPE-EU,ITALY,GATWICK,GENOA,8225,8225,0,7729,7729,0,6.417389
23/08/2018 13:42,201806,WESTERN EUROPE-EU,ITALY,GATWICK,MILAN (LINATE),25998,25998,0,25443,25443,0,2.181347
23/08/2018 13:42,201806,WESTERN EUROPE-EU,ITALY,GATWICK,MILAN (MALPENSA),52331,52331,0,49495,49495,0,5.729872
23/08/2018 13:42,201806,WESTERN EUROPE-EU,ITALY,GATWICK,NAPLES,49345,44245,5100,51431,45704,5727,-4.05592
23/08/2018 13:42,201806,WESTERN EUROPE-EU,ITALY,GATWICK,OLBIA,16105,14122,1983,16716,16716,0,-3.655181
23/08/2018 13:42,201806,WESTERN EUROPE-EU,ITALY,GATWICK,PALERMO,6651,6651,0,6562,6562,0,1.356294
23/08/2018 13:42,201806,WESTERN EUROPE-EU,ITALY,GATWICK,PISA,32142,32142,0,28770,28770,0,11.720542
23/08/2018 13:42,201806,WESTERN EUROPE-EU,ITALY,GATWICK,ROME (FIUMICINO),63484,63484,0,62648,62648,0,1.33444
23/08/2018 13:42,201806,WESTERN EUROPE-EU,ITALY,GATWICK,TURIN,7958,7958,0,7397,7397,0,7.584156
23/08/2018 13:42,201806,WESTERN EUROPE-EU,ITALY,GATWICK,VENICE,65730,64007,1723,69518,67891,1627,-5.448948
23/08/2018 13:42,201806,WESTERN EUROPE-EU,ITALY,GATWICK,VERONA VILLAFRANCA,33853,30843,3010,31012,28561,2451,9.16097
23/08/2018 13:42,201806,WESTERN EUROPE-EU,ITALY,HEATHROW,BOLOGNA,28310,28310,0,23848,23848,0,18.710164
23/08/2018 13:42,201806,WESTERN EUROPE-EU,ITALY,HEATHROW,BRINDISI,2663,2663,0,2294,2294,0,16.08544
23/08/2018 13:42,201806,WESTERN EUROPE-EU,ITALY,HEATHROW,CAGLIARI (ELMAS),1677,0,1677,1472,0,1472,13.92663
23/08/2018 13:42,201806,WESTERN EUROPE-EU,ITALY,HEATHROW,LAMETIA-TERME,1884,0,1884,0,0,0,0
23/08/2018 13:42,201806,WESTERN EUROPE-EU,ITALY,HEATHROW,MILAN (LINATE),58071,58071,0,57663,57663,0,0.707559
23/08/2018 13:42,201806,WESTERN EUROPE-EU,ITALY,HEATHROW,MILAN (MALPENSA),26251,26251,0,23215,23215,0,13.077751
23/08/2018 13:42,201806,WESTERN EUROPE-EU,ITALY,HEATHROW,OLBIA,7318,5311,2007,6063,3767,2296,20.699324
23/08/2018 13:42,201806,WESTERN EUROPE-EU,ITALY,HEATHROW,PALERMO,3564,3564,0,3525,3525,0,1.106383
23/08/2018 13:42,201806,WESTERN EUROPE-EU,ITALY,HEATHROW,PISA,13798,13798,0,11824,11824,0,16.694858
23/08/2018 13:42,201806,WESTERN EUROPE-EU,ITALY,HEATHROW,ROME (FIUMICINO),105610,105610,0,87982,87982,0,20.035916
23/08/2018 13:42,201806,WESTERN EUROPE-EU,ITALY,HEATHROW,VENICE,16468,16468,0,15261,15261,0,7.909049
23/08/2018 13:42,201806,WESTERN EUROPE-EU,ITALY,LONDON CITY,BOLOGNA,187,187,0,0,0,0,0
23/08/2018 13:42,201806,WESTERN EUROPE-EU,ITALY,LONDON CITY,FLORENCE,10624,10624,0,10531,10531,0,0.883107
23/08/2018 13:42,201806,WESTERN EUROPE-EU,ITALY,LONDON CITY,MILAN (LINATE),34467,34467,0,22782,22782,0,51.290492
23/08/2018 13:42,201806,WESTERN EUROPE-EU,ITALY,LONDON CITY,MILAN (MALPENSA),0,0,0,147,0,147,-100
23/08/2018 13:42,201806,WESTERN EUROPE-EU,ITALY,LONDON CITY,ROME (FIUMICINO),0,0,0,3719,3719,0,-100
23/08/2018 13:42,201806,WESTERN EUROPE-EU,ITALY,LONDON CITY,VENICE,2869,2869,0,2561,2561,0,12.026552
23/08/2018 13:42,201806,WESTERN EUROPE-EU,ITALY,LUTON,ALGHERO (FERTILIA),3715,3715,0,0,0,0,0
23/08/2018 13:42,201806,WESTERN EUROPE-EU,ITALY,LUTON,BARI (PALESE),5928,5928,0,0,0,0,0
23/08/2018 13:42,201806,WESTERN EUROPE-EU,ITALY,LUTON,BOLOGNA,0,0,0,6,0,6,-100
23/08/2018 13:42,201806,WESTERN EUROPE-EU,ITALY,LUTON,CATANIA (FONTANAROSSA),5817,5817,0,5368,5368,0,8.364382
23/08/2018 13:42,201806,WESTERN EUROPE-EU,ITALY,LUTON,FLORENCE,2975,2975,0,2737,2737,0,8.695652
23/08/2018 13:42,201806,WESTERN EUROPE-EU,ITALY,LUTON,GENOA,2933,2933,0,0,0,0,0
23/08/2018 13:42,201806,WESTERN EUROPE-EU,ITALY,LUTON,MILAN (MALPENSA),16386,16386,0,16184,16008,176,1.248146
23/08/2018 13:42,201806,WESTERN EUROPE-EU,ITALY,LUTON,NAPLES,14806,12967,1839,14476,13012,1464,2.279635
23/08/2018 13:42,201806,WESTERN EUROPE-EU,ITALY,LUTON,OLBIA,3037,3037,0,2916,2916,0,4.14952
23/08/2018 13:42,201806,WESTERN EUROPE-EU,ITALY,LUTON,PALERMO,4443,4443,0,0,0,0,0
23/08/2018 13:42,201806,WESTERN EUROPE-EU,ITALY,LUTON,PISA,11915,11915,0,10656,10656,0,11.81494
23/08/2018 13:42,201806,WESTERN EUROPE-EU,ITALY,LUTON,ROME (FIUMICINO),11994,11994,0,12633,12633,0,-5.058181
23/08/2018 13:42,201806,WESTERN EUROPE-EU,ITALY,LUTON,SALERNO COSTA AMALFI,0,0,0,12,0,12,-100
23/08/2018 13:42,201806,WESTERN EUROPE-EU,ITALY,LUTON,TURIN,2556,2556,0,4005,4005,0,-36.179775
23/08/2018 13:42,201806,WESTERN EUROPE-EU,ITALY,LUTON,VENICE,9269,9269,0,9418,9418,0,-1.582077
23/08/2018 13:42,201806,WESTERN EUROPE-EU,ITALY,SOUTHEND,CAGLIARI (ELMAS),1775,1775,0,0,0,0,0
23/08/2018 13:42,201806,WESTERN EUROPE-EU,ITALY,SOUTHEND,CATANIA (FONTANAROSSA),2164,2164,0,0,0,0,0
23/08/2018 13:42,201806,WESTERN EUROPE-EU,ITALY,SOUTHEND,MILAN (MALPENSA),3175,3175,0,1993,1993,0,59.307577
23/08/2018 13:42,201806,WESTERN EUROPE-EU,ITALY,SOUTHEND,VENICE,0,0,0,885,885,0,-100
23/08/2018 13:42,201806,WESTERN EUROPE-EU,ITALY,STANSTED,ALGHERO (FERTILIA),4587,4587,0,6014,6014,0,-23.727968
23/08/2018 13:42,201806,WESTERN EUROPE-EU,ITALY,STANSTED,ANCONA,10745,10745,0,10764,10764,0,-0.176514
23/08/2018 13:42,201806,WESTERN EUROPE-EU,ITALY,STANSTED,BARI (PALESE),11257,10519,738,10678,10678,0,5.422364
23/08/2018 13:42,201806,WESTERN EUROPE-EU,ITALY,STANSTED,BERGAMO,41945,41945,0,41193,41193,0,1.825553
23/08/2018 13:42,201806,WESTERN EUROPE-EU,ITALY,STANSTED,BOLOGNA,19838,19838,0,19942,19942,0,-0.521512
23/08/2018 13:42,201806,WESTERN EUROPE-EU,ITALY,STANSTED,BRINDISI,7532,7532,0,7495,7495,0,0.493662
23/08/2018 13:42,201806,WESTERN EUROPE-EU,ITALY,STANSTED,CAGLIARI (ELMAS),13260,13260,0,13504,13504,0,-1.806872
23/08/2018 13:42,201806,WESTERN EUROPE-EU,ITALY,STANSTED,COMISO,3101,3101,0,3093,3093,0,0.258649
23/08/2018 13:42,201806,WESTERN EUROPE-EU,ITALY,STANSTED,FLORENCE,1382,1382,0,1010,1010,0,36.831683
23/08/2018 13:42,201806,WESTERN EUROPE-EU,ITALY,STANSTED,GENOA,8656,8656,0,9078,9078,0,-4.648601
23/08/2018 13:42,201806,WESTERN EUROPE-EU,ITALY,STANSTED,LAMETIA-TERME,6013,6013,0,6032,6032,0,-0.314987
23/08/2018 13:42,201806,WESTERN EUROPE-EU,ITALY,STANSTED,MILAN (LINATE),1216,1216,0,783,783,0,55.300128
23/08/2018 13:42,201806,WESTERN EUROPE-EU,ITALY,STANSTED,MILAN (MALPENSA),20875,20875,0,20266,20266,0,3.005033
23/08/2018 13:42,201806,WESTERN EUROPE-EU,ITALY,STANSTED,NAPLES,32386,32386,0,17391,17391,0,86.222759
23/08/2018 13:42,201806,WESTERN EUROPE-EU,ITALY,STANSTED,PALERMO,10998,10998,0,10750,10750,0,2.306977
23/08/2018 13:42,201806,WESTERN EUROPE-EU,ITALY,STANSTED,PERUGIA,8969,8969,0,9352,9352,0,-4.095381
23/08/2018 13:42,201806,WESTERN EUROPE-EU,ITALY,STANSTED,PESCARA,7525,7525,0,7462,7462,0,0.844278
23/08/2018 13:42,201806,WESTERN EUROPE-EU,ITALY,STANSTED,PISA,31163,31163,0,34599,34599,0,-9.930923
23/08/2018 13:42,201806,WESTERN EUROPE-EU,ITALY,STANSTED,RIMINI,3257,3257,0,0,0,0,0
23/08/2018 13:42,201806,WESTERN EUROPE-EU,ITALY,STANSTED,ROME (CIAMPINO),53317,53317,0,53194,53194,0,0.231229
23/08/2018 13:42,201806,WESTERN EUROPE-EU,ITALY,STANSTED,ROME (FIUMICINO),0,0,0,1089,0,1089,-100
23/08/2018 13:42,201806,WESTERN EUROPE-EU,ITALY,STANSTED,TREVISO,25903,25903,0,28537,28537,0,-9.230122
23/08/2018 13:42,201806,WESTERN EUROPE-EU,ITALY,STANSTED,TRIESTE (RONCHI DEI LEGIONARI),6002,6002,0,5924,5924,0,1.316678
23/08/2018 13:42,201806,WESTERN EUROPE-EU,ITALY,STANSTED,TURIN,10349,10349,0,9978,9978,0,3.71818
23/08/2018 13:42,201806,WESTERN EUROPE-EU,ITALY,STANSTED,VENICE,359,359,0,0,0,0,0
23/08/2018 13:42,201806,WESTERN EUROPE-EU,ITALY,STANSTED,VERONA VILLAFRANCA,9941,9941,0,7629,7629,0,30.305414
23/08/2018 13:42,201806,WESTERN EUROPE-EU,ITALY,ABERDEEN,CATANIA (FONTANAROSSA),182,182,0,0,0,0,0
23/08/2018 13:42,201806,WESTERN EUROPE-EU,ITALY,BELFAST INTERNATIONAL,BERGAMO,3162,3162,0,2553,2553,0,23.854289
23/08/2018 13:42,201806,WESTERN EUROPE-EU,ITALY,BELFAST INTERNATIONAL,NAPLES,2206,2206,0,0,0,0,0
23/08/2018 13:42,201806,WESTERN EUROPE-EU,ITALY,BELFAST INTERNATIONAL,VENICE,867,867,0,0,0,0,0
23/08/2018 13:42,201806,WESTERN EUROPE-EU,ITALY,BELFAST INTERNATIONAL,VERONA VILLAFRANCA,1254,0,1254,1142,0,1142,9.807356
23/08/2018 13:42,201806,WESTERN EUROPE-EU,ITALY,BIRMINGHAM,ALGHERO (FERTILIA),2030,182,1848,1471,0,1471,38.00136
23/08/2018 13:42,201806,WESTERN EUROPE-EU,ITALY,BIRMINGHAM,BARI (PALESE),689,0,689,0,0,0,0
23/08/2018 13:42,201806,WESTERN EUROPE-EU,ITALY,BIRMINGHAM,BERGAMO,211,0,211,0,0,0,0
23/08/2018 13:42,201806,WESTERN EUROPE-EU,ITALY,BIRMINGHAM,CATANIA (FONTANAROSSA),1487,0,1487,1423,0,1423,4.49754
23/08/2018 13:42,201806,WESTERN EUROPE-EU,ITALY,BIRMINGHAM,COMISO,1298,1298,0,1293,1293,0,0.386698
23/08/2018 13:42,201806,WESTERN EUROPE-EU,ITALY,BIRMINGHAM,FLORENCE,870,870,0,339,339,0,156.637168
23/08/2018 13:42,201806,WESTERN EUROPE-EU,ITALY,BIRMINGHAM,MILAN (MALPENSA),5299,5299,0,8818,8818,0,-39.907008
23/08/2018 13:42,201806,WESTERN EUROPE-EU,ITALY,BIRMINGHAM,NAPLES,6703,2813,3890,5236,1805,3431,28.017571
23/08/2018 13:42,201806,WESTERN EUROPE-EU,ITALY,BIRMINGHAM,PISA,2410,2410,0,0,0,0,0
23/08/2018 13:42,201806,WESTERN EUROPE-EU,ITALY,BIRMINGHAM,ROME (FIUMICINO),6064,6064,0,10805,10566,239,-43.877834
23/08/2018 13:42,201806,WESTERN EUROPE-EU,ITALY,BIRMINGHAM,VENICE,3093,3093,0,7325,7325,0,-57.774744
23/08/2018 13:42,201806,WESTERN EUROPE-EU,ITALY,BIRMINGHAM,VERONA VILLAFRANCA,7229,3195,4034,6349,3141,3208,13.86045
23/08/2018 13:42,201806,WESTERN EUROPE-EU,ITALY,BOURNEMOUTH,NAPLES,1858,0,1858,1797,0,1797,3.394546
23/08/2018 13:42,201806,WESTERN EUROPE-EU,ITALY,BOURNEMOUTH,VERONA VILLAFRANCA,0,0,0,286,0,286,-100
23/08/2018 13:42,201806,WESTERN EUROPE-EU,ITALY,BRISTOL,BERGAMO,4563,4563,0,4562,4562,0,0.02192
23/08/2018 13:42,201806,WESTERN EUROPE-EU,ITALY,BRISTOL,BOLOGNA,2373,2373,0,2703,2703,0,-12.208657
23/08/2018 13:42,201806,WESTERN EUROPE-EU,ITALY,BRISTOL,CATANIA (FONTANAROSSA),2690,2690,0,2662,2662,0,1.051841
23/08/2018 13:42,201806,WESTERN EUROPE-EU,ITALY,BRISTOL,FLORENCE,723,723,0,422,422,0,71.327014
23/08/2018 13:42,201806,WESTERN EUROPE-EU,ITALY,BRISTOL,GENOA,2477,2477,0,0,0,0,0
23/08/2018 13:42,201806,WESTERN EUROPE-EU,ITALY,BRISTOL,MILAN (MALPENSA),577,577,0,1224,1224,0,-52.859477
23/08/2018 13:42,201806,WESTERN EUROPE-EU,ITALY,BRISTOL,NAPLES,7381,4341,3040,7097,3749,3348,4.001691
23/08/2018 13:42,201806,WESTERN EUROPE-EU,ITALY,BRISTOL,OLBIA,4840,4373,467,3283,3283,0,47.426135
23/08/2018 13:42,201806,WESTERN EUROPE-EU,ITALY,BRISTOL,PISA,9603,9603,0,7839,7839,0,22.50287
23/08/2018 13:42,201806,WESTERN EUROPE-EU,ITALY,BRISTOL,ROME (FIUMICINO),10377,10377,0,10768,10573,195,-3.631129
23/08/2018 13:42,201806,WESTERN EUROPE-EU,ITALY,BRISTOL,VENICE,13994,13994,0,12557,12557,0,11.443816
23/08/2018 13:42,201806,WESTERN EUROPE-EU,ITALY,BRISTOL,VERONA VILLAFRANCA,1614,0,1614,0,0,0,0
23/08/2018 13:42,201806,WESTERN EUROPE-EU,ITALY,CARDIFF WALES,BERGAMO,0,0,0,511,0,511,-100
23/08/2018 13:42,201806,WESTERN EUROPE-EU,ITALY,CARDIFF WALES,BOLOGNA,0,0,0,338,0,338,-100
23/08/2018 13:42,201806,WESTERN EUROPE-EU,ITALY,CARDIFF WALES,CATANIA (FONTANAROSSA),0,0,0,339,0,339,-100
23/08/2018 13:42,201806,WESTERN EUROPE-EU,ITALY,CARDIFF WALES,MILAN (MALPENSA),2140,2102,38,7623,2685,4938,-71.927063
23/08/2018 13:42,201806,WESTERN EUROPE-EU,ITALY,CARDIFF WALES,PISA,0,0,0,36,0,36,-100
23/08/2018 13:42,201806,WESTERN EUROPE-EU,ITALY,CARDIFF WALES,ROME (FIUMICINO),1804,1804,0,3864,1427,2437,-53.312629
23/08/2018 13:42,201806,WESTERN EUROPE-EU,ITALY,CARDIFF WALES,TURIN,0,0,0,5978,0,5978,-100
23/08/2018 13:42,201806,WESTERN EUROPE-EU,ITALY,CARDIFF WALES,VENICE,1442,1442,0,190,0,190,658.947368
23/08/2018 13:42,201806,WESTERN EUROPE-EU,ITALY,CARDIFF WALES,VERONA VILLAFRANCA,1498,1498,0,2116,1434,682,-29.206049
23/08/2018 13:42,201806,WESTERN EUROPE-EU,ITALY,DONCASTER SHEFFIELD,NAPLES,1304,0,1304,0,0,0,0
23/08/2018 13:42,201806,WESTERN EUROPE-EU,ITALY,DURHAM TEES VALLEY,NAPLES,0,0,0,289,142,147,-100
23/08/2018 13:42,201806,WESTERN EUROPE-EU,ITALY,DURHAM TEES VALLEY,VENICE,0,0,0,87,0,87,-100
23/08/2018 13:42,201806,WESTERN EUROPE-EU,ITALY,EAST MIDLANDS INTERNATIONAL,BERGAMO,4652,4652,0,4651,4651,0,0.021501
23/08/2018 13:42,201806,WESTERN EUROPE-EU,ITALY,EAST MIDLANDS INTERNATIONAL,NAPLES,7587,4363,3224,7954,4832,3122,-4.614031
23/08/2018 13:42,201806,WESTERN EUROPE-EU,ITALY,EAST MIDLANDS INTERNATIONAL,PISA,4213,4213,0,3797,3797,0,10.956018
23/08/2018 13:42,201806,WESTERN EUROPE-EU,ITALY,EAST MIDLANDS INTERNATIONAL,ROME (CIAMPINO),4307,4307,0,4587,4587,0,-6.104208
23/08/2018 13:42,201806,WESTERN EUROPE-EU,ITALY,EAST MIDLANDS INTERNATIONAL,ROME (FIUMICINO),0,0,0,133,0,133,-100
23/08/2018 13:42,201806,WESTERN EUROPE-EU,ITALY,EAST MIDLANDS INTERNATIONAL,TREVISO,4152,4152,0,5903,5903,0,-29.662883
23/08/2018 13:42,201806,WESTERN EUROPE-EU,ITALY,EAST MIDLANDS INTERNATIONAL,VERONA VILLAFRANCA,1232,1232,0,854,854,0,44.262295
23/08/2018 13:42,201806,WESTERN EUROPE-EU,ITALY,EDINBURGH,BERGAMO,7718,7718,0,7228,7228,0,6.779192
23/08/2018 13:42,201806,WESTERN EUROPE-EU,ITALY,EDINBURGH,BOLOGNA,3201,3201,0,3194,3194,0,0.219161
23/08/2018 13:42,201806,WESTERN EUROPE-EU,ITALY,EDINBURGH,FLORENCE,723,723,0,0,0,0,0
23/08/2018 13:42,201806,WESTERN EUROPE-EU,ITALY,EDINBURGH,MILAN (MALPENSA),15066,15066,0,14533,14533,0,3.667515
23/08/2018 13:42,201806,WESTERN EUROPE-EU,ITALY,EDINBURGH,NAPLES,6046,6046,0,3947,3947,0,53.17963
23/08/2018 13:42,201806,WESTERN EUROPE-EU,ITALY,EDINBURGH,PISA,4624,4624,0,4543,4543,0,1.782963
23/08/2018 13:42,201806,WESTERN EUROPE-EU,ITALY,EDINBURGH,ROME (CIAMPINO),7833,7833,0,7575,7575,0,3.405941
23/08/2018 13:42,201806,WESTERN EUROPE-EU,ITALY,EDINBURGH,ROME (FIUMICINO),401,0,401,2443,2137,306,-83.585755
23/08/2018 13:42,201806,WESTERN EUROPE-EU,ITALY,EDINBURGH,TREVISO,4502,4502,0,0,0,0,0
23/08/2018 13:42,201806,WESTERN EUROPE-EU,ITALY,EDINBURGH,VENICE,7642,7642,0,8673,8673,0,-11.887467
23/08/2018 13:42,201806,WESTERN EUROPE-EU,ITALY,EDINBURGH,VERONA VILLAFRANCA,2780,2780,0,1022,1022,0,172.015656
23/08/2018 13:42,201806,WESTERN EUROPE-EU,ITALY,GLASGOW,GENOA,273,0,273,0,0,0,0
23/08/2018 13:42,201806,WESTERN EUROPE-EU,ITALY,GLASGOW,GROSETTO,0,0,0,123,0,123,-100
23/08/2018 13:42,201806,WESTERN EUROPE-EU,ITALY,GLASGOW,MILAN (MALPENSA),4320,3871,449,4132,3701,431,4.549855
23/08/2018 13:42,201806,WESTERN EUROPE-EU,ITALY,GLASGOW,NAPLES,2158,0,2158,2166,0,2166,-0.369344
23/08/2018 13:42,201806,WESTERN EUROPE-EU,ITALY,GLASGOW,ROME (FIUMICINO),3284,3284,0,3292,3292,0,-0.243013
23/08/2018 13:42,201806,WESTERN EUROPE-EU,ITALY,GLASGOW,VENICE,674,0,674,777,0,777,-13.256113
23/08/2018 13:42,201806,WESTERN EUROPE-EU,ITALY,GLASGOW,VERONA VILLAFRANCA,2958,0,2958,2773,0,2773,6.671475
23/08/2018 13:42,201806,WESTERN EUROPE-EU,ITALY,GLOUCESTERSHIRE,TURIN,0,0,0,60,0,60,-100
23/08/2018 13:42,201806,WESTERN EUROPE-EU,ITALY,HUMBERSIDE,NAPLES,0,0,0,208,0,208,-100
23/08/2018 13:42,201806,WESTERN EUROPE-EU,ITALY,HUMBERSIDE,VENICE,0,0,0,190,0,190,-100
23/08/2018 13:42,201806,WESTERN EUROPE-EU,ITALY,HUMBERSIDE,VERONA VILLAFRANCA,0,0,0,284,0,284,-100
23/08/2018 13:42,201806,WESTERN EUROPE-EU,ITALY,ISLE OF MAN,VERONA VILLAFRANCA,0,0,0,284,0,284,-100
23/08/2018 13:42,201806,WESTERN EUROPE-EU,ITALY,JERSEY,VENICE,0,0,0,145,0,145,-100
23/08/2018 13:42,201806,WESTERN EUROPE-EU,ITALY,LEEDS BRADFORD,NAPLES,2537,2537,0,3705,3705,0,-31.524966
23/08/2018 13:42,201806,WESTERN EUROPE-EU,ITALY,LEEDS BRADFORD,PISA,6160,6160,0,6140,6140,0,0.325733
23/08/2018 13:42,201806,WESTERN EUROPE-EU,ITALY,LEEDS BRADFORD,ROME (FIUMICINO),2853,2853,0,3150,3150,0,-9.428571
23/08/2018 13:42,201806,WESTERN EUROPE-EU,ITALY,LEEDS BRADFORD,TREVISO,3048,3048,0,2638,2638,0,15.542077
23/08/2018 13:42,201806,WESTERN EUROPE-EU,ITALY,LEEDS BRADFORD,VENICE,2434,2434,0,2882,2882,0,-15.544761
23/08/2018 13:42,201806,WESTERN EUROPE-EU,ITALY,LEEDS BRADFORD,VERONA VILLAFRANCA,1087,1087,0,126,126,0,762.698413
23/08/2018 13:42,201806,WESTERN EUROPE-EU,ITALY,LIVERPOOL (JOHN LENNON),BARI (PALESE),3163,3163,0,2605,2605,0,21.420345
23/08/2018 13:42,201806,WESTERN EUROPE-EU,ITALY,LIVERPOOL (JOHN LENNON),BERGAMO,1832,1832,0,2275,2275,0,-19.472527
23/08/2018 13:42,201806,WESTERN EUROPE-EU,ITALY,LIVERPOOL (JOHN LENNON),MILAN (MALPENSA),4450,4450,0,0,0,0,0
23/08/2018 13:42,201806,WESTERN EUROPE-EU,ITALY,LIVERPOOL (JOHN LENNON),NAPLES,2742,2742,0,2672,2672,0,2.61976
23/08/2018 13:42,201806,WESTERN EUROPE-EU,ITALY,LIVERPOOL (JOHN LENNON),PISA,3057,3057,0,3215,3215,0,-4.914463
23/08/2018 13:42,201806,WESTERN EUROPE-EU,ITALY,LIVERPOOL (JOHN LENNON),ROME (FIUMICINO),3467,3467,0,5217,5217,0,-33.544182
23/08/2018 13:42,201806,WESTERN EUROPE-EU,ITALY,LIVERPOOL (JOHN LENNON),TURIN,0,0,0,56,0,56,-100
23/08/2018 13:42,201806,WESTERN EUROPE-EU,ITALY,LIVERPOOL (JOHN LENNON),VENICE,2869,2869,0,0,0,0,0
23/08/2018 13:42,201806,WESTERN EUROPE-EU,ITALY,MANCHESTER,ALGHERO (FERTILIA),1806,0,1806,1465,0,1465,23.276451
23/08/2018 13:42,201806,WESTERN EUROPE-EU,ITALY,MANCHESTER,BARI (PALESE),266,0,266,0,0,0,0
23/08/2018 13:42,201806,WESTERN EUROPE-EU,ITALY,MANCHESTER,BERGAMO,14930,14930,0,13484,13484,0,10.723821
23/08/2018 13:42,201806,WESTERN EUROPE-EU,ITALY,MANCHESTER,BOLOGNA,7449,7449,0,4695,4695,0,58.658147
23/08/2018 13:42,201806,WESTERN EUROPE-EU,ITALY,MANCHESTER,BRINDISI,3156,3156,0,3177,3177,0,-0.661001
23/08/2018 13:42,201806,WESTERN EUROPE-EU,ITALY,MANCHESTER,CAGLIARI (ELMAS),2586,2586,0,0,0,0,0
23/08/2018 13:42,201806,WESTERN EUROPE-EU,ITALY,MANCHESTER,CATANIA (FONTANAROSSA),6966,5484,1482,6125,4665,1460,13.730612
23/08/2018 13:42,201806,WESTERN EUROPE-EU,ITALY,MANCHESTER,FLORENCE,751,751,0,0,0,0,0
23/08/2018 13:42,201806,WESTERN EUROPE-EU,ITALY,MANCHESTER,GENOA,3166,3166,0,0,0,0,0
23/08/2018 13:42,201806,WESTERN EUROPE-EU,ITALY,MANCHESTER,MILAN (MALPENSA),13044,13026,18,17129,17129,0,-23.848444
23/08/2018 13:42,201806,WESTERN EUROPE-EU,ITALY,MANCHESTER,NAPLES,18197,12816,5381,19677,14672,5005,-7.521472
23/08/2018 13:42,201806,WESTERN EUROPE-EU,ITALY,MANCHESTER,OLBIA,6915,4551,2364,3798,2311,1487,82.06951
23/08/2018 13:42,201806,WESTERN EUROPE-EU,ITALY,MANCHESTER,PALERMO,3194,3194,0,0,0,0,0
23/08/2018 13:42,201806,WESTERN EUROPE-EU,ITALY,MANCHESTER,PISA,11984,11984,0,11541,11541,0,3.838489
23/08/2018 13:42,201806,WESTERN EUROPE-EU,ITALY,MANCHESTER,ROME (CIAMPINO),15522,15522,0,15486,15486,0,0.232468
23/08/2018 13:42,201806,WESTERN EUROPE-EU,ITALY,MANCHESTER,ROME (FIUMICINO),9423,9423,0,12097,11639,458,-22.104654
23/08/2018 13:42,201806,WESTERN EUROPE-EU,ITALY,MANCHESTER,TREVISO,4541,4541,0,0,0,0,0
23/08/2018 13:42,201806,WESTERN EUROPE-EU,ITALY,MANCHESTER,VENICE,14246,12376,1870,19380,17538,1842,-26.491228
23/08/2018 13:42,201806,WESTERN EUROPE-EU,ITALY,MANCHESTER,VERONA VILLAFRANCA,8633,3056,5577,8413,4366,4047,2.615001
23/08/2018 13:42,201806,WESTERN EUROPE-EU,ITALY,NEWCASTLE,NAPLES,3200,3200,0,3197,3197,0,0.093838
23/08/2018 13:42,201806,WESTERN EUROPE-EU,ITALY,NEWCASTLE,PISA,2506,2506,0,2062,2062,0,21.532493
23/08/2018 13:42,201806,WESTERN EUROPE-EU,ITALY,NEWCASTLE,ROME (FIUMICINO),2551,2551,0,2540,2540,0,0.433071
23/08/2018 13:42,201806,WESTERN EUROPE-EU,ITALY,NEWCASTLE,VERONA VILLAFRANCA,3180,3180,0,2747,2747,0,15.76265
23/08/2018 13:42,201806,WESTERN EUROPE-EU,ITALY,NEWQUAY,NAPLES,0,0,0,130,0,130,-100
23/08/2018 13:42,201806,WESTERN EUROPE-EU,ITALY,NORWICH,VENICE,0,0,0,185,0,185,-100
23/08/2018 13:42,201806,WESTERN EUROPE-EU,ITALY,PRESTWICK,PISA,2741,2741,0,2581,2581,0,6.199148
23/08/2018 13:42,201806,WESTERN EUROPE-EU,ITALY,PRESTWICK,ROME (CIAMPINO),3179,3179,0,2828,2828,0,12.411598
23/08/2018 13:42,201806,WESTERN EUROPE-EU,ITALY,SOUTHAMPTON,VERONA VILLAFRANCA,1865,1865,0,1553,1553,0,20.090148
23/08/2018 13:42,201806,WESTERN EUROPE-EU,LUXEMBOURG,GATWICK,LUXEMBOURG,4778,4778,0,5002,5002,0,-4.478209
23/08/2018 13:42,201806,WESTERN EUROPE-EU,LUXEMBOURG,HEATHROW,LUXEMBOURG,13735,13735,0,12643,12643,0,8.637191
23/08/2018 13:42,201806,WESTERN EUROPE-EU,LUXEMBOURG,LONDON CITY,LUXEMBOURG,16711,16711,0,16434,16434,0,1.68553
23/08/2018 13:42,201806,WESTERN EUROPE-EU,LUXEMBOURG,STANSTED,LUXEMBOURG,8984,8984,0,8599,8599,0,4.477265
23/08/2018 13:42,201806,WESTERN EUROPE-EU,LUXEMBOURG,BIRMINGHAM,LUXEMBOURG,0,0,0,2752,2752,0,-100
23/08/2018 13:42,201806,WESTERN EUROPE-EU,LUXEMBOURG,JERSEY,LUXEMBOURG,148,0,148,0,0,0,0
23/08/2018 13:42,201806,WESTERN EUROPE-EU,LUXEMBOURG,MANCHESTER,LUXEMBOURG,2448,2448,0,2305,2305,0,6.203905
23/08/2018 13:42,201806,WESTERN EUROPE-EU,MALTA,GATWICK,MALTA,41033,38102,2931,37441,34464,2977,9.593761
23/08/2018 13:42,201806,WESTERN EUROPE-EU,MALTA,HEATHROW,MALTA,19147,19147,0,17581,17581,0,8.907343
23/08/2018 13:42,201806,WESTERN EUROPE-EU,MALTA,LUTON,MALTA,11957,11957,0,12746,12746,0,-6.190177
23/08/2018 13:42,201806,WESTERN EUROPE-EU,MALTA,SOUTHEND,MALTA,5711,5711,0,0,0,0,0
23/08/2018 13:42,201806,WESTERN EUROPE-EU,MALTA,STANSTED,MALTA,11178,10847,331,7569,7569,0,47.681332
23/08/2018 13:42,201806,WESTERN EUROPE-EU,MALTA,ABERDEEN,MALTA,2487,2487,0,0,0,0,0
23/08/2018 13:42,201806,WESTERN EUROPE-EU,MALTA,BELFAST INTERNATIONAL,MALTA,4015,4015,0,0,0,0,0
23/08/2018 13:42,201806,WESTERN EUROPE-EU,MALTA,BIRMINGHAM,MALTA,9626,8332,1294,9211,7411,1800,4.505483
23/08/2018 13:42,201806,WESTERN EUROPE-EU,MALTA,BOURNEMOUTH,MALTA,2784,2784,0,3150,3150,0,-11.619048
23/08/2018 13:42,201806,WESTERN EUROPE-EU,MALTA,BRISTOL,MALTA,6647,5293,1354,8036,6782,1254,-17.284719
23/08/2018 13:42,201806,WESTERN EUROPE-EU,MALTA,EAST MIDLANDS INTERNATIONAL,MALTA,5978,5978,0,6254,6254,0,-4.413176
23/08/2018 13:42,201806,WESTERN EUROPE-EU,MALTA,EDINBURGH,MALTA,6060,6060,0,6120,5943,177,-0.980392
23/08/2018 13:42,201806,WESTERN EUROPE-EU,MALTA,GLASGOW,MALTA,2703,2703,0,3114,3114,0,-13.198459
23/08/2018 13:42,201806,WESTERN EUROPE-EU,MALTA,LEEDS BRADFORD,MALTA,6305,6305,0,4596,4596,0,37.184508
23/08/2018 13:42,201806,WESTERN EUROPE-EU,MALTA,LIVERPOOL (JOHN LENNON),MALTA,3196,3196,0,3166,3166,0,0.947568
23/08/2018 13:42,201806,WESTERN EUROPE-EU,MALTA,MANCHESTER,MALTA,23852,21002,2850,22546,18977,3569,5.792602
23/08/2018 13:42,201806,WESTERN EUROPE-EU,MALTA,NEWCASTLE,MALTA,4506,4506,0,4455,4455,0,1.144781
23/08/2018 13:42,201806,WESTERN EUROPE-EU,MALTA,PRESTWICK,MALTA,1354,1354,0,1698,1698,0,-20.259128
23/08/2018 13:42,201806,WESTERN EUROPE-EU,NETHERLANDS,GATWICK,AMSTERDAM,92297,92297,0,89763,89763,0,2.822989
23/08/2018 13:42,201806,WESTERN EUROPE-EU,NETHERLANDS,HEATHROW,AMSTERDAM,145578,145578,0,145280,145280,0,0.205121
23/08/2018 13:42,201806,WESTERN EUROPE-EU,NETHERLANDS,LONDON CITY,AMSTERDAM,54142,54142,0,54598,54598,0,-0.835195
23/08/2018 13:42,201806,WESTERN EUROPE-EU,NETHERLANDS,LONDON CITY,ROTTERDAM,15178,15178,0,15199,15199,0,-0.138167
23/08/2018 13:42,201806,WESTERN EUROPE-EU,NETHERLANDS,LUTON,AMSTERDAM,68743,68743,0,65889,65889,0,4.331527
23/08/2018 13:42,201806,WESTERN EUROPE-EU,NETHERLANDS,SOUTHEND,AMSTERDAM,15225,15225,0,13579,13579,0,12.121658
23/08/2018 13:42,201806,WESTERN EUROPE-EU,NETHERLANDS,SOUTHEND,GRONINGEN,5341,5341,0,2446,2446,0,118.3565
23/08/2018 13:42,201806,WESTERN EUROPE-EU,NETHERLANDS,STANSTED,AMSTERDAM,28874,28874,0,27539,27454,85,4.847671
23/08/2018 13:42,201806,WESTERN EUROPE-EU,NETHERLANDS,STANSTED,EINDHOVEN,19603,19603,0,19075,19075,0,2.768021
23/08/2018 13:42,201806,WESTERN EUROPE-EU,NETHERLANDS,ABERDEEN,AMSTERDAM,24561,24561,0,25738,25738,0,-4.573005
23/08/2018 13:42,201806,WESTERN EUROPE-EU,NETHERLANDS,BELFAST CITY (GEORGE BEST),AMSTERDAM,4532,4532,0,4718,4718,0,-3.942348
23/08/2018 13:42,201806,WESTERN EUROPE-EU,NETHERLANDS,BELFAST INTERNATIONAL,AMSTERDAM,12718,12718,0,12728,12728,0,-0.078567
23/08/2018 13:42,201806,WESTERN EUROPE-EU,NETHERLANDS,BIRMINGHAM,AMSTERDAM,59506,59506,0,57287,57287,0,3.873479
23/08/2018 13:42,201806,WESTERN EUROPE-EU,NETHERLANDS,BRISTOL,AMSTERDAM,37217,37217,0,35137,35137,0,5.919686
23/08/2018 13:42,201806,WESTERN EUROPE-EU,NETHERLANDS,CARDIFF WALES,AMSTERDAM,12614,12614,0,11872,11872,0,6.25
23/08/2018 13:42,201806,WESTERN EUROPE-EU,NETHERLANDS,DONCASTER SHEFFIELD,AMSTERDAM,5079,5079,0,4428,4428,0,14.701897
23/08/2018 13:42,201806,WESTERN EUROPE-EU,NETHERLANDS,DURHAM TEES VALLEY,AMSTERDAM,9767,9767,0,8218,8218,0,18.848868
23/08/2018 13:42,201806,WESTERN EUROPE-EU,NETHERLANDS,EAST MIDLANDS INTERNATIONAL,AMSTERDAM,4034,4034,0,3542,3542,0,13.890457
23/08/2018 13:42,201806,WESTERN EUROPE-EU,NETHERLANDS,EDINBURGH,AMSTERDAM,62903,62903,0,62136,62136,0,1.234389
23/08/2018 13:42,201806,WESTERN EUROPE-EU,NETHERLANDS,EDINBURGH,EINDHOVEN,4427,4427,0,0,0,0,0
23/08/2018 13:42,201806,WESTERN EUROPE-EU,NETHERLANDS,EXETER,AMSTERDAM,4346,4346,0,3921,3921,0,10.839072
23/08/2018 13:42,201806,WESTERN EUROPE-EU,NETHERLANDS,GLASGOW,AMSTERDAM,37182,37182,0,42426,42426,0,-12.360345
23/08/2018 13:42,201806,WESTERN EUROPE-EU,NETHERLANDS,GUERNSEY,ROTTERDAM,428,0,428,423,423,0,1.182033
23/08/2018 13:42,201806,WESTERN EUROPE-EU,NETHERLANDS,HUMBERSIDE,AMSTERDAM,10453,10453,0,10058,10058,0,3.927222
23/08/2018 13:42,201806,WESTERN EUROPE-EU,NETHERLANDS,INVERNESS,AMSTERDAM,8350,8350,0,8705,8705,0,-4.078116
23/08/2018 13:42,201806,WESTERN EUROPE-EU,NETHERLANDS,JERSEY,ROTTERDAM,0,0,0,116,116,0,-100
23/08/2018 13:42,201806,WESTERN EUROPE-EU,NETHERLANDS,LEEDS BRADFORD,AMSTERDAM,20360,20360,0,19889,19803,86,2.368143
23/08/2018 13:42,201806,WESTERN EUROPE-EU,NETHERLANDS,LIVERPOOL (JOHN LENNON),AMSTERDAM,15481,15481,0,16356,16356,0,-5.349719
23/08/2018 13:42,201806,WESTERN EUROPE-EU,NETHERLANDS,MANCHESTER,AMSTERDAM,84433,84433,0,87094,87094,0,-3.05532
23/08/2018 13:42,201806,WESTERN EUROPE-EU,NETHERLANDS,MANCHESTER,EINDHOVEN,5844,5844,0,5492,5492,0,6.409323
23/08/2018 13:42,201806,WESTERN EUROPE-EU,NETHERLANDS,NEWCASTLE,AMSTERDAM,29086,29086,0,33582,33582,0,-13.388125
23/08/2018 13:42,201806,WESTERN EUROPE-EU,NETHERLANDS,NORWICH,AMSTERDAM,12548,12548,0,12559,12559,0,-0.087587
23/08/2018 13:42,201806,WESTERN EUROPE-EU,NETHERLANDS,SOUTHAMPTON,AMSTERDAM,20204,20204,0,20554,20554,0,-1.702832
23/08/2018 13:42,201806,WESTERN EUROPE-EU,NETHERLANDS,SOUTHAMPTON,ROTTERDAM,0,0,0,44,0,44,-100
23/08/2018 13:42,201806,WESTERN EUROPE-EU,PORTUGAL(EXCLUDING MADEIRA),GATWICK,AZORES PONTA DELGADA,897,897,0,806,806,0,11.290323
23/08/2018 13:42,201806,WESTERN EUROPE-EU,PORTUGAL(EXCLUDING MADEIRA),GATWICK,FARO,82976,77020,5956,98174,91849,6325,-15.480677
23/08/2018 13:42,201806,WESTERN EUROPE-EU,PORTUGAL(EXCLUDING MADEIRA),GATWICK,LISBON,31013,31013,0,38364,38364,0,-19.161193
23/08/2018 13:42,201806,WESTERN EUROPE-EU,PORTUGAL(EXCLUDING MADEIRA),GATWICK,OPORTO (PORTUGAL),33815,33815,0,29400,29400,0,15.017007
23/08/2018 13:42,201806,WESTERN EUROPE-EU,PORTUGAL(EXCLUDING MADEIRA),HEATHROW,FARO,4974,4974,0,2895,2895,0,71.813472
23/08/2018 13:42,201806,WESTERN EUROPE-EU,PORTUGAL(EXCLUDING MADEIRA),HEATHROW,LISBON,81485,81485,0,76319,76319,0,6.768957
23/08/2018 13:42,201806,WESTERN EUROPE-EU,PORTUGAL(EXCLUDING MADEIRA),LONDON CITY,FARO,3028,3028,0,2517,2517,0,20.301947
23/08/2018 13:42,201806,WESTERN EUROPE-EU,PORTUGAL(EXCLUDING MADEIRA),LONDON CITY,LISBON,8075,8075,0,0,0,0,0
23/08/2018 13:42,201806,WESTERN EUROPE-EU,PORTUGAL(EXCLUDING MADEIRA),LONDON CITY,OPORTO (PORTUGAL),3329,3329,0,0,0,0,0
23/08/2018 13:42,201806,WESTERN EUROPE-EU,PORTUGAL(EXCLUDING MADEIRA),LUTON,FARO,37670,34400,3270,45661,42060,3601,-17.500712
23/08/2018 13:42,201806,WESTERN EUROPE-EU,PORTUGAL(EXCLUDING MADEIRA),LUTON,LISBON,26305,26305,0,27266,27266,0,-3.524536
23/08/2018 13:42,201806,WESTERN EUROPE-EU,PORTUGAL(EXCLUDING MADEIRA),LUTON,OPORTO (PORTUGAL),5369,5230,139,9264,9264,0,-42.044473
23/08/2018 13:42,201806,WESTERN EUROPE-EU,PORTUGAL(EXCLUDING MADEIRA),SOUTHEND,FARO,10474,10474,0,13651,13651,0,-23.27302
23/08/2018 13:42,201806,WESTERN EUROPE-EU,PORTUGAL(EXCLUDING MADEIRA),STANSTED,AZORES PONTA DELGADA,1796,1796,0,1381,1381,0,30.050688
23/08/2018 13:42,201806,WESTERN EUROPE-EU,PORTUGAL(EXCLUDING MADEIRA),STANSTED,FARO,40999,37952,3047,38471,35181,3290,6.571183
23/08/2018 13:42,201806,WESTERN EUROPE-EU,PORTUGAL(EXCLUDING MADEIRA),STANSTED,LISBON,32678,32678,0,32812,32812,0,-0.408387
23/08/2018 13:42,201806,WESTERN EUROPE-EU,PORTUGAL(EXCLUDING MADEIRA),STANSTED,OPORTO (PORTUGAL),27841,27841,0,27815,27815,0,0.093475
23/08/2018 13:42,201806,WESTERN EUROPE-EU,PORTUGAL(EXCLUDING MADEIRA),ABERDEEN,FARO,3184,3184,0,3897,2731,1166,-18.296125
23/08/2018 13:42,201806,WESTERN EUROPE-EU,PORTUGAL(EXCLUDING MADEIRA),BELFAST CITY (GEORGE BEST),FARO,7805,7805,0,7687,7687,0,1.535059
23/08/2018 13:42,201806,WESTERN EUROPE-EU,PORTUGAL(EXCLUDING MADEIRA),BELFAST INTERNATIONAL,FARO,26894,26894,0,23538,23538,0,14.257796
23/08/2018 13:42,201806,WESTERN EUROPE-EU,PORTUGAL(EXCLUDING MADEIRA),BIRMINGHAM,FARO,34366,29690,4676,42567,37479,5088,-19.266098
23/08/2018 13:42,201806,WESTERN EUROPE-EU,PORTUGAL(EXCLUDING MADEIRA),BIRMINGHAM,LISBON,0,0,0,6211,6211,0,-100
23/08/2018 13:42,201806,WESTERN EUROPE-EU,PORTUGAL(EXCLUDING MADEIRA),BIRMINGHAM,OPORTO (PORTUGAL),2860,2860,0,5395,5395,0,-46.987952
23/08/2018 13:42,201806,WESTERN EUROPE-EU,PORTUGAL(EXCLUDING MADEIRA),BOURNEMOUTH,FARO,6085,6085,0,5892,5892,0,3.275628
23/08/2018 13:42,201806,WESTERN EUROPE-EU,PORTUGAL(EXCLUDING MADEIRA),BRISTOL,FARO,35748,34226,1522,34110,32340,1770,4.802111
23/08/2018 13:42,201806,WESTERN EUROPE-EU,PORTUGAL(EXCLUDING MADEIRA),BRISTOL,LISBON,7213,7213,0,7188,7188,0,0.347802
23/08/2018 13:42,201806,WESTERN EUROPE-EU,PORTUGAL(EXCLUDING MADEIRA),BRISTOL,OPORTO (PORTUGAL),3629,3629,0,4220,4220,0,-14.004739
23/08/2018 13:42,201806,WESTERN EUROPE-EU,PORTUGAL(EXCLUDING MADEIRA),CARDIFF WALES,FARO,9160,7750,1410,8145,6319,1826,12.461633
23/08/2018 13:42,201806,WESTERN EUROPE-EU,PORTUGAL(EXCLUDING MADEIRA),DONCASTER SHEFFIELD,FARO,5263,2201,3062,5904,2529,3375,-10.857046
23/08/2018 13:42,201806,WESTERN EUROPE-EU,PORTUGAL(EXCLUDING MADEIRA),EAST MIDLANDS INTERNATIONAL,FARO,32246,32246,0,34078,32384,1694,-5.375902
23/08/2018 13:42,201806,WESTERN EUROPE-EU,PORTUGAL(EXCLUDING MADEIRA),EDINBURGH,FARO,15242,15242,0,14110,14110,0,8.022679
23/08/2018 13:42,201806,WESTERN EUROPE-EU,PORTUGAL(EXCLUDING MADEIRA),EDINBURGH,LISBON,4028,4028,0,4225,4225,0,-4.662722
23/08/2018 13:42,201806,WESTERN EUROPE-EU,PORTUGAL(EXCLUDING MADEIRA),EDINBURGH,OPORTO (PORTUGAL),3084,3084,0,2804,2804,0,9.985735
23/08/2018 13:42,201806,WESTERN EUROPE-EU,PORTUGAL(EXCLUDING MADEIRA),EXETER,FARO,3329,1924,1405,3519,1694,1825,-5.399261
23/08/2018 13:42,201806,WESTERN EUROPE-EU,PORTUGAL(EXCLUDING MADEIRA),GLASGOW,FARO,14975,14243,732,15923,15290,633,-5.953652
23/08/2018 13:42,201806,WESTERN EUROPE-EU,PORTUGAL(EXCLUDING MADEIRA),GLASGOW,LISBON,2848,2848,0,3193,3193,0,-10.804886
23/08/2018 13:42,201806,WESTERN EUROPE-EU,PORTUGAL(EXCLUDING MADEIRA),JERSEY,FARO,0,0,0,117,117,0,-100
23/08/2018 13:42,201806,WESTERN EUROPE-EU,PORTUGAL(EXCLUDING MADEIRA),LEEDS BRADFORD,FARO,26899,26899,0,32997,31258,1739,-18.480468
23/08/2018 13:42,201806,WESTERN EUROPE-EU,PORTUGAL(EXCLUDING MADEIRA),LIVERPOOL (JOHN LENNON),FARO,22430,22430,0,21650,21650,0,3.602771
23/08/2018 13:42,201806,WESTERN EUROPE-EU,PORTUGAL(EXCLUDING MADEIRA),LIVERPOOL (JOHN LENNON),LISBON,5297,5297,0,4984,4984,0,6.280096
23/08/2018 13:42,201806,WESTERN EUROPE-EU,PORTUGAL(EXCLUDING MADEIRA),LIVERPOOL (JOHN LENNON),OPORTO (PORTUGAL),3150,3150,0,3088,3088,0,2.007772
23/08/2018 13:42,201806,WESTERN EUROPE-EU,PORTUGAL(EXCLUDING MADEIRA),MANCHESTER,AZORES PONTA DELGADA,1170,1170,0,0,0,0,0
23/08/2018 13:42,201806,WESTERN EUROPE-EU,PORTUGAL(EXCLUDING MADEIRA),MANCHESTER,FARO,59612,55475,4137,66730,60441,6289,-10.666866
23/08/2018 13:42,201806,WESTERN EUROPE-EU,PORTUGAL(EXCLUDING MADEIRA),MANCHESTER,LISBON,22140,22140,0,24916,24916,0,-11.141435
23/08/2018 13:42,201806,WESTERN EUROPE-EU,PORTUGAL(EXCLUDING MADEIRA),MANCHESTER,OPORTO (PORTUGAL),9018,9018,0,9127,9127,0,-1.194259
23/08/2018 13:42,201806,WESTERN EUROPE-EU,PORTUGAL(EXCLUDING MADEIRA),NEWCASTLE,FARO,23188,23188,0,23998,23998,0,-3.375281
23/08/2018 13:42,201806,WESTERN EUROPE-EU,PORTUGAL(EXCLUDING MADEIRA),NEWQUAY,FARO,3149,3149,0,2792,2792,0,12.786533
23/08/2018 13:42,201806,WESTERN EUROPE-EU,PORTUGAL(EXCLUDING MADEIRA),PRESTWICK,FARO,7829,7829,0,7326,7326,0,6.865957
23/08/2018 13:42,201806,WESTERN EUROPE-EU,PORTUGAL(EXCLUDING MADEIRA),SOUTHAMPTON,FARO,2792,2792,0,2808,2808,0,-0.569801
23/08/2018 13:42,201806,WESTERN EUROPE-EU,PORTUGAL(MADEIRA),GATWICK,FUNCHAL,25584,22114,3470,28391,25049,3342,-9.886936
23/08/2018 13:42,201806,WESTERN EUROPE-EU,PORTUGAL(MADEIRA),GATWICK,PORTO SANTO,1478,0,1478,1700,0,1700,-13.058824
23/08/2018 13:42,201806,WESTERN EUROPE-EU,PORTUGAL(MADEIRA),LUTON,FUNCHAL,1475,0,1475,1243,0,1243,18.664521
23/08/2018 13:42,201806,WESTERN EUROPE-EU,PORTUGAL(MADEIRA),STANSTED,FUNCHAL,3213,3213,0,3121,3121,0,2.947773
23/08/2018 13:42,201806,WESTERN EUROPE-EU,PORTUGAL(MADEIRA),BELFAST INTERNATIONAL,FUNCHAL,1111,1111,0,0,0,0,0
23/08/2018 13:42,201806,WESTERN EUROPE-EU,PORTUGAL(MADEIRA),BIRMINGHAM,FUNCHAL,3095,1426,1669,4148,2653,1495,-25.385728
23/08/2018 13:42,201806,WESTERN EUROPE-EU,PORTUGAL(MADEIRA),BIRMINGHAM,PORTO SANTO,1653,0,1653,1666,0,1666,-0.780312
23/08/2018 13:42,201806,WESTERN EUROPE-EU,PORTUGAL(MADEIRA),BRISTOL,FUNCHAL,2915,2915,0,3202,3202,0,-8.963148
23/08/2018 13:42,201806,WESTERN EUROPE-EU,PORTUGAL(MADEIRA),EAST MIDLANDS INTERNATIONAL,FUNCHAL,2763,1301,1462,2698,1325,1373,2.409192
23/08/2018 13:42,201806,WESTERN EUROPE-EU,PORTUGAL(MADEIRA),EDINBURGH,FUNCHAL,1420,1420,0,2950,2950,0,-51.864407
23/08/2018 13:42,201806,WESTERN EUROPE-EU,PORTUGAL(MADEIRA),GLASGOW,FUNCHAL,1417,1417,0,1383,1383,0,2.458424
23/08/2018 13:42,201806,WESTERN EUROPE-EU,PORTUGAL(MADEIRA),JERSEY,FUNCHAL,0,0,0,76,76,0,-100
23/08/2018 13:42,201806,WESTERN EUROPE-EU,PORTUGAL(MADEIRA),LEEDS BRADFORD,FUNCHAL,1401,1401,0,1373,1373,0,2.03933
23/08/2018 13:42,201806,WESTERN EUROPE-EU,PORTUGAL(MADEIRA),MANCHESTER,FUNCHAL,12548,9339,3209,12879,9562,3317,-2.570075
23/08/2018 13:42,201806,WESTERN EUROPE-EU,PORTUGAL(MADEIRA),MANCHESTER,PORTO SANTO,1475,0,1475,1423,0,1423,3.654252
23/08/2018 13:42,201806,WESTERN EUROPE-EU,PORTUGAL(MADEIRA),NEWCASTLE,FUNCHAL,1403,1403,0,1335,1335,0,5.093633
23/08/2018 13:42,201806,WESTERN EUROPE-EU,SLOVENIA,GATWICK,LJUBLJANA,5229,5229,0,5366,5366,0,-2.553112
23/08/2018 13:42,201806,WESTERN EUROPE-EU,SLOVENIA,LUTON,LJUBLJANA,6077,6077,0,5487,5487,0,10.752688
23/08/2018 13:42,201806,WESTERN EUROPE-EU,SLOVENIA,STANSTED,LJUBLJANA,12246,12246,0,11183,11183,0,9.505499
23/08/2018 13:42,201806,WESTERN EUROPE-EU,SLOVENIA,BIRMINGHAM,LJUBLJANA,0,0,0,26,0,26,-100
23/08/2018 13:42,201806,WESTERN EUROPE-EU,SLOVENIA,MANCHESTER,LJUBLJANA,641,437,204,1167,1167,0,-45.072836
23/08/2018 13:42,201806,WESTERN EUROPE-EU,SPAIN,GATWICK,ALICANTE,90649,84580,6069,99150,93566,5584,-8.573878
23/08/2018 13:42,201806,WESTERN EUROPE-EU,SPAIN,GATWICK,ALMERIA,14930,13434,1496,19257,17373,1884,-22.469751
23/08/2018 13:42,201806,WESTERN EUROPE-EU,SPAIN,GATWICK,ASTURIAS,3772,3772,0,3495,3495,0,7.925608
23/08/2018 13:42,201806,WESTERN EUROPE-EU,SPAIN,GATWICK,BARCELONA,155955,155955,0,140627,140626,1,10.899756
23/08/2018 13:42,201806,WESTERN EUROPE-EU,SPAIN,GATWICK,BILBAO,9093,9093,0,9298,9298,0,-2.204775
23/08/2018 13:42,201806,WESTERN EUROPE-EU,SPAIN,GATWICK,GIRONA,3367,0,3367,2983,0,2983,12.872947
23/08/2018 13:42,201806,WESTERN EUROPE-EU,SPAIN,GATWICK,GRANADA,4260,4260,0,4203,4203,0,1.356174
23/08/2018 13:42,201806,WESTERN EUROPE-EU,SPAIN,GATWICK,IBIZA,50886,37024,13862,55808,41638,14170,-8.819524
23/08/2018 13:42,201806,WESTERN EUROPE-EU,SPAIN,GATWICK,JEREZ,1889,0,1889,1874,0,1874,0.800427
23/08/2018 13:42,201806,WESTERN EUROPE-EU,SPAIN,GATWICK,MADRID,89407,89407,0,89255,89255,0,0.170299
23/08/2018 13:42,201806,WESTERN EUROPE-EU,SPAIN,GATWICK,MAHON,46150,31834,14316,50040,34469,15571,-7.773781
23/08/2018 13:42,201806,WESTERN EUROPE-EU,SPAIN,GATWICK,MALAGA,120086,111466,8620,128994,119502,9492,-6.905748
23/08/2018 13:42,201806,WESTERN EUROPE-EU,SPAIN,GATWICK,MURCIA SAN JAVIER,19352,19352,0,19395,19395,0,-0.221707
23/08/2018 13:42,201806,WESTERN EUROPE-EU,SPAIN,GATWICK,PALMA DE MALLORCA,105000,82335,22665,117465,94903,22562,-10.611672
23/08/2018 13:42,201806,WESTERN EUROPE-EU,SPAIN,GATWICK,REUS,8780,3418,5362,7890,3190,4700,11.280101
23/08/2018 13:42,201806,WESTERN EUROPE-EU,SPAIN,GATWICK,SANTIAGO DE COMPOSTELA (SPAIN),4932,4932,0,7941,7941,0,-37.891953
23/08/2018 13:42,201806,WESTERN EUROPE-EU,SPAIN,GATWICK,SEVILLE,17542,17542,0,16905,16905,0,3.768116
23/08/2018 13:42,201806,WESTERN EUROPE-EU,SPAIN,GATWICK,VALENCIA,34745,34745,0,32290,32290,0,7.602973
23/08/2018 13:42,201806,WESTERN EUROPE-EU,SPAIN,HEATHROW,A CORUNA,9930,9930,0,8024,8024,0,23.753739
23/08/2018 13:42,201806,WESTERN EUROPE-EU,SPAIN,HEATHROW,ALMERIA,2666,2666,0,0,0,0,0
23/08/2018 13:42,201806,WESTERN EUROPE-EU,SPAIN,HEATHROW,ASTURIAS,2021,2021,0,2991,2991,0,-32.430625
23/08/2018 13:42,201806,WESTERN EUROPE-EU,SPAIN,HEATHROW,BARCELONA,69790,69790,0,64862,64862,0,7.597669
23/08/2018 13:42,201806,WESTERN EUROPE-EU,SPAIN,HEATHROW,BILBAO,17131,17131,0,16022,16022,0,6.921733
23/08/2018 13:42,201806,WESTERN EUROPE-EU,SPAIN,HEATHROW,IBIZA,9921,9921,0,5536,5536,0,79.208815
23/08/2018 13:42,201806,WESTERN EUROPE-EU,SPAIN,HEATHROW,MADRID,123228,123228,0,116071,116071,0,6.166054
23/08/2018 13:42,201806,WESTERN EUROPE-EU,SPAIN,HEATHROW,MAHON,2618,2618,0,4663,4663,0,-43.855887
23/08/2018 13:42,201806,WESTERN EUROPE-EU,SPAIN,HEATHROW,MALAGA,11520,11520,0,3830,3830,0,200.78329
23/08/2018 13:42,201806,WESTERN EUROPE-EU,SPAIN,HEATHROW,MURCIA SAN JAVIER,2683,2683,0,2241,2241,0,19.723338
23/08/2018 13:42,201806,WESTERN EUROPE-EU,SPAIN,HEATHROW,PALMA DE MALLORCA,17366,17366,0,10990,10990,0,58.016379
23/08/2018 13:42,201806,WESTERN EUROPE-EU,SPAIN,LONDON CITY,GRANADA,2132,2132,0,1683,1683,0,26.67855
23/08/2018 13:42,201806,WESTERN EUROPE-EU,SPAIN,LONDON CITY,IBIZA,10244,10244,0,10106,10106,0,1.365525
23/08/2018 13:42,201806,WESTERN EUROPE-EU,SPAIN,LONDON CITY,MAHON,339,339,0,275,275,0,23.272727
23/08/2018 13:42,201806,WESTERN EUROPE-EU,SPAIN,LONDON CITY,MALAGA,6214,6214,0,6665,6665,0,-6.766692
23/08/2018 13:42,201806,WESTERN EUROPE-EU,SPAIN,LONDON CITY,PALMA DE MALLORCA,5559,5559,0,5402,5402,0,2.906331
23/08/2018 13:42,201806,WESTERN EUROPE-EU,SPAIN,LUTON,ALICANTE,20829,20829,0,29833,29833,0,-30.181343
23/08/2018 13:42,201806,WESTERN EUROPE-EU,SPAIN,LUTON,BARCELONA,38821,38821,0,45930,45930,0,-15.477901
23/08/2018 13:42,201806,WESTERN EUROPE-EU,SPAIN,LUTON,GIRONA,4552,4552,0,4447,4447,0,2.361142
23/08/2018 13:42,201806,WESTERN EUROPE-EU,SPAIN,LUTON,IBIZA,16031,12405,3626,14608,9541,5067,9.741238
23/08/2018 13:42,201806,WESTERN EUROPE-EU,SPAIN,LUTON,MADRID,12036,12036,0,13686,13686,0,-12.056116
23/08/2018 13:42,201806,WESTERN EUROPE-EU,SPAIN,LUTON,MAHON,9673,6034,3639,13448,10455,2993,-28.071089
23/08/2018 13:42,201806,WESTERN EUROPE-EU,SPAIN,LUTON,MALAGA,33971,30804,3167,40814,37476,3338,-16.766306
23/08/2018 13:42,201806,WESTERN EUROPE-EU,SPAIN,LUTON,MURCIA SAN JAVIER,10983,10983,0,10686,10686,0,2.779337
23/08/2018 13:42,201806,WESTERN EUROPE-EU,SPAIN,LUTON,PALMA DE MALLORCA,34063,27609,6454,41680,32409,9271,-18.274952
23/08/2018 13:42,201806,WESTERN EUROPE-EU,SPAIN,LUTON,REUS,4099,2594,1505,1494,0,1494,174.364123
23/08/2018 13:42,201806,WESTERN EUROPE-EU,SPAIN,LUTON,SEVILLE,4177,4177,0,0,0,0,0
23/08/2018 13:42,201806,WESTERN EUROPE-EU,SPAIN,LUTON,VALENCIA,3529,3529,0,3902,3902,0,-9.5592
23/08/2018 13:42,201806,WESTERN EUROPE-EU,SPAIN,SOUTHEND,ALICANTE,9091,9091,0,11391,11391,0,-20.191379
23/08/2018 13:42,201806,WESTERN EUROPE-EU,SPAIN,SOUTHEND,BARCELONA,4586,4586,0,4782,4782,0,-4.098703
23/08/2018 13:42,201806,WESTERN EUROPE-EU,SPAIN,SOUTHEND,IBIZA,3735,3735,0,3419,3419,0,9.242469
23/08/2018 13:42,201806,WESTERN EUROPE-EU,SPAIN,SOUTHEND,MAHON,3075,3075,0,2550,2550,0,20.588235
23/08/2018 13:42,201806,WESTERN EUROPE-EU,SPAIN,SOUTHEND,MALAGA,10172,10172,0,8976,8976,0,13.324421
23/08/2018 13:42,201806,WESTERN EUROPE-EU,SPAIN,SOUTHEND,MURCIA SAN JAVIER,2710,2710,0,2669,2669,0,1.536156
23/08/2018 13:42,201806,WESTERN EUROPE-EU,SPAIN,SOUTHEND,PALMA DE MALLORCA,10145,10145,0,14132,14132,0,-28.212567
23/08/2018 13:42,201806,WESTERN EUROPE-EU,SPAIN,SOUTHEND,REUS,0,0,0,950,950,0,-100
23/08/2018 13:42,201806,WESTERN EUROPE-EU,SPAIN,STANSTED,ALICANTE,44795,44795,0,32198,32198,0,39.123548
23/08/2018 13:42,201806,WESTERN EUROPE-EU,SPAIN,STANSTED,ALMERIA,6060,6060,0,3245,3245,0,86.748844
23/08/2018 13:42,201806,WESTERN EUROPE-EU,SPAIN,STANSTED,ASTURIAS,4662,4662,0,7879,7879,0,-40.830055
23/08/2018 13:42,201806,WESTERN EUROPE-EU,SPAIN,STANSTED,BARCELONA,42073,42073,0,42381,42381,0,-0.726741
23/08/2018 13:42,201806,WESTERN EUROPE-EU,SPAIN,STANSTED,BILBAO,13602,13602,0,13349,13349,0,1.895273
23/08/2018 13:42,201806,WESTERN EUROPE-EU,SPAIN,STANSTED,CASTELLON COSTA AZAHAR,2801,2801,0,2695,2695,0,3.93321
23/08/2018 13:42,201806,WESTERN EUROPE-EU,SPAIN,STANSTED,CASTELLON DE LA PLANA AIRPORT,1752,1752,0,1765,1765,0,-0.736544
23/08/2018 13:42,201806,WESTERN EUROPE-EU,SPAIN,STANSTED,GIRONA,13212,13148,64,10578,10578,0,24.900737
23/08/2018 13:42,201806,WESTERN EUROPE-EU,SPAIN,STANSTED,IBIZA,48421,45078,3343,50439,45543,4896,-4.000872
23/08/2018 13:42,201806,WESTERN EUROPE-EU,SPAIN,STANSTED,JEREZ,5998,5998,0,6064,6064,0,-1.088391
23/08/2018 13:42,201806,WESTERN EUROPE-EU,SPAIN,STANSTED,MADRID,42542,42542,0,42172,42172,0,0.877359
23/08/2018 13:42,201806,WESTERN EUROPE-EU,SPAIN,STANSTED,MAHON,15305,11939,3366,11408,8065,3343,34.160238
23/08/2018 13:42,201806,WESTERN EUROPE-EU,SPAIN,STANSTED,MALAGA,54931,54931,0,47923,47923,0,14.623458
23/08/2018 13:42,201806,WESTERN EUROPE-EU,SPAIN,STANSTED,MURCIA SAN JAVIER,12559,12559,0,14101,14101,0,-10.935395
23/08/2018 13:42,201806,WESTERN EUROPE-EU,SPAIN,STANSTED,PALMA DE MALLORCA,64158,60674,3484,57228,52658,4570,12.109457
23/08/2018 13:42,201806,WESTERN EUROPE-EU,SPAIN,STANSTED,REUS,11008,11008,0,11146,10748,398,-1.238112
23/08/2018 13:42,201806,WESTERN EUROPE-EU,SPAIN,STANSTED,SANTANDER,7088,7088,0,7031,7031,0,0.810695
23/08/2018 13:42,201806,WESTERN EUROPE-EU,SPAIN,STANSTED,SANTIAGO DE COMPOSTELA (SPAIN),6959,6959,0,7291,7291,0,-4.553559
23/08/2018 13:42,201806,WESTERN EUROPE-EU,SPAIN,STANSTED,SEVILLE,10707,10707,0,10683,10683,0,0.224656
23/08/2018 13:42,201806,WESTERN EUROPE-EU,SPAIN,STANSTED,VALENCIA,10638,10638,0,10663,10663,0,-0.234456
23/08/2018 13:42,201806,WESTERN EUROPE-EU,SPAIN,STANSTED,ZARAGOZA,7284,7284,0,7070,7070,0,3.026874
23/08/2018 13:42,201806,WESTERN EUROPE-EU,SPAIN,ABERDEEN,ALICANTE,2864,2864,0,3226,3226,0,-11.221327
23/08/2018 13:42,201806,WESTERN EUROPE-EU,SPAIN,ABERDEEN,IBIZA,1326,0,1326,1118,0,1118,18.604651
23/08/2018 13:42,201806,WESTERN EUROPE-EU,SPAIN,ABERDEEN,MALAGA,2886,2886,0,3280,3280,0,-12.012195
23/08/2018 13:42,201806,WESTERN EUROPE-EU,SPAIN,ABERDEEN,PALMA DE MALLORCA,4215,0,4215,4495,0,4495,-6.229143
23/08/2018 13:42,201806,WESTERN EUROPE-EU,SPAIN,ABERDEEN,REUS,1517,0,1517,0,0,0,0
23/08/2018 13:42,201806,WESTERN EUROPE-EU,SPAIN,BELFAST CITY (GEORGE BEST),ALICANTE,0,0,0,2644,2644,0,-100
23/08/2018 13:42,201806,WESTERN EUROPE-EU,SPAIN,BELFAST CITY (GEORGE BEST),MALAGA,7994,7994,0,7680,7680,0,4.088542
23/08/2018 13:42,201806,WESTERN EUROPE-EU,SPAIN,BELFAST CITY (GEORGE BEST),PALMA DE MALLORCA,0,0,0,3489,3489,0,-100
23/08/2018 13:42,201806,WESTERN EUROPE-EU,SPAIN,BELFAST INTERNATIONAL,ALICANTE,28897,28897,0,26600,26600,0,8.635338
23/08/2018 13:42,201806,WESTERN EUROPE-EU,SPAIN,BELFAST INTERNATIONAL,ALMERIA,2572,2572,0,0,0,0,0
23/08/2018 13:42,201806,WESTERN EUROPE-EU,SPAIN,BELFAST INTERNATIONAL,BARCELONA,6768,6768,0,7851,7106,745,-13.794421
23/08/2018 13:42,201806,WESTERN EUROPE-EU,SPAIN,BELFAST INTERNATIONAL,GIRONA,5290,5290,0,5358,5358,0,-1.26913
23/08/2018 13:42,201806,WESTERN EUROPE-EU,SPAIN,BELFAST INTERNATIONAL,IBIZA,8771,7240,1531,8793,5643,3150,-0.250199
23/08/2018 13:42,201806,WESTERN EUROPE-EU,SPAIN,BELFAST INTERNATIONAL,MAHON,4104,2600,1504,4154,2630,1524,-1.203659
23/08/2018 13:42,201806,WESTERN EUROPE-EU,SPAIN,BELFAST INTERNATIONAL,MALAGA,25214,23701,1513,24193,22702,1491,4.220229
23/08/2018 13:42,201806,WESTERN EUROPE-EU,SPAIN,BELFAST INTERNATIONAL,PALMA DE MALLORCA,34132,24689,9443,32022,22985,9037,6.58922
23/08/2018 13:42,201806,WESTERN EUROPE-EU,SPAIN,BELFAST INTERNATIONAL,REUS,14041,5142,8899,13828,4979,8849,1.540353
23/08/2018 13:42,201806,WESTERN EUROPE-EU,SPAIN,BELFAST INTERNATIONAL,VALENCIA,902,902,0,0,0,0,0
23/08/2018 13:42,201806,WESTERN EUROPE-EU,SPAIN,BIRMINGHAM,ALICANTE,36452,32770,3682,48640,45189,3451,-25.057566
23/08/2018 13:42,201806,WESTERN EUROPE-EU,SPAIN,BIRMINGHAM,ALMERIA,6122,6122,0,3164,3164,0,93.489254
23/08/2018 13:42,201806,WESTERN EUROPE-EU,SPAIN,BIRMINGHAM,BARCELONA,21449,21449,0,32758,32758,0,-34.522865
23/08/2018 13:42,201806,WESTERN EUROPE-EU,SPAIN,BIRMINGHAM,GIRONA,12344,9037,3307,10224,7361,2863,20.735524
23/08/2018 13:42,201806,WESTERN EUROPE-EU,SPAIN,BIRMINGHAM,IBIZA,25734,15840,9894,24770,16355,8415,3.891805
23/08/2018 13:42,201806,WESTERN EUROPE-EU,SPAIN,BIRMINGHAM,MADRID,11322,11322,0,16698,14936,1762,-32.195473
23/08/2018 13:42,201806,WESTERN EUROPE-EU,SPAIN,BIRMINGHAM,MAHON,16123,8960,7163,16198,10953,5245,-0.46302
23/08/2018 13:42,201806,WESTERN EUROPE-EU,SPAIN,BIRMINGHAM,MALAGA,43044,36377,6667,56568,49868,6700,-23.90751
23/08/2018 13:42,201806,WESTERN EUROPE-EU,SPAIN,BIRMINGHAM,MURCIA SAN JAVIER,6126,6126,0,5951,5951,0,2.940682
23/08/2018 13:42,201806,WESTERN EUROPE-EU,SPAIN,BIRMINGHAM,PALMA DE MALLORCA,62636,46457,16179,60300,42727,17573,3.873964
23/08/2018 13:42,201806,WESTERN EUROPE-EU,SPAIN,BIRMINGHAM,REUS,10627,7321,3306,10210,6525,3685,4.084231
23/08/2018 13:42,201806,WESTERN EUROPE-EU,SPAIN,BIRMINGHAM,SANTANDER,185,185,0,0,0,0,0
23/08/2018 13:42,201806,WESTERN EUROPE-EU,SPAIN,BIRMINGHAM,VALENCIA,0,0,0,756,756,0,-100
23/08/2018 13:42,201806,WESTERN EUROPE-EU,SPAIN,BOURNEMOUTH,ALICANTE,5663,5663,0,5915,5915,0,-4.260355
23/08/2018 13:42,201806,WESTERN EUROPE-EU,SPAIN,BOURNEMOUTH,GIRONA,6296,6296,0,5848,5848,0,7.660739
23/08/2018 13:42,201806,WESTERN EUROPE-EU,SPAIN,BOURNEMOUTH,IBIZA,1436,0,1436,1437,0,1437,-0.069589
23/08/2018 13:42,201806,WESTERN EUROPE-EU,SPAIN,BOURNEMOUTH,MAHON,1482,0,1482,1458,0,1458,1.646091
23/08/2018 13:42,201806,WESTERN EUROPE-EU,SPAIN,BOURNEMOUTH,MALAGA,9191,9191,0,9103,9103,0,0.966714
23/08/2018 13:42,201806,WESTERN EUROPE-EU,SPAIN,BOURNEMOUTH,MURCIA SAN JAVIER,5866,5866,0,5831,5831,0,0.60024
23/08/2018 13:42,201806,WESTERN EUROPE-EU,SPAIN,BOURNEMOUTH,PALMA DE MALLORCA,15351,9062,6289,15037,8833,6204,2.088182
23/08/2018 13:42,201806,WESTERN EUROPE-EU,SPAIN,BRISTOL,ALICANTE,35600,33387,2213,33108,31347,1761,7.526882
23/08/2018 13:42,201806,WESTERN EUROPE-EU,SPAIN,BRISTOL,ALMERIA,2071,2071,0,1613,1613,0,28.394296
23/08/2018 13:42,201806,WESTERN EUROPE-EU,SPAIN,BRISTOL,BARCELONA,20013,20013,0,19152,18912,240,4.495614
23/08/2018 13:42,201806,WESTERN EUROPE-EU,SPAIN,BRISTOL,BILBAO,3420,3420,0,2650,2650,0,29.056604
23/08/2018 13:42,201806,WESTERN EUROPE-EU,SPAIN,BRISTOL,CASTELLON DE LA PLANA AIRPORT,0,0,0,2533,2533,0,-100
23/08/2018 13:42,201806,WESTERN EUROPE-EU,SPAIN,BRISTOL,GIRONA,10663,9158,1505,9241,7769,1472,15.387945
23/08/2018 13:42,201806,WESTERN EUROPE-EU,SPAIN,BRISTOL,IBIZA,16953,10433,6520,16860,9932,6928,0.551601
23/08/2018 13:42,201806,WESTERN EUROPE-EU,SPAIN,BRISTOL,MADRID,8880,8880,0,19307,9541,9766,-54.006319
23/08/2018 13:42,201806,WESTERN EUROPE-EU,SPAIN,BRISTOL,MAHON,13471,9450,4021,13965,9979,3986,-3.537415
23/08/2018 13:42,201806,WESTERN EUROPE-EU,SPAIN,BRISTOL,MALAGA,38520,35217,3303,36667,32671,3996,5.05359
23/08/2018 13:42,201806,WESTERN EUROPE-EU,SPAIN,BRISTOL,MURCIA SAN JAVIER,10188,10188,0,9197,9197,0,10.775253
23/08/2018 13:42,201806,WESTERN EUROPE-EU,SPAIN,BRISTOL,PALMA DE MALLORCA,52583,43712,8871,49437,41646,7791,6.363655
23/08/2018 13:42,201806,WESTERN EUROPE-EU,SPAIN,BRISTOL,REUS,1879,0,1879,4108,2619,1489,-54.259981
23/08/2018 13:42,201806,WESTERN EUROPE-EU,SPAIN,BRISTOL,SEVILLE,3129,3129,0,0,0,0,0
23/08/2018 13:42,201806,WESTERN EUROPE-EU,SPAIN,BRISTOL,VALENCIA,3124,3124,0,6,6,0,51966.666667
23/08/2018 13:42,201806,WESTERN EUROPE-EU,SPAIN,CARDIFF WALES,ALICANTE,10436,7082,3354,10026,7058,2968,4.089368
23/08/2018 13:42,201806,WESTERN EUROPE-EU,SPAIN,CARDIFF WALES,BARCELONA,3863,3863,0,3565,3565,0,8.359046
23/08/2018 13:42,201806,WESTERN EUROPE-EU,SPAIN,CARDIFF WALES,IBIZA,6666,0,6666,5743,0,5743,16.07174
23/08/2018 13:42,201806,WESTERN EUROPE-EU,SPAIN,CARDIFF WALES,MADRID,1075,1075,0,2265,2175,90,-52.538631
23/08/2018 13:42,201806,WESTERN EUROPE-EU,SPAIN,CARDIFF WALES,MAHON,3365,0,3365,5075,0,5075,-33.694581
23/08/2018 13:42,201806,WESTERN EUROPE-EU,SPAIN,CARDIFF WALES,MALAGA,10058,7018,3040,10432,7060,3372,-3.585123
23/08/2018 13:42,201806,WESTERN EUROPE-EU,SPAIN,CARDIFF WALES,PALMA DE MALLORCA,19565,4822,14743,18532,4823,13709,5.574142
23/08/2018 13:42,201806,WESTERN EUROPE-EU,SPAIN,CARDIFF WALES,REUS,3105,0,3105,3054,0,3054,1.669941
23/08/2018 13:42,201806,WESTERN EUROPE-EU,SPAIN,CITY OF DERRY (EGLINTON),PALMA DE MALLORCA,424,0,424,152,0,152,178.947368
23/08/2018 13:42,201806,WESTERN EUROPE-EU,SPAIN,DONCASTER SHEFFIELD,ALICANTE,5754,2305,3449,5921,2837,3084,-2.82047
23/08/2018 13:42,201806,WESTERN EUROPE-EU,SPAIN,DONCASTER SHEFFIELD,IBIZA,3301,0,3301,3147,0,3147,4.893549
23/08/2018 13:42,201806,WESTERN EUROPE-EU,SPAIN,DONCASTER SHEFFIELD,MAHON,3421,0,3421,3076,0,3076,11.215865
23/08/2018 13:42,201806,WESTERN EUROPE-EU,SPAIN,DONCASTER SHEFFIELD,MALAGA,5435,2310,3125,5813,2355,3458,-6.502666
23/08/2018 13:42,201806,WESTERN EUROPE-EU,SPAIN,DONCASTER SHEFFIELD,PALMA DE MALLORCA,9683,1474,8209,11346,1752,9594,-14.657148
23/08/2018 13:42,201806,WESTERN EUROPE-EU,SPAIN,DONCASTER SHEFFIELD,REUS,1900,0,1900,1887,0,1887,0.688924
23/08/2018 13:42,201806,WESTERN EUROPE-EU,SPAIN,EAST MIDLANDS INTERNATIONAL,ALICANTE,44726,41379,3347,44788,41827,2961,-0.13843
23/08/2018 13:42,201806,WESTERN EUROPE-EU,SPAIN,EAST MIDLANDS INTERNATIONAL,ALMERIA,2549,2549,0,1158,1158,0,120.120898
23/08/2018 13:42,201806,WESTERN EUROPE-EU,SPAIN,EAST MIDLANDS INTERNATIONAL,BARCELONA,10636,10636,0,10746,10746,0,-1.023637
23/08/2018 13:42,201806,WESTERN EUROPE-EU,SPAIN,EAST MIDLANDS INTERNATIONAL,GIRONA,5499,5171,328,4878,4878,0,12.730627
23/08/2018 13:42,201806,WESTERN EUROPE-EU,SPAIN,EAST MIDLANDS INTERNATIONAL,IBIZA,17603,14260,3343,18970,14462,4508,-7.206115
23/08/2018 13:42,201806,WESTERN EUROPE-EU,SPAIN,EAST MIDLANDS INTERNATIONAL,MADRID,0,0,0,385,0,385,-100
23/08/2018 13:42,201806,WESTERN EUROPE-EU,SPAIN,EAST MIDLANDS INTERNATIONAL,MAHON,14673,11789,2884,14143,11318,2825,3.747437
23/08/2018 13:42,201806,WESTERN EUROPE-EU,SPAIN,EAST MIDLANDS INTERNATIONAL,MALAGA,33831,30879,2952,35769,32564,3205,-5.418099
23/08/2018 13:42,201806,WESTERN EUROPE-EU,SPAIN,EAST MIDLANDS INTERNATIONAL,MURCIA SAN JAVIER,10823,10823,0,10751,10751,0,0.669705
23/08/2018 13:42,201806,WESTERN EUROPE-EU,SPAIN,EAST MIDLANDS INTERNATIONAL,PALMA DE MALLORCA,50442,45700,4742,54841,45779,9062,-8.021371
23/08/2018 13:42,201806,WESTERN EUROPE-EU,SPAIN,EAST MIDLANDS INTERNATIONAL,REUS,6584,6584,0,6483,6483,0,1.557921
23/08/2018 13:42,201806,WESTERN EUROPE-EU,SPAIN,EAST MIDLANDS INTERNATIONAL,SEVILLE,2528,2528,0,0,0,0,0
23/08/2018 13:42,201806,WESTERN EUROPE-EU,SPAIN,EAST MIDLANDS INTERNATIONAL,VALENCIA,6107,6107,0,5791,5791,0,5.456743
23/08/2018 13:42,201806,WESTERN EUROPE-EU,SPAIN,EDINBURGH,ALICANTE,22223,22223,0,22634,22634,0,-1.815852
23/08/2018 13:42,201806,WESTERN EUROPE-EU,SPAIN,EDINBURGH,ALMERIA,2571,2571,0,1378,1378,0,86.574746
23/08/2018 13:42,201806,WESTERN EUROPE-EU,SPAIN,EDINBURGH,BARCELONA,19005,19005,0,18815,18815,0,1.009833
23/08/2018 13:42,201806,WESTERN EUROPE-EU,SPAIN,EDINBURGH,BILBAO,2679,2679,0,2632,2632,0,1.785714
23/08/2018 13:42,201806,WESTERN EUROPE-EU,SPAIN,EDINBURGH,GIRONA,5323,5323,0,5414,5414,0,-1.680827
23/08/2018 13:42,201806,WESTERN EUROPE-EU,SPAIN,EDINBURGH,IBIZA,7839,7839,0,6910,6910,0,13.444284
23/08/2018 13:42,201806,WESTERN EUROPE-EU,SPAIN,EDINBURGH,MADRID,17070,17070,0,17419,17419,0,-2.003559
23/08/2018 13:42,201806,WESTERN EUROPE-EU,SPAIN,EDINBURGH,MAHON,3940,2961,979,3210,2447,763,22.741433
23/08/2018 13:42,201806,WESTERN EUROPE-EU,SPAIN,EDINBURGH,MALAGA,19289,18684,605,20727,20140,587,-6.937811
23/08/2018 13:42,201806,WESTERN EUROPE-EU,SPAIN,EDINBURGH,MURCIA SAN JAVIER,2636,2636,0,2536,2536,0,3.943218
23/08/2018 13:42,201806,WESTERN EUROPE-EU,SPAIN,EDINBURGH,PALMA DE MALLORCA,33782,26821,6961,29947,23659,6288,12.805957
23/08/2018 13:42,201806,WESTERN EUROPE-EU,SPAIN,EDINBURGH,REUS,3707,3707,0,3536,3536,0,4.835973
23/08/2018 13:42,201806,WESTERN EUROPE-EU,SPAIN,EDINBURGH,SANTANDER,2671,2671,0,2757,2757,0,-3.119333
23/08/2018 13:42,201806,WESTERN EUROPE-EU,SPAIN,EDINBURGH,SEVILLE,2792,2792,0,0,0,0,0
23/08/2018 13:42,201806,WESTERN EUROPE-EU,SPAIN,EDINBURGH,VALENCIA,4545,4545,0,0,0,0,0
23/08/2018 13:42,201806,WESTERN EUROPE-EU,SPAIN,EDINBURGH,VALLADOLID,0,0,0,185,0,185,-100
23/08/2018 13:42,201806,WESTERN EUROPE-EU,SPAIN,EDINBURGH,VIGO,3032,3032,0,2723,2723,0,11.347778
23/08/2018 13:42,201806,WESTERN EUROPE-EU,SPAIN,EXETER,ALICANTE,3751,3751,0,3271,3271,0,14.674411
23/08/2018 13:42,201806,WESTERN EUROPE-EU,SPAIN,EXETER,IBIZA,1445,0,1445,1386,0,1386,4.256854
23/08/2018 13:42,201806,WESTERN EUROPE-EU,SPAIN,EXETER,MAHON,3224,0,3224,3313,0,3313,-2.686387
23/08/2018 13:42,201806,WESTERN EUROPE-EU,SPAIN,EXETER,MALAGA,3852,3852,0,3395,3395,0,13.460972
23/08/2018 13:42,201806,WESTERN EUROPE-EU,SPAIN,EXETER,PALMA DE MALLORCA,9530,2705,6825,9875,1544,8331,-3.493671
23/08/2018 13:42,201806,WESTERN EUROPE-EU,SPAIN,GLASGOW,ALICANTE,32286,31310,976,35308,32013,3295,-8.558967
23/08/2018 13:42,201806,WESTERN EUROPE-EU,SPAIN,GLASGOW,ALMERIA,0,0,0,1460,1460,0,-100
23/08/2018 13:42,201806,WESTERN EUROPE-EU,SPAIN,GLASGOW,BARCELONA,4959,4325,634,5159,4398,761,-3.87672
23/08/2018 13:42,201806,WESTERN EUROPE-EU,SPAIN,GLASGOW,GIRONA,2763,2763,0,3064,3064,0,-9.82376
23/08/2018 13:42,201806,WESTERN EUROPE-EU,SPAIN,GLASGOW,IBIZA,14748,11156,3592,14728,10627,4101,0.135796
23/08/2018 13:42,201806,WESTERN EUROPE-EU,SPAIN,GLASGOW,MADRID,5913,5913,0,0,0,0,0
23/08/2018 13:42,201806,WESTERN EUROPE-EU,SPAIN,GLASGOW,MAHON,7788,6801,987,6949,6186,763,12.07368
23/08/2018 13:42,201806,WESTERN EUROPE-EU,SPAIN,GLASGOW,MALAGA,25760,24244,1516,27144,23108,4036,-5.098733
23/08/2018 13:42,201806,WESTERN EUROPE-EU,SPAIN,GLASGOW,PALMA DE MALLORCA,35359,28331,7028,40402,31707,8695,-12.482055
23/08/2018 13:42,201806,WESTERN EUROPE-EU,SPAIN,GLASGOW,REUS,12754,10055,2699,16029,9747,6282,-20.431718
23/08/2018 13:42,201806,WESTERN EUROPE-EU,SPAIN,GLASGOW,VALENCIA,3156,3156,0,3070,3070,0,2.801303
23/08/2018 13:42,201806,WESTERN EUROPE-EU,SPAIN,HUMBERSIDE,ALICANTE,0,0,0,72,0,72,-100
23/08/2018 13:42,201806,WESTERN EUROPE-EU,SPAIN,HUMBERSIDE,PALMA DE MALLORCA,1492,0,1492,1479,0,1479,0.878972
23/08/2018 13:42,201806,WESTERN EUROPE-EU,SPAIN,ISLE OF MAN,MAHON,334,0,334,293,0,293,13.993174
23/08/2018 13:42,201806,WESTERN EUROPE-EU,SPAIN,ISLE OF MAN,PALMA DE MALLORCA,233,0,233,478,0,478,-51.25523
23/08/2018 13:42,201806,WESTERN EUROPE-EU,SPAIN,JERSEY,PALMA DE MALLORCA,771,0,771,802,0,802,-3.865337
23/08/2018 13:42,201806,WESTERN EUROPE-EU,SPAIN,LEEDS BRADFORD,ALICANTE,34592,34592,0,36008,36008,0,-3.932459
23/08/2018 13:42,201806,WESTERN EUROPE-EU,SPAIN,LEEDS BRADFORD,ALMERIA,2252,2252,0,2248,2248,0,0.177936
23/08/2018 13:42,201806,WESTERN EUROPE-EU,SPAIN,LEEDS BRADFORD,BARCELONA,5170,5170,0,8437,8437,0,-38.722295
23/08/2018 13:42,201806,WESTERN EUROPE-EU,SPAIN,LEEDS BRADFORD,GIRONA,6767,6767,0,5574,5574,0,21.402942
23/08/2018 13:42,201806,WESTERN EUROPE-EU,SPAIN,LEEDS BRADFORD,IBIZA,15660,14284,1376,15162,13839,1323,3.284527
23/08/2018 13:42,201806,WESTERN EUROPE-EU,SPAIN,LEEDS BRADFORD,MAHON,8281,6452,1829,9973,8239,1734,-16.965808
23/08/2018 13:42,201806,WESTERN EUROPE-EU,SPAIN,LEEDS BRADFORD,MALAGA,34056,32556,1500,34451,34451,0,-1.146556
23/08/2018 13:42,201806,WESTERN EUROPE-EU,SPAIN,LEEDS BRADFORD,MURCIA SAN JAVIER,8009,8009,0,6865,6865,0,16.664239
23/08/2018 13:42,201806,WESTERN EUROPE-EU,SPAIN,LEEDS BRADFORD,PALMA DE MALLORCA,40651,31817,8834,40239,33433,6806,1.023882
23/08/2018 13:42,201806,WESTERN EUROPE-EU,SPAIN,LEEDS BRADFORD,REUS,4744,4744,0,3591,3591,0,32.108048
23/08/2018 13:42,201806,WESTERN EUROPE-EU,SPAIN,LIVERPOOL (JOHN LENNON),ALICANTE,28169,28169,0,25754,25754,0,9.377184
23/08/2018 13:42,201806,WESTERN EUROPE-EU,SPAIN,LIVERPOOL (JOHN LENNON),BARCELONA,25700,25700,0,23834,23834,0,7.829152
23/08/2018 13:42,201806,WESTERN EUROPE-EU,SPAIN,LIVERPOOL (JOHN LENNON),GIRONA,2828,2828,0,2745,2745,0,3.023679
23/08/2018 13:42,201806,WESTERN EUROPE-EU,SPAIN,LIVERPOOL (JOHN LENNON),IBIZA,5848,4417,1431,5611,4527,1084,4.223846
23/08/2018 13:42,201806,WESTERN EUROPE-EU,SPAIN,LIVERPOOL (JOHN LENNON),MADRID,5472,5472,0,8337,8337,0,-34.364879
23/08/2018 13:42,201806,WESTERN EUROPE-EU,SPAIN,LIVERPOOL (JOHN LENNON),MAHON,0,0,0,274,274,0,-100
23/08/2018 13:42,201806,WESTERN EUROPE-EU,SPAIN,LIVERPOOL (JOHN LENNON),MALAGA,28670,28670,0,25786,25786,0,11.184364
23/08/2018 13:42,201806,WESTERN EUROPE-EU,SPAIN,LIVERPOOL (JOHN LENNON),PALMA DE MALLORCA,32142,30716,1426,30705,28202,2503,4.68002
23/08/2018 13:42,201806,WESTERN EUROPE-EU,SPAIN,LIVERPOOL (JOHN LENNON),REUS,2766,2766,0,2820,2820,0,-1.914894
23/08/2018 13:42,201806,WESTERN EUROPE-EU,SPAIN,MANCHESTER,ALICANTE,79148,71249,7899,98284,90960,7324,-19.470107
23/08/2018 13:42,201806,WESTERN EUROPE-EU,SPAIN,MANCHESTER,ALMERIA,13878,12430,1448,15849,12686,3163,-12.436116
23/08/2018 13:42,201806,WESTERN EUROPE-EU,SPAIN,MANCHESTER,BARCELONA,40278,40278,0,49650,49650,0,-18.876133
23/08/2018 13:42,201806,WESTERN EUROPE-EU,SPAIN,MANCHESTER,BILBAO,8254,8254,0,6799,6799,0,21.400206
23/08/2018 13:42,201806,WESTERN EUROPE-EU,SPAIN,MANCHESTER,GIRONA,16771,13102,3669,14845,10456,4389,12.974065
23/08/2018 13:42,201806,WESTERN EUROPE-EU,SPAIN,MANCHESTER,GRANADA,3129,3129,0,0,0,0,0
23/08/2018 13:42,201806,WESTERN EUROPE-EU,SPAIN,MANCHESTER,IBIZA,51463,38565,12898,45068,33804,11264,14.189669
23/08/2018 13:42,201806,WESTERN EUROPE-EU,SPAIN,MANCHESTER,MADRID,14116,14116,0,13808,13808,0,2.230591
23/08/2018 13:42,201806,WESTERN EUROPE-EU,SPAIN,MANCHESTER,MAHON,31132,14441,16691,33749,19424,14325,-7.754304
23/08/2018 13:42,201806,WESTERN EUROPE-EU,SPAIN,MANCHESTER,MALAGA,63871,55913,7958,79984,71672,8312,-20.145279
23/08/2018 13:42,201806,WESTERN EUROPE-EU,SPAIN,MANCHESTER,MURCIA SAN JAVIER,17387,17387,0,16578,16578,0,4.879961
23/08/2018 13:42,201806,WESTERN EUROPE-EU,SPAIN,MANCHESTER,PALMA DE MALLORCA,111502,89111,22391,111818,88655,23163,-0.282602
23/08/2018 13:42,201806,WESTERN EUROPE-EU,SPAIN,MANCHESTER,REUS,21454,14848,6606,17631,11153,6478,21.683399
23/08/2018 13:42,201806,WESTERN EUROPE-EU,SPAIN,MANCHESTER,SEVILLE,4708,4708,0,0,0,0,0
23/08/2018 13:42,201806,WESTERN EUROPE-EU,SPAIN,MANCHESTER,VALENCIA,4705,4705,0,4682,4682,0,0.491243
23/08/2018 13:42,201806,WESTERN EUROPE-EU,SPAIN,NEWCASTLE,ALICANTE,40482,40482,0,41375,41375,0,-2.158308
23/08/2018 13:42,201806,WESTERN EUROPE-EU,SPAIN,NEWCASTLE,ALMERIA,2216,2216,0,2217,2217,0,-0.045106
23/08/2018 13:42,201806,WESTERN EUROPE-EU,SPAIN,NEWCASTLE,BARCELONA,7149,7149,0,7701,7701,0,-7.1679
23/08/2018 13:42,201806,WESTERN EUROPE-EU,SPAIN,NEWCASTLE,GIRONA,5391,5391,0,6154,6154,0,-12.39844
23/08/2018 13:42,201806,WESTERN EUROPE-EU,SPAIN,NEWCASTLE,IBIZA,17761,17761,0,15777,15777,0,12.575268
23/08/2018 13:42,201806,WESTERN EUROPE-EU,SPAIN,NEWCASTLE,MADRID,3346,3346,0,3021,3021,0,10.758027
23/08/2018 13:42,201806,WESTERN EUROPE-EU,SPAIN,NEWCASTLE,MAHON,8675,8675,0,9676,9676,0,-10.345184
23/08/2018 13:42,201806,WESTERN EUROPE-EU,SPAIN,NEWCASTLE,MALAGA,28244,28244,0,28477,28477,0,-0.818204
23/08/2018 13:42,201806,WESTERN EUROPE-EU,SPAIN,NEWCASTLE,MURCIA SAN JAVIER,2579,2579,0,2560,2560,0,0.742188
23/08/2018 13:42,201806,WESTERN EUROPE-EU,SPAIN,NEWCASTLE,PALMA DE MALLORCA,48475,48475,0,50828,50828,0,-4.629338
23/08/2018 13:42,201806,WESTERN EUROPE-EU,SPAIN,NEWCASTLE,REUS,10782,10782,0,11070,11070,0,-2.601626
23/08/2018 13:42,201806,WESTERN EUROPE-EU,SPAIN,NEWQUAY,ALICANTE,2782,2782,0,2797,2797,0,-0.536289
23/08/2018 13:42,201806,WESTERN EUROPE-EU,SPAIN,NORWICH,ALICANTE,1882,1882,0,1826,1826,0,3.066813
23/08/2018 13:42,201806,WESTERN EUROPE-EU,SPAIN,NORWICH,IBIZA,1752,0,1752,1673,0,1673,4.722056
23/08/2018 13:42,201806,WESTERN EUROPE-EU,SPAIN,NORWICH,MAHON,1846,0,1846,1485,0,1485,24.309764
23/08/2018 13:42,201806,WESTERN EUROPE-EU,SPAIN,NORWICH,MALAGA,1652,1652,0,1607,1607,0,2.800249
23/08/2018 13:42,201806,WESTERN EUROPE-EU,SPAIN,NORWICH,PALMA DE MALLORCA,4749,0,4749,4336,0,4336,9.524908
23/08/2018 13:42,201806,WESTERN EUROPE-EU,SPAIN,PRESTWICK,ALICANTE,7358,7358,0,7472,7472,0,-1.525696
23/08/2018 13:42,201806,WESTERN EUROPE-EU,SPAIN,PRESTWICK,BARCELONA,10572,10572,0,10511,10511,0,0.580344
23/08/2018 13:42,201806,WESTERN EUROPE-EU,SPAIN,PRESTWICK,GIRONA,3075,3075,0,2698,2698,0,13.973314
23/08/2018 13:42,201806,WESTERN EUROPE-EU,SPAIN,PRESTWICK,IBIZA,2598,2598,0,2467,2467,0,5.310093
23/08/2018 13:42,201806,WESTERN EUROPE-EU,SPAIN,PRESTWICK,MALAGA,9199,9199,0,8907,8907,0,3.27832
23/08/2018 13:42,201806,WESTERN EUROPE-EU,SPAIN,PRESTWICK,MURCIA SAN JAVIER,3171,3171,0,3108,3108,0,2.027027
23/08/2018 13:42,201806,WESTERN EUROPE-EU,SPAIN,PRESTWICK,PALMA DE MALLORCA,8956,8956,0,8732,8732,0,2.565277
23/08/2018 13:42,201806,WESTERN EUROPE-EU,SPAIN,PRESTWICK,REUS,0,0,0,2574,2574,0,-100
23/08/2018 13:42,201806,WESTERN EUROPE-EU,SPAIN,SOUTHAMPTON,ALICANTE,5397,5397,0,4447,4447,0,21.362716
23/08/2018 13:42,201806,WESTERN EUROPE-EU,SPAIN,SOUTHAMPTON,IBIZA,980,980,0,1180,1180,0,-16.949153
23/08/2018 13:42,201806,WESTERN EUROPE-EU,SPAIN,SOUTHAMPTON,MAHON,718,0,718,0,0,0,0
23/08/2018 13:42,201806,WESTERN EUROPE-EU,SPAIN,SOUTHAMPTON,MALAGA,4035,4035,0,3604,3604,0,11.958935
23/08/2018 13:42,201806,WESTERN EUROPE-EU,SPAIN,SOUTHAMPTON,PALMA DE MALLORCA,4700,4700,0,5525,5525,0,-14.932127
23/08/2018 13:42,201806,WESTERN EUROPE-EU,SPAIN(CANARY ISLANDS),GATWICK,ARRECIFE,30056,24097,5959,43706,36401,7305,-31.23141
23/08/2018 13:42,201806,WESTERN EUROPE-EU,SPAIN(CANARY ISLANDS),GATWICK,FUERTEVENTURA,16181,11129,5052,16883,12181,4702,-4.158029
23/08/2018 13:42,201806,WESTERN EUROPE-EU,SPAIN(CANARY ISLANDS),GATWICK,LAS PALMAS,27447,18223,9224,32028,23055,8973,-14.30311
23/08/2018 13:42,201806,WESTERN EUROPE-EU,SPAIN(CANARY ISLANDS),GATWICK,SANTA CRUZ DE LA PALMA,1908,227,1681,2088,228,1860,-8.62069
23/08/2018 13:42,201806,WESTERN EUROPE-EU,SPAIN(CANARY ISLANDS),GATWICK,TENERIFE (SURREINA SOFIA),62080,48959,13121,72786,57260,15526,-14.708873
23/08/2018 13:42,201806,WESTERN EUROPE-EU,SPAIN(CANARY ISLANDS),HEATHROW,LAS PALMAS,1426,1426,0,3481,3481,0,-59.03476
23/08/2018 13:42,201806,WESTERN EUROPE-EU,SPAIN(CANARY ISLANDS),HEATHROW,TENERIFE (SURREINA SOFIA),1495,1495,0,0,0,0,0
23/08/2018 13:42,201806,WESTERN EUROPE-EU,SPAIN(CANARY ISLANDS),LUTON,ARRECIFE,9432,5989,3443,10386,6954,3432,-9.185442
23/08/2018 13:42,201806,WESTERN EUROPE-EU,SPAIN(CANARY ISLANDS),LUTON,FUERTEVENTURA,5089,3184,1905,4223,2738,1485,20.506749
23/08/2018 13:42,201806,WESTERN EUROPE-EU,SPAIN(CANARY ISLANDS),LUTON,LAS PALMAS,4970,3189,1781,4836,3153,1683,2.770885
23/08/2018 13:42,201806,WESTERN EUROPE-EU,SPAIN(CANARY ISLANDS),LUTON,TENERIFE (SURREINA SOFIA),10925,7281,3644,15879,12273,3606,-31.198438
23/08/2018 13:42,201806,WESTERN EUROPE-EU,SPAIN(CANARY ISLANDS),STANSTED,ARRECIFE,18549,18549,0,17811,17811,0,4.143507
23/08/2018 13:42,201806,WESTERN EUROPE-EU,SPAIN(CANARY ISLANDS),STANSTED,FUERTEVENTURA,13970,12468,1502,12629,11158,1471,10.618418
23/08/2018 13:42,201806,WESTERN EUROPE-EU,SPAIN(CANARY ISLANDS),STANSTED,LAS PALMAS,15914,14371,1543,13576,12110,1466,17.221567
23/08/2018 13:42,201806,WESTERN EUROPE-EU,SPAIN(CANARY ISLANDS),STANSTED,TENERIFE (SURREINA SOFIA),28994,27133,1861,27059,25202,1857,7.15104
23/08/2018 13:42,201806,WESTERN EUROPE-EU,SPAIN(CANARY ISLANDS),ABERDEEN,LAS PALMAS,1452,0,1452,1161,0,1161,25.064599
23/08/2018 13:42,201806,WESTERN EUROPE-EU,SPAIN(CANARY ISLANDS),ABERDEEN,TENERIFE (SURREINA SOFIA),1516,0,1516,1166,0,1166,30.017153
23/08/2018 13:42,201806,WESTERN EUROPE-EU,SPAIN(CANARY ISLANDS),BELFAST INTERNATIONAL,ARRECIFE,11206,6487,4719,10863,5404,5459,3.157507
23/08/2018 13:42,201806,WESTERN EUROPE-EU,SPAIN(CANARY ISLANDS),BELFAST INTERNATIONAL,FUERTEVENTURA,2277,2277,0,1164,1164,0,95.618557
23/08/2018 13:42,201806,WESTERN EUROPE-EU,SPAIN(CANARY ISLANDS),BELFAST INTERNATIONAL,LAS PALMAS,4641,2780,1861,5809,2591,3218,-20.106731
23/08/2018 13:42,201806,WESTERN EUROPE-EU,SPAIN(CANARY ISLANDS),BELFAST INTERNATIONAL,TENERIFE (SURREINA SOFIA),10388,5351,5037,10781,5660,5121,-3.645302
23/08/2018 13:42,201806,WESTERN EUROPE-EU,SPAIN(CANARY ISLANDS),BIRMINGHAM,ARRECIFE,20465,15361,5104,25184,19613,5571,-18.738088
23/08/2018 13:42,201806,WESTERN EUROPE-EU,SPAIN(CANARY ISLANDS),BIRMINGHAM,FUERTEVENTURA,12673,9512,3161,16687,13745,2942,-24.054653
23/08/2018 13:42,201806,WESTERN EUROPE-EU,SPAIN(CANARY ISLANDS),BIRMINGHAM,LAS PALMAS,17977,12813,5164,20593,17052,3541,-12.703346
23/08/2018 13:42,201806,WESTERN EUROPE-EU,SPAIN(CANARY ISLANDS),BIRMINGHAM,TENERIFE (NORTE LOS RODEOS),0,0,0,135,135,0,-100
23/08/2018 13:42,201806,WESTERN EUROPE-EU,SPAIN(CANARY ISLANDS),BIRMINGHAM,TENERIFE (SURREINA SOFIA),26593,19734,6859,41343,35581,5762,-35.67714
23/08/2018 13:42,201806,WESTERN EUROPE-EU,SPAIN(CANARY ISLANDS),BOURNEMOUTH,ARRECIFE,2745,0,2745,3165,0,3165,-13.270142
23/08/2018 13:42,201806,WESTERN EUROPE-EU,SPAIN(CANARY ISLANDS),BOURNEMOUTH,LAS PALMAS,3250,1758,1492,4256,2818,1438,-23.637218
23/08/2018 13:42,201806,WESTERN EUROPE-EU,SPAIN(CANARY ISLANDS),BOURNEMOUTH,TENERIFE (SURREINA SOFIA),2892,1418,1474,2799,1370,1429,3.322615
23/08/2018 13:42,201806,WESTERN EUROPE-EU,SPAIN(CANARY ISLANDS),BRISTOL,ARRECIFE,13116,9715,3401,13172,9572,3600,-0.425144
23/08/2018 13:42,201806,WESTERN EUROPE-EU,SPAIN(CANARY ISLANDS),BRISTOL,FUERTEVENTURA,4629,3142,1487,4113,2824,1289,12.545587
23/08/2018 13:42,201806,WESTERN EUROPE-EU,SPAIN(CANARY ISLANDS),BRISTOL,LAS PALMAS,7939,4704,3235,8718,5322,3396,-8.935536
23/08/2018 13:42,201806,WESTERN EUROPE-EU,SPAIN(CANARY ISLANDS),BRISTOL,TENERIFE (SURREINA SOFIA),17311,13926,3385,15882,14065,1817,8.997607
23/08/2018 13:42,201806,WESTERN EUROPE-EU,SPAIN(CANARY ISLANDS),CARDIFF WALES,ARRECIFE,4301,0,4301,5051,0,5051,-14.848545
23/08/2018 13:42,201806,WESTERN EUROPE-EU,SPAIN(CANARY ISLANDS),CARDIFF WALES,LAS PALMAS,1887,0,1887,1469,0,1469,28.454731
23/08/2018 13:42,201806,WESTERN EUROPE-EU,SPAIN(CANARY ISLANDS),CARDIFF WALES,TENERIFE (SURREINA SOFIA),7777,1384,6393,7987,1764,6223,-2.629273
23/08/2018 13:42,201806,WESTERN EUROPE-EU,SPAIN(CANARY ISLANDS),DONCASTER SHEFFIELD,ARRECIFE,3127,0,3127,3406,0,3406,-8.191427
23/08/2018 13:42,201806,WESTERN EUROPE-EU,SPAIN(CANARY ISLANDS),DONCASTER SHEFFIELD,LAS PALMAS,1740,0,1740,1482,0,1482,17.408907
23/08/2018 13:42,201806,WESTERN EUROPE-EU,SPAIN(CANARY ISLANDS),DONCASTER SHEFFIELD,TENERIFE (SURREINA SOFIA),3466,0,3466,3353,0,3353,3.370116
23/08/2018 13:42,201806,WESTERN EUROPE-EU,SPAIN(CANARY ISLANDS),EAST MIDLANDS INTERNATIONAL,ARRECIFE,15230,13769,1461,16013,14352,1661,-4.889777
23/08/2018 13:42,201806,WESTERN EUROPE-EU,SPAIN(CANARY ISLANDS),EAST MIDLANDS INTERNATIONAL,FUERTEVENTURA,9393,7947,1446,9837,6994,2843,-4.513571
23/08/2018 13:42,201806,WESTERN EUROPE-EU,SPAIN(CANARY ISLANDS),EAST MIDLANDS INTERNATIONAL,LAS PALMAS,7938,7938,0,7519,7519,0,5.57255
23/08/2018 13:42,201806,WESTERN EUROPE-EU,SPAIN(CANARY ISLANDS),EAST MIDLANDS INTERNATIONAL,TENERIFE (NORTE LOS RODEOS),171,171,0,0,0,0,0
23/08/2018 13:42,201806,WESTERN EUROPE-EU,SPAIN(CANARY ISLANDS),EAST MIDLANDS INTERNATIONAL,TENERIFE (SURREINA SOFIA),27049,22304,4745,27010,22207,4803,0.144391
23/08/2018 13:42,201806,WESTERN EUROPE-EU,SPAIN(CANARY ISLANDS),EDINBURGH,ARRECIFE,7448,5980,1468,7958,6197,1761,-6.408645
23/08/2018 13:42,201806,WESTERN EUROPE-EU,SPAIN(CANARY ISLANDS),EDINBURGH,FUERTEVENTURA,5853,5853,0,5948,5948,0,-1.597176
23/08/2018 13:42,201806,WESTERN EUROPE-EU,SPAIN(CANARY ISLANDS),EDINBURGH,LAS PALMAS,7858,6354,1504,6924,5690,1234,13.489313
23/08/2018 13:42,201806,WESTERN EUROPE-EU,SPAIN(CANARY ISLANDS),EDINBURGH,TENERIFE (SURREINA SOFIA),22170,18867,3303,20505,17516,2989,8.119971
23/08/2018 13:42,201806,WESTERN EUROPE-EU,SPAIN(CANARY ISLANDS),EXETER,ARRECIFE,2935,0,2935,3182,0,3182,-7.762414
23/08/2018 13:42,201806,WESTERN EUROPE-EU,SPAIN(CANARY ISLANDS),EXETER,LAS PALMAS,1484,0,1484,1506,0,1506,-1.460823
23/08/2018 13:42,201806,WESTERN EUROPE-EU,SPAIN(CANARY ISLANDS),EXETER,TENERIFE (SURREINA SOFIA),1461,0,1461,1496,0,1496,-2.339572
23/08/2018 13:42,201806,WESTERN EUROPE-EU,SPAIN(CANARY ISLANDS),GLASGOW,ARRECIFE,13203,11253,1950,14525,12514,2011,-9.101549
23/08/2018 13:42,201806,WESTERN EUROPE-EU,SPAIN(CANARY ISLANDS),GLASGOW,FUERTEVENTURA,5077,5077,0,6229,4615,1614,-18.49414
23/08/2018 13:42,201806,WESTERN EUROPE-EU,SPAIN(CANARY ISLANDS),GLASGOW,LAS PALMAS,7936,7936,0,9344,7865,1479,-15.068493
23/08/2018 13:42,201806,WESTERN EUROPE-EU,SPAIN(CANARY ISLANDS),GLASGOW,TENERIFE (SURREINA SOFIA),15611,13414,2197,19388,14394,4994,-19.481122
23/08/2018 13:42,201806,WESTERN EUROPE-EU,SPAIN(CANARY ISLANDS),LEEDS BRADFORD,ARRECIFE,12582,12582,0,10997,10997,0,14.413022
23/08/2018 13:42,201806,WESTERN EUROPE-EU,SPAIN(CANARY ISLANDS),LEEDS BRADFORD,FUERTEVENTURA,6484,6484,0,6644,6644,0,-2.408188
23/08/2018 13:42,201806,WESTERN EUROPE-EU,SPAIN(CANARY ISLANDS),LEEDS BRADFORD,LAS PALMAS,8775,8775,0,8946,8946,0,-1.911469
23/08/2018 13:42,201806,WESTERN EUROPE-EU,SPAIN(CANARY ISLANDS),LEEDS BRADFORD,TENERIFE (SURREINA SOFIA),17612,16139,1473,18498,17000,1498,-4.789707
23/08/2018 13:42,201806,WESTERN EUROPE-EU,SPAIN(CANARY ISLANDS),LIVERPOOL (JOHN LENNON),ARRECIFE,5803,5803,0,5588,5588,0,3.84753
23/08/2018 13:42,201806,WESTERN EUROPE-EU,SPAIN(CANARY ISLANDS),LIVERPOOL (JOHN LENNON),FUERTEVENTURA,4301,4301,0,4930,4930,0,-12.758621
23/08/2018 13:42,201806,WESTERN EUROPE-EU,SPAIN(CANARY ISLANDS),LIVERPOOL (JOHN LENNON),LAS PALMAS,3071,3071,0,2831,2831,0,8.47757
23/08/2018 13:42,201806,WESTERN EUROPE-EU,SPAIN(CANARY ISLANDS),LIVERPOOL (JOHN LENNON),TENERIFE (SURREINA SOFIA),4661,4661,0,4626,4626,0,0.756593
23/08/2018 13:42,201806,WESTERN EUROPE-EU,SPAIN(CANARY ISLANDS),MANCHESTER,ARRECIFE,36912,28843,8069,47890,38733,9157,-22.923366
23/08/2018 13:42,201806,WESTERN EUROPE-EU,SPAIN(CANARY ISLANDS),MANCHESTER,FUERTEVENTURA,21604,16317,5287,22470,17422,5048,-3.854028
23/08/2018 13:42,201806,WESTERN EUROPE-EU,SPAIN(CANARY ISLANDS),MANCHESTER,LAS PALMAS,27323,18422,8901,31023,19905,11118,-11.926635
23/08/2018 13:42,201806,WESTERN EUROPE-EU,SPAIN(CANARY ISLANDS),MANCHESTER,SANTA CRUZ DE LA PALMA,1485,0,1485,1827,0,1827,-18.719212
23/08/2018 13:42,201806,WESTERN EUROPE-EU,SPAIN(CANARY ISLANDS),MANCHESTER,TENERIFE (SURREINA SOFIA),64748,52033,12715,74040,60658,13382,-12.549973
23/08/2018 13:42,201806,WESTERN EUROPE-EU,SPAIN(CANARY ISLANDS),NEWCASTLE,ARRECIFE,12165,12165,0,14925,14925,0,-18.492462
23/08/2018 13:42,201806,WESTERN EUROPE-EU,SPAIN(CANARY ISLANDS),NEWCASTLE,FUERTEVENTURA,5991,5991,0,5627,5627,0,6.468811
23/08/2018 13:42,201806,WESTERN EUROPE-EU,SPAIN(CANARY ISLANDS),NEWCASTLE,LAS PALMAS,6264,6264,0,5804,5804,0,7.925569
23/08/2018 13:42,201806,WESTERN EUROPE-EU,SPAIN(CANARY ISLANDS),NEWCASTLE,TENERIFE (SURREINA SOFIA),19565,19565,0,19420,19420,0,0.746653
23/08/2018 13:42,201806,WESTERN EUROPE-EU,SPAIN(CANARY ISLANDS),NORWICH,LAS PALMAS,1396,0,1396,1238,0,1238,12.76252
23/08/2018 13:42,201806,WESTERN EUROPE-EU,SPAIN(CANARY ISLANDS),NORWICH,TENERIFE (NORTE LOS RODEOS),0,0,0,1376,0,1376,-100
23/08/2018 13:42,201806,WESTERN EUROPE-EU,SPAIN(CANARY ISLANDS),NORWICH,TENERIFE (SURREINA SOFIA),1354,173,1181,0,0,0,0
23/08/2018 13:42,201806,WESTERN EUROPE-EU,SPAIN(CANARY ISLANDS),PRESTWICK,ARRECIFE,2778,2778,0,2503,2503,0,10.986816
23/08/2018 13:42,201806,WESTERN EUROPE-EU,SPAIN(CANARY ISLANDS),PRESTWICK,FUERTEVENTURA,1386,1386,0,1336,1336,0,3.742515
23/08/2018 13:42,201806,WESTERN EUROPE-EU,SPAIN(CANARY ISLANDS),PRESTWICK,LAS PALMAS,3168,3168,0,2734,2734,0,15.874177
23/08/2018 13:42,201806,WESTERN EUROPE-EU,SPAIN(CANARY ISLANDS),PRESTWICK,TENERIFE (SURREINA SOFIA),9029,9029,0,8885,8885,0,1.620709
23/08/2018 13:42,201806,WESTERN EUROPE-EU,SWEDEN,GATWICK,GOTEBORG (LANDVETTER),15584,15584,0,17306,17306,0,-9.950306
23/08/2018 13:42,201806,WESTERN EUROPE-EU,SWEDEN,GATWICK,STOCKHOLM (ARLANDA),45162,45152,10,44659,44646,13,1.126313
23/08/2018 13:42,201806,WESTERN EUROPE-EU,SWEDEN,GATWICK,VISBY,0,0,0,85,0,85,-100
23/08/2018 13:42,201806,WESTERN EUROPE-EU,SWEDEN,HEATHROW,GOTEBORG (LANDVETTER),21554,21554,0,22495,22495,0,-4.183152
23/08/2018 13:42,201806,WESTERN EUROPE-EU,SWEDEN,HEATHROW,STOCKHOLM (ARLANDA),89280,89280,0,90561,90561,0,-1.414516
23/08/2018 13:42,201806,WESTERN EUROPE-EU,SWEDEN,LUTON,GOTEBORG (LANDVETTER),0,0,0,4,0,4,-100
23/08/2018 13:42,201806,WESTERN EUROPE-EU,SWEDEN,LUTON,STOCKHOLM (ARLANDA),4853,4853,0,7813,7813,0,-37.885575
23/08/2018 13:42,201806,WESTERN EUROPE-EU,SWEDEN,STANSTED,GOTEBORG (LANDVETTER),13897,13897,0,13641,13641,0,1.876695
23/08/2018 13:42,201806,WESTERN EUROPE-EU,SWEDEN,STANSTED,MALMO,179,179,0,92,0,92,94.565217
23/08/2018 13:42,201806,WESTERN EUROPE-EU,SWEDEN,STANSTED,STOCKHOLM (ARLANDA),0,0,0,86,0,86,-100
23/08/2018 13:42,201806,WESTERN EUROPE-EU,SWEDEN,STANSTED,STOCKHOLM (SKAVSTA),23178,23178,0,17716,17716,0,30.830887
23/08/2018 13:42,201806,WESTERN EUROPE-EU,SWEDEN,STANSTED,VASTERAS,5918,5918,0,5823,5823,0,1.631461
23/08/2018 13:42,201806,WESTERN EUROPE-EU,SWEDEN,ABERDEEN,VISBY,0,0,0,132,0,132,-100
23/08/2018 13:42,201806,WESTERN EUROPE-EU,SWEDEN,BIRMINGHAM,GOTEBORG (LANDVETTER),0,0,0,1441,1441,0,-100
23/08/2018 13:42,201806,WESTERN EUROPE-EU,SWEDEN,BIRMINGHAM,STOCKHOLM (ARLANDA),749,738,11,4093,4093,0,-81.700464
23/08/2018 13:42,201806,WESTERN EUROPE-EU,SWEDEN,BOURNEMOUTH,VISBY,0,0,0,160,0,160,-100
23/08/2018 13:42,201806,WESTERN EUROPE-EU,SWEDEN,BRISTOL,GOTEBORG (LANDVETTER),380,380,0,0,0,0,0
23/08/2018 13:42,201806,WESTERN EUROPE-EU,SWEDEN,BRISTOL,STOCKHOLM (ARLANDA),2276,2276,0,0,0,0,0
23/08/2018 13:42,201806,WESTERN EUROPE-EU,SWEDEN,EDINBURGH,GOTEBORG (LANDVETTER),3151,3151,0,3162,3162,0,-0.347881
23/08/2018 13:42,201806,WESTERN EUROPE-EU,SWEDEN,EDINBURGH,STOCKHOLM (ARLANDA),12829,12829,0,12352,12352,0,3.861723
23/08/2018 13:42,201806,WESTERN EUROPE-EU,SWEDEN,ISLE OF MAN,STOCKHOLM (ARLANDA),100,0,100,231,0,231,-56.709957
23/08/2018 13:42,201806,WESTERN EUROPE-EU,SWEDEN,ISLE OF MAN,VISBY,0,0,0,216,0,216,-100
23/08/2018 13:42,201806,WESTERN EUROPE-EU,SWEDEN,JERSEY,VISBY,0,0,0,335,44,291,-100
23/08/2018 13:42,201806,WESTERN EUROPE-EU,SWEDEN,MANCHESTER,GOTEBORG (LANDVETTER),262,262,0,0,0,0,0
23/08/2018 13:42,201806,WESTERN EUROPE-EU,SWEDEN,MANCHESTER,STOCKHOLM (ARLANDA),14999,14999,0,17015,17015,0,-11.848369
23/08/2018 13:42,201806,WESTERN EUROPE-OTHER,BOSNIA-HERZEGOVINA,LUTON,TUZLA,0,0,0,2032,2032,0,-100
23/08/2018 13:42,201806,WESTERN EUROPE-OTHER,FAROE ISLANDS,EDINBURGH,VAGAR,1617,1617,0,1551,1551,0,4.255319
23/08/2018 13:42,201806,WESTERN EUROPE-OTHER,ICELAND,GATWICK,KEFLAVIK,36315,36315,0,35571,35571,0,2.091591
23/08/2018 13:42,201806,WESTERN EUROPE-OTHER,ICELAND,HEATHROW,KEFLAVIK,32930,32930,0,28103,28103,0,17.176102
23/08/2018 13:42,201806,WESTERN EUROPE-OTHER,ICELAND,LUTON,KEFLAVIK,12581,12581,0,8667,8667,0,45.159802
23/08/2018 13:42,201806,WESTERN EUROPE-OTHER,ICELAND,STANSTED,KEFLAVIK,11047,11047,0,0,0,0,0
23/08/2018 13:42,201806,WESTERN EUROPE-OTHER,ICELAND,ABERDEEN,KEFLAVIK,0,0,0,1183,1183,0,-100
23/08/2018 13:42,201806,WESTERN EUROPE-OTHER,ICELAND,BELFAST CITY (GEORGE BEST),KEFLAVIK,0,0,0,989,989,0,-100
23/08/2018 13:42,201806,WESTERN EUROPE-OTHER,ICELAND,BELFAST INTERNATIONAL,KEFLAVIK,167,0,167,0,0,0,0
23/08/2018 13:42,201806,WESTERN EUROPE-OTHER,ICELAND,BIRMINGHAM,KEFLAVIK,152,0,152,2731,2731,0,-94.434273
23/08/2018 13:42,201806,WESTERN EUROPE-OTHER,ICELAND,BRISTOL,KEFLAVIK,0,0,0,1296,1296,0,-100
23/08/2018 13:42,201806,WESTERN EUROPE-OTHER,ICELAND,EDINBURGH,KEFLAVIK,7091,7091,0,7969,7969,0,-11.017694
23/08/2018 13:42,201806,WESTERN EUROPE-OTHER,ICELAND,GLASGOW,KEFLAVIK,10434,10434,0,9669,9669,0,7.911883
23/08/2018 13:42,201806,WESTERN EUROPE-OTHER,ICELAND,MANCHESTER,KEFLAVIK,8923,8923,0,8549,8549,0,4.374781
23/08/2018 13:42,201806,WESTERN EUROPE-OTHER,KOSOVO,GATWICK,PRISTINA,0,0,0,1959,1959,0,-100
23/08/2018 13:42,201806,WESTERN EUROPE-OTHER,KOSOVO,LUTON,PRISTINA,4944,4944,0,654,654,0,655.963303
23/08/2018 13:42,201806,WESTERN EUROPE-OTHER,MACEDONIA,LUTON,OHRID,2562,2562,0,2897,2897,0,-11.563687
23/08/2018 13:42,201806,WESTERN EUROPE-OTHER,MACEDONIA,LUTON,SKOPJE,6571,6571,0,6590,6590,0,-0.288316
23/08/2018 13:42,201806,WESTERN EUROPE-OTHER,NORWAY,GATWICK,BERGEN,18210,18210,0,18495,18495,0,-1.540957
23/08/2018 13:42,201806,WESTERN EUROPE-OTHER,NORWAY,GATWICK,OSLO (GARDERMOEN),37032,37032,0,34824,34824,0,6.340455
23/08/2018 13:42,201806,WESTERN EUROPE-OTHER,NORWAY,GATWICK,STAVANGER,8263,8263,0,9024,9024,0,-8.433067
23/08/2018 13:42,201806,WESTERN EUROPE-OTHER,NORWAY,GATWICK,TRONDHEIM (VAERNES),5115,5115,0,6587,6587,0,-22.347047
23/08/2018 13:42,201806,WESTERN EUROPE-OTHER,NORWAY,HEATHROW,BERGEN,0,0,0,7950,7950,0,-100
23/08/2018 13:42,201806,WESTERN EUROPE-OTHER,NORWAY,HEATHROW,OSLO (GARDERMOEN),58940,58940,0,59244,59244,0,-0.513132
23/08/2018 13:42,201806,WESTERN EUROPE-OTHER,NORWAY,HEATHROW,STAVANGER,9054,9054,0,14925,14925,0,-39.336683
23/08/2018 13:42,201806,WESTERN EUROPE-OTHER,NORWAY,STANSTED,OSLO (GARDERMOEN),26362,26362,0,26907,26907,0,-2.025495
23/08/2018 13:42,201806,WESTERN EUROPE-OTHER,NORWAY,STANSTED,SANDEFJORD(TORP),5607,5607,0,5454,5454,0,2.805281
23/08/2018 13:42,201806,WESTERN EUROPE-OTHER,NORWAY,ABERDEEN,BERGEN,4028,4028,0,4149,4096,53,-2.916365
23/08/2018 13:42,201806,WESTERN EUROPE-OTHER,NORWAY,ABERDEEN,OSLO (GARDERMOEN),2697,2697,0,2518,2518,0,7.108817
23/08/2018 13:42,201806,WESTERN EUROPE-OTHER,NORWAY,ABERDEEN,STAVANGER,8364,8364,0,9444,9444,0,-11.435832
23/08/2018 13:42,201806,WESTERN EUROPE-OTHER,NORWAY,BELFAST INTERNATIONAL,HAUGESUND,0,0,0,274,0,274,-100
23/08/2018 13:42,201806,WESTERN EUROPE-OTHER,NORWAY,EDINBURGH,BERGEN,424,424,0,438,438,0,-3.196347
23/08/2018 13:42,201806,WESTERN EUROPE-OTHER,NORWAY,EDINBURGH,OSLO (GARDERMOEN),11825,11825,0,11057,11057,0,6.945826
23/08/2018 13:42,201806,WESTERN EUROPE-OTHER,NORWAY,GLASGOW,BERGEN,418,418,0,371,371,0,12.668464
23/08/2018 13:42,201806,WESTERN EUROPE-OTHER,NORWAY,INVERNESS,BERGEN,179,179,0,0,0,0,0
23/08/2018 13:42,201806,WESTERN EUROPE-OTHER,NORWAY,KIRKWALL,BERGEN,106,106,0,106,106,0,0
23/08/2018 13:42,201806,WESTERN EUROPE-OTHER,NORWAY,MANCHESTER,BERGEN,1739,1739,0,769,769,0,126.137841
23/08/2018 13:42,201806,WESTERN EUROPE-OTHER,NORWAY,MANCHESTER,OSLO (GARDERMOEN),9930,9930,0,9539,9539,0,4.098962
23/08/2018 13:42,201806,WESTERN EUROPE-OTHER,NORWAY,MANCHESTER,SANDEFJORD(TORP),5592,5592,0,3062,3062,0,82.625735
23/08/2018 13:42,201806,WESTERN EUROPE-OTHER,NORWAY,MANCHESTER,STAVANGER,1270,1270,0,0,0,0,0
23/08/2018 13:42,201806,WESTERN EUROPE-OTHER,NORWAY,NEWCASTLE,STAVANGER,1042,1042,0,1023,1023,0,1.857283
23/08/2018 13:42,201806,WESTERN EUROPE-OTHER,NORWAY,SUMBURGH,BERGEN,471,471,0,354,354,0,33.050847
23/08/2018 13:42,201806,WESTERN EUROPE-OTHER,REPUBLIC OF MONTENEGRO,GATWICK,PODGORICA,2235,0,2235,0,0,0,0
23/08/2018 13:42,201806,WESTERN EUROPE-OTHER,REPUBLIC OF MONTENEGRO,GATWICK,TIVAT,4986,4986,0,5294,5294,0,-5.817907
23/08/2018 13:42,201806,WESTERN EUROPE-OTHER,REPUBLIC OF MONTENEGRO,LUTON,TIVAT,0,0,0,38,0,38,-100
23/08/2018 13:42,201806,WESTERN EUROPE-OTHER,REPUBLIC OF MONTENEGRO,STANSTED,PODGORICA,2880,2880,0,2816,2816,0,2.272727
23/08/2018 13:42,201806,WESTERN EUROPE-OTHER,REPUBLIC OF MONTENEGRO,BIRMINGHAM,PODGORICA,940,0,940,0,0,0,0
23/08/2018 13:42,201806,WESTERN EUROPE-OTHER,REPUBLIC OF MONTENEGRO,MANCHESTER,PODGORICA,1174,0,1174,0,0,0,0
23/08/2018 13:42,201806,WESTERN EUROPE-OTHER,REPUBLIC OF MONTENEGRO,MANCHESTER,TIVAT,2587,2587,0,2706,2706,0,-4.397635
23/08/2018 13:42,201806,WESTERN EUROPE-OTHER,REPUBLIC OF SERBIA,HEATHROW,BELGRADE,9389,9389,0,8656,8656,0,8.468115
23/08/2018 13:42,201806,WESTERN EUROPE-OTHER,REPUBLIC OF SERBIA,LUTON,BELGRADE,4345,4345,0,4210,4210,0,3.206651
23/08/2018 13:42,201806,WESTERN EUROPE-OTHER,REPUBLIC OF SERBIA,CARDIFF WALES,BELGRADE,0,0,0,143,0,143,-100
23/08/2018 13:42,201806,WESTERN EUROPE-OTHER,SWITZERLAND,GATWICK,BALE MULHOUSE,24133,24133,0,23373,23373,0,3.251615
23/08/2018 13:42,201806,WESTERN EUROPE-OTHER,SWITZERLAND,GATWICK,GENEVA,51408,51408,0,51533,51533,0,-0.242563
23/08/2018 13:42,201806,WESTERN EUROPE-OTHER,SWITZERLAND,GATWICK,ZURICH,13021,13021,0,13698,13698,0,-4.942327
23/08/2018 13:42,201806,WESTERN EUROPE-OTHER,SWITZERLAND,HEATHROW,BALE MULHOUSE,23534,23534,0,21670,21670,0,8.601754
23/08/2018 13:42,201806,WESTERN EUROPE-OTHER,SWITZERLAND,HEATHROW,GENEVA,77767,77767,0,78709,78709,0,-1.196814
23/08/2018 13:42,201806,WESTERN EUROPE-OTHER,SWITZERLAND,HEATHROW,ZURICH,99013,99013,0,92961,92961,0,6.510257
23/08/2018 13:42,201806,WESTERN EUROPE-OTHER,SWITZERLAND,LONDON CITY,BALE MULHOUSE,0,0,0,2256,2256,0,-100
23/08/2018 13:42,201806,WESTERN EUROPE-OTHER,SWITZERLAND,LONDON CITY,BERNE,986,986,0,850,850,0,16
23/08/2018 13:42,201806,WESTERN EUROPE-OTHER,SWITZERLAND,LONDON CITY,GENEVA,14530,14530,0,15821,15821,0,-8.16004
23/08/2018 13:42,201806,WESTERN EUROPE-OTHER,SWITZERLAND,LONDON CITY,ZURICH,35856,35856,0,32082,32082,0,11.763606
23/08/2018 13:42,201806,WESTERN EUROPE-OTHER,SWITZERLAND,LUTON,BALE MULHOUSE,7596,7596,0,7640,7640,0,-0.575916
23/08/2018 13:42,201806,WESTERN EUROPE-OTHER,SWITZERLAND,LUTON,GENEVA,16344,16344,0,15223,15223,0,7.363857
23/08/2018 13:42,201806,WESTERN EUROPE-OTHER,SWITZERLAND,LUTON,ZURICH,16571,16571,0,16428,16428,0,0.870465
23/08/2018 13:42,201806,WESTERN EUROPE-OTHER,SWITZERLAND,STANSTED,BALE MULHOUSE,9704,9704,0,9424,9424,0,2.971138
23/08/2018 13:42,201806,WESTERN EUROPE-OTHER,SWITZERLAND,STANSTED,GENEVA,0,0,0,247,247,0,-100
23/08/2018 13:42,201806,WESTERN EUROPE-OTHER,SWITZERLAND,BIRMINGHAM,GENEVA,3791,3791,0,0,0,0,0
23/08/2018 13:42,201806,WESTERN EUROPE-OTHER,SWITZERLAND,BIRMINGHAM,ZURICH,7724,7724,0,7692,7692,0,0.416017
23/08/2018 13:42,201806,WESTERN EUROPE-OTHER,SWITZERLAND,BRISTOL,BALE MULHOUSE,5183,5183,0,5083,5083,0,1.967342
23/08/2018 13:42,201806,WESTERN EUROPE-OTHER,SWITZERLAND,BRISTOL,GENEVA,11679,11679,0,14105,14047,58,-17.199575
23/08/2018 13:42,201806,WESTERN EUROPE-OTHER,SWITZERLAND,EAST MIDLANDS INTERNATIONAL,BERNE,20,0,20,0,0,0,0
23/08/2018 13:42,201806,WESTERN EUROPE-OTHER,SWITZERLAND,EAST MIDLANDS INTERNATIONAL,ZURICH,0,0,0,17,0,17,-100
23/08/2018 13:42,201806,WESTERN EUROPE-OTHER,SWITZERLAND,EDINBURGH,BALE MULHOUSE,11840,11840,0,12054,12054,0,-1.775344
23/08/2018 13:42,201806,WESTERN EUROPE-OTHER,SWITZERLAND,EDINBURGH,GENEVA,14012,14012,0,14344,14344,0,-2.314557
23/08/2018 13:42,201806,WESTERN EUROPE-OTHER,SWITZERLAND,EDINBURGH,ZURICH,5637,5257,380,4157,3798,359,35.602598
23/08/2018 13:42,201806,WESTERN EUROPE-OTHER,SWITZERLAND,GUERNSEY,ZURICH,171,171,0,68,0,68,151.470588
23/08/2018 13:42,201806,WESTERN EUROPE-OTHER,SWITZERLAND,ISLE OF MAN,ZURICH,24,0,24,0,0,0,0
23/08/2018 13:42,201806,WESTERN EUROPE-OTHER,SWITZERLAND,JERSEY,BALE MULHOUSE,0,0,0,148,148,0,-100
23/08/2018 13:42,201806,WESTERN EUROPE-OTHER,SWITZERLAND,JERSEY,BERNE,317,317,0,123,123,0,157.723577
23/08/2018 13:42,201806,WESTERN EUROPE-OTHER,SWITZERLAND,JERSEY,ZURICH,181,181,0,91,91,0,98.901099
23/08/2018 13:42,201806,WESTERN EUROPE-OTHER,SWITZERLAND,LIVERPOOL (JOHN LENNON),GENEVA,5848,5848,0,5217,5217,0,12.095074
23/08/2018 13:42,201806,WESTERN EUROPE-OTHER,SWITZERLAND,MANCHESTER,BALE MULHOUSE,8053,8053,0,7033,7033,0,14.503057
23/08/2018 13:42,201806,WESTERN EUROPE-OTHER,SWITZERLAND,MANCHESTER,GENEVA,18153,18153,0,17947,17947,0,1.147824
23/08/2018 13:42,201806,WESTERN EUROPE-OTHER,SWITZERLAND,MANCHESTER,ZURICH,10217,10217,0,9735,9735,0,4.951207
23/08/2018 13:42,201806,WESTERN EUROPE-OTHER,SWITZERLAND,NEWCASTLE,GENEVA,3022,3022,0,2604,2604,0,16.052227
23/08/2018 13:42,201806,WESTERN EUROPE-OTHER,TURKEY,GATWICK,ANKARA (ESENBOGA),10,0,10,0,0,0,0
23/08/2018 13:42,201806,WESTERN EUROPE-OTHER,TURKEY,GATWICK,ANTALYA,43951,31213,12738,29775,23261,6514,47.610411
23/08/2018 13:42,201806,WESTERN EUROPE-OTHER,TURKEY,GATWICK,BODRUM (MILAS),16354,13320,3034,15939,12641,3298,2.603677
23/08/2018 13:42,201806,WESTERN EUROPE-OTHER,TURKEY,GATWICK,DALAMAN,50690,40207,10483,47868,43431,4437,5.895379
23/08/2018 13:42,201806,WESTERN EUROPE-OTHER,TURKEY,GATWICK,ISTANBUL,18718,18718,0,18014,18014,0,3.908071
23/08/2018 13:42,201806,WESTERN EUROPE-OTHER,TURKEY,GATWICK,ISTANBUL (SABIHA GOKCEN),7744,7744,0,7368,7368,0,5.103149
23/08/2018 13:42,201806,WESTERN EUROPE-OTHER,TURKEY,GATWICK,IZMIR (ADNAN MENDERES),9037,7141,1896,8044,6569,1475,12.344605
23/08/2018 13:42,201806,WESTERN EUROPE-OTHER,TURKEY,HEATHROW,ISTANBUL,86581,86581,0,81768,81768,0,5.886166
23/08/2018 13:42,201806,WESTERN EUROPE-OTHER,TURKEY,LUTON,ANKARA (ESENBOGA),774,774,0,0,0,0,0
23/08/2018 13:42,201806,WESTERN EUROPE-OTHER,TURKEY,LUTON,ANTALYA,9521,8320,1201,2955,2955,0,222.199662
23/08/2018 13:42,201806,WESTERN EUROPE-OTHER,TURKEY,LUTON,BODRUM (MILAS),4266,4266,0,2802,2802,0,52.248394
23/08/2018 13:42,201806,WESTERN EUROPE-OTHER,TURKEY,LUTON,DALAMAN,7162,5668,1494,4185,4185,0,71.135006
23/08/2018 13:42,201806,WESTERN EUROPE-OTHER,TURKEY,LUTON,GAZIANTEP,364,364,0,0,0,0,0
23/08/2018 13:42,201806,WESTERN EUROPE-OTHER,TURKEY,LUTON,IZMIR (ADNAN MENDERES),1077,1077,0,683,683,0,57.686676
23/08/2018 13:42,201806,WESTERN EUROPE-OTHER,TURKEY,STANSTED,ANTALYA,18372,16668,1704,8528,6793,1735,115.43152
23/08/2018 13:42,201806,WESTERN EUROPE-OTHER,TURKEY,STANSTED,BODRUM (MILAS),7388,7388,0,3302,3302,0,123.743186
23/08/2018 13:42,201806,WESTERN EUROPE-OTHER,TURKEY,STANSTED,DALAMAN,21857,18643,3214,15424,12191,3233,41.707728
23/08/2018 13:42,201806,WESTERN EUROPE-OTHER,TURKEY,STANSTED,ISTANBUL,6266,6266,0,5953,5953,0,5.257853
23/08/2018 13:42,201806,WESTERN EUROPE-OTHER,TURKEY,STANSTED,ISTANBUL (SABIHA GOKCEN),32033,32033,0,28942,28942,0,10.679981
23/08/2018 13:42,201806,WESTERN EUROPE-OTHER,TURKEY,STANSTED,IZMIR (ADNAN MENDERES),4311,4311,0,3314,3314,0,30.08449
23/08/2018 13:42,201806,WESTERN EUROPE-OTHER,TURKEY,ABERDEEN,DALAMAN,1262,0,1262,1329,0,1329,-5.041384
23/08/2018 13:42,201806,WESTERN EUROPE-OTHER,TURKEY,BELFAST INTERNATIONAL,ANTALYA,3218,1561,1657,39,0,39,8151.282051
23/08/2018 13:42,201806,WESTERN EUROPE-OTHER,TURKEY,BELFAST INTERNATIONAL,DALAMAN,3604,217,3387,1860,0,1860,93.763441
23/08/2018 13:42,201806,WESTERN EUROPE-OTHER,TURKEY,BELFAST INTERNATIONAL,ISTANBUL (SABIHA GOKCEN),0,0,0,50,0,50,-100
23/08/2018 13:42,201806,WESTERN EUROPE-OTHER,TURKEY,BIRMINGHAM,ANTALYA,19579,14811,4768,8076,5236,2840,142.434373
23/08/2018 13:42,201806,WESTERN EUROPE-OTHER,TURKEY,BIRMINGHAM,BODRUM (MILAS),4725,3371,1354,1202,0,1202,293.094842
23/08/2018 13:42,201806,WESTERN EUROPE-OTHER,TURKEY,BIRMINGHAM,DALAMAN,21707,15300,6407,22418,17580,4838,-3.171559
23/08/2018 13:42,201806,WESTERN EUROPE-OTHER,TURKEY,BIRMINGHAM,ISTANBUL,11963,11963,0,11398,11398,0,4.95701
23/08/2018 13:42,201806,WESTERN EUROPE-OTHER,TURKEY,BIRMINGHAM,IZMIR (ADNAN MENDERES),1295,1295,0,1356,1356,0,-4.498525
23/08/2018 13:42,201806,WESTERN EUROPE-OTHER,TURKEY,BOURNEMOUTH,DALAMAN,1727,0,1727,1635,0,1635,5.626911
23/08/2018 13:42,201806,WESTERN EUROPE-OTHER,TURKEY,BRISTOL,ANTALYA,9022,7150,1872,4705,3334,1371,91.753454
23/08/2018 13:42,201806,WESTERN EUROPE-OTHER,TURKEY,BRISTOL,BODRUM (MILAS),5775,4366,1409,5841,4210,1631,-1.129944
23/08/2018 13:42,201806,WESTERN EUROPE-OTHER,TURKEY,BRISTOL,DALAMAN,15743,12688,3055,11384,9665,1719,38.290583
23/08/2018 13:42,201806,WESTERN EUROPE-OTHER,TURKEY,CARDIFF WALES,ANTALYA,3287,0,3287,0,0,0,0
23/08/2018 13:42,201806,WESTERN EUROPE-OTHER,TURKEY,CARDIFF WALES,DALAMAN,7650,0,7650,4617,0,4617,65.692008
23/08/2018 13:42,201806,WESTERN EUROPE-OTHER,TURKEY,DONCASTER SHEFFIELD,ANTALYA,1369,0,1369,0,0,0,0
23/08/2018 13:42,201806,WESTERN EUROPE-OTHER,TURKEY,DONCASTER SHEFFIELD,DALAMAN,2955,0,2955,1810,0,1810,63.259669
23/08/2018 13:42,201806,WESTERN EUROPE-OTHER,TURKEY,EAST MIDLANDS INTERNATIONAL,ANTALYA,4799,3118,1681,3267,3267,0,46.893174
23/08/2018 13:42,201806,WESTERN EUROPE-OTHER,TURKEY,EAST MIDLANDS INTERNATIONAL,DALAMAN,7736,6249,1487,4262,3020,1242,81.511028
23/08/2018 13:42,201806,WESTERN EUROPE-OTHER,TURKEY,EDINBURGH,ANTALYA,3499,3499,0,0,0,0,0
23/08/2018 13:42,201806,WESTERN EUROPE-OTHER,TURKEY,EDINBURGH,BODRUM (MILAS),3042,3042,0,2771,2771,0,9.779863
23/08/2018 13:42,201806,WESTERN EUROPE-OTHER,TURKEY,EDINBURGH,DALAMAN,6706,5052,1654,4614,2860,1754,45.340269
23/08/2018 13:42,201806,WESTERN EUROPE-OTHER,TURKEY,EDINBURGH,ISTANBUL,8016,8016,0,7499,7499,0,6.894253
23/08/2018 13:42,201806,WESTERN EUROPE-OTHER,TURKEY,EXETER,DALAMAN,2764,0,2764,1427,0,1427,93.693062
23/08/2018 13:42,201806,WESTERN EUROPE-OTHER,TURKEY,GLASGOW,ANTALYA,10018,10018,0,6387,6387,0,56.849851
23/08/2018 13:42,201806,WESTERN EUROPE-OTHER,TURKEY,GLASGOW,BODRUM (MILAS),1601,1601,0,0,0,0,0
23/08/2018 13:42,201806,WESTERN EUROPE-OTHER,TURKEY,GLASGOW,DALAMAN,18529,15299,3230,13465,11817,1648,37.608615
23/08/2018 13:42,201806,WESTERN EUROPE-OTHER,TURKEY,LEEDS BRADFORD,ANTALYA,8101,8101,0,2948,2948,0,174.796472
23/08/2018 13:42,201806,WESTERN EUROPE-OTHER,TURKEY,LEEDS BRADFORD,BODRUM (MILAS),1796,1796,0,2183,2183,0,-17.727897
23/08/2018 13:42,201806,WESTERN EUROPE-OTHER,TURKEY,LEEDS BRADFORD,DALAMAN,9303,7855,1448,7097,7097,0,31.083556
23/08/2018 13:42,201806,WESTERN EUROPE-OTHER,TURKEY,LIVERPOOL (JOHN LENNON),BODRUM (MILAS),1342,1342,0,1326,1326,0,1.206637
23/08/2018 13:42,201806,WESTERN EUROPE-OTHER,TURKEY,MANCHESTER,ANTALYA,44418,34831,9587,24342,19567,4775,82.474735
23/08/2018 13:42,201806,WESTERN EUROPE-OTHER,TURKEY,MANCHESTER,BODRUM (MILAS),12184,9292,2892,9847,6763,3084,23.733117
23/08/2018 13:42,201806,WESTERN EUROPE-OTHER,TURKEY,MANCHESTER,DALAMAN,52310,44023,8287,40735,32574,8161,28.415368
23/08/2018 13:42,201806,WESTERN EUROPE-OTHER,TURKEY,MANCHESTER,ISTANBUL,19949,19949,0,17368,17368,0,14.860663
23/08/2018 13:42,201806,WESTERN EUROPE-OTHER,TURKEY,MANCHESTER,IZMIR (ADNAN MENDERES),9006,5894,3112,4961,3468,1493,81.535981
23/08/2018 13:42,201806,WESTERN EUROPE-OTHER,TURKEY,NEWCASTLE,ANTALYA,11720,11720,0,6288,6288,0,86.386768
23/08/2018 13:42,201806,WESTERN EUROPE-OTHER,TURKEY,NEWCASTLE,BODRUM (MILAS),3275,3275,0,0,0,0,0
23/08/2018 13:42,201806,WESTERN EUROPE-OTHER,TURKEY,NEWCASTLE,DALAMAN,18764,18764,0,12679,12679,0,47.992744
23/08/2018 13:42,201806,WESTERN EUROPE-OTHER,TURKEY,NORWICH,DALAMAN,2916,0,2916,0,0,0,0
23/08/2018 13:42,201806,EASTERN EUROPE-EU,BULGARIA,GATWICK,BURGAS,13325,4085,9240,12258,5070,7188,8.704519
23/08/2018 13:42,201806,EASTERN EUROPE-EU,BULGARIA,GATWICK,SOFIA,9102,9012,90,9364,9335,29,-2.79795
23/08/2018 13:42,201806,EASTERN EUROPE-EU,BULGARIA,GATWICK,VARNA,4345,2593,1752,3391,3391,0,28.133294
23/08/2018 13:42,201806,EASTERN EUROPE-EU,BULGARIA,HEATHROW,SOFIA,14642,14642,0,13308,13308,0,10.024046
23/08/2018 13:42,201806,EASTERN EUROPE-EU,BULGARIA,LUTON,BURGAS,17014,16795,219,10026,8347,1679,69.698783
23/08/2018 13:42,201806,EASTERN EUROPE-EU,BULGARIA,LUTON,SOFIA,27574,27574,0,26937,26937,0,2.364777
23/08/2018 13:42,201806,EASTERN EUROPE-EU,BULGARIA,LUTON,VARNA,9357,9357,0,8821,8821,0,6.076409
23/08/2018 13:42,201806,EASTERN EUROPE-EU,BULGARIA,STANSTED,BURGAS,1549,0,1549,0,0,0,0
23/08/2018 13:42,201806,EASTERN EUROPE-EU,BULGARIA,STANSTED,PLOVDIV,4765,4765,0,4272,4272,0,11.540262
23/08/2018 13:42,201806,EASTERN EUROPE-EU,BULGARIA,STANSTED,SOFIA,21264,21264,0,21049,21049,0,1.021426
23/08/2018 13:42,201806,EASTERN EUROPE-EU,BULGARIA,ABERDEEN,BURGAS,1770,0,1770,1755,0,1755,0.854701
23/08/2018 13:42,201806,EASTERN EUROPE-EU,BULGARIA,BELFAST INTERNATIONAL,BURGAS,4523,0,4523,4403,0,4403,2.725414
23/08/2018 13:42,201806,EASTERN EUROPE-EU,BULGARIA,BIRMINGHAM,BURGAS,10248,3614,6634,7494,3074,4420,36.7494
23/08/2018 13:42,201806,EASTERN EUROPE-EU,BULGARIA,BIRMINGHAM,SOFIA,4544,4544,0,9039,9039,0,-49.728952
23/08/2018 13:42,201806,EASTERN EUROPE-EU,BULGARIA,BIRMINGHAM,VARNA,1131,1131,0,0,0,0,0
23/08/2018 13:42,201806,EASTERN EUROPE-EU,BULGARIA,BRISTOL,BURGAS,6956,1302,5654,2639,0,2639,163.584691
23/08/2018 13:42,201806,EASTERN EUROPE-EU,BULGARIA,BRISTOL,SOFIA,0,0,0,3135,3102,33,-100
23/08/2018 13:42,201806,EASTERN EUROPE-EU,BULGARIA,CARDIFF WALES,BURGAS,4239,0,4239,4223,0,4223,0.378878
23/08/2018 13:42,201806,EASTERN EUROPE-EU,BULGARIA,DONCASTER SHEFFIELD,BURGAS,4849,0,4849,3253,0,3253,49.062404
23/08/2018 13:42,201806,EASTERN EUROPE-EU,BULGARIA,DONCASTER SHEFFIELD,SOFIA,0,0,0,2915,2915,0,-100
23/08/2018 13:42,201806,EASTERN EUROPE-EU,BULGARIA,EAST MIDLANDS INTERNATIONAL,BURGAS,5534,1496,4038,5559,1598,3961,-0.449721
23/08/2018 13:42,201806,EASTERN EUROPE-EU,BULGARIA,EDINBURGH,BURGAS,2706,0,2706,2694,0,2694,0.445434
23/08/2018 13:42,201806,EASTERN EUROPE-EU,BULGARIA,GLASGOW,BURGAS,5654,1637,4017,4078,0,4078,38.646395
23/08/2018 13:42,201806,EASTERN EUROPE-EU,BULGARIA,GLASGOW,SOFIA,2903,2903,0,2845,2845,0,2.038664
23/08/2018 13:42,201806,EASTERN EUROPE-EU,BULGARIA,HUMBERSIDE,BURGAS,1703,0,1703,1322,0,1322,28.81997
23/08/2018 13:42,201806,EASTERN EUROPE-EU,BULGARIA,LEEDS BRADFORD,BURGAS,3068,0,3068,1300,0,1300,136
23/08/2018 13:42,201806,EASTERN EUROPE-EU,BULGARIA,LIVERPOOL (JOHN LENNON),SOFIA,3205,3205,0,3129,3129,0,2.428891
23/08/2018 13:42,201806,EASTERN EUROPE-EU,BULGARIA,MANCHESTER,BURGAS,21283,6947,14336,19742,7463,12279,7.805693
23/08/2018 13:42,201806,EASTERN EUROPE-EU,BULGARIA,MANCHESTER,SOFIA,4375,4375,0,5519,5519,0,-20.728393
23/08/2018 13:42,201806,EASTERN EUROPE-EU,BULGARIA,MANCHESTER,VARNA,5397,1523,3874,1104,0,1104,388.858696
23/08/2018 13:42,201806,EASTERN EUROPE-EU,BULGARIA,NEWCASTLE,BURGAS,8858,8858,0,8632,8632,0,2.618165
23/08/2018 13:42,201806,EASTERN EUROPE-EU,BULGARIA,NORWICH,BURGAS,1225,0,1225,1143,0,1143,7.174103
23/08/2018 13:42,201806,EASTERN EUROPE-EU,CZECH REPUBLIC,GATWICK,PRAGUE,22340,22340,0,26567,26567,0,-15.910716
23/08/2018 13:42,201806,EASTERN EUROPE-EU,CZECH REPUBLIC,HEATHROW,PRAGUE,40720,40720,0,41487,41487,0,-1.848772
23/08/2018 13:42,201806,EASTERN EUROPE-EU,CZECH REPUBLIC,LONDON CITY,PRAGUE,3601,3601,0,0,0,0,0
23/08/2018 13:42,201806,EASTERN EUROPE-EU,CZECH REPUBLIC,LUTON,BRNO (TURANY),0,0,0,4131,4131,0,-100
23/08/2018 13:42,201806,EASTERN EUROPE-EU,CZECH REPUBLIC,LUTON,PRAGUE,11871,11871,0,9763,9763,0,21.591724
23/08/2018 13:42,201806,EASTERN EUROPE-EU,CZECH REPUBLIC,SOUTHEND,PRAGUE,5332,5332,0,3149,3149,0,69.323595
23/08/2018 13:42,201806,EASTERN EUROPE-EU,CZECH REPUBLIC,STANSTED,BRNO (TURANY),10647,10647,0,10687,10687,0,-0.374287
23/08/2018 13:42,201806,EASTERN EUROPE-EU,CZECH REPUBLIC,STANSTED,OSTRAVA,4618,4618,0,4573,4573,0,0.984037
23/08/2018 13:42,201806,EASTERN EUROPE-EU,CZECH REPUBLIC,STANSTED,PARDUBICE,4462,4462,0,0,0,0,0
23/08/2018 13:42,201806,EASTERN EUROPE-EU,CZECH REPUBLIC,STANSTED,PRAGUE,33455,33455,0,22688,22688,0,47.456805
23/08/2018 13:42,201806,EASTERN EUROPE-EU,CZECH REPUBLIC,BIRMINGHAM,PRAGUE,6230,6230,0,6166,6124,42,1.03795
23/08/2018 13:42,201806,EASTERN EUROPE-EU,CZECH REPUBLIC,BRISTOL,PRAGUE,7004,7004,0,5466,5466,0,28.137578
23/08/2018 13:42,201806,EASTERN EUROPE-EU,CZECH REPUBLIC,EAST MIDLANDS INTERNATIONAL,PRAGUE,2463,2463,0,2370,2370,0,3.924051
23/08/2018 13:42,201806,EASTERN EUROPE-EU,CZECH REPUBLIC,EDINBURGH,PRAGUE,14052,14052,0,8087,8087,0,73.760356
23/08/2018 13:42,201806,EASTERN EUROPE-EU,CZECH REPUBLIC,GLASGOW,PRAGUE,3099,3099,0,3021,3021,0,2.581927
23/08/2018 13:42,201806,EASTERN EUROPE-EU,CZECH REPUBLIC,LEEDS BRADFORD,PRAGUE,2183,2183,0,2405,2405,0,-9.230769
23/08/2018 13:42,201806,EASTERN EUROPE-EU,CZECH REPUBLIC,LIVERPOOL (JOHN LENNON),PRAGUE,5968,5968,0,6106,6106,0,-2.260072
23/08/2018 13:42,201806,EASTERN EUROPE-EU,CZECH REPUBLIC,MANCHESTER,PRAGUE,14673,14673,0,14207,14207,0,3.280073
23/08/2018 13:42,201806,EASTERN EUROPE-EU,CZECH REPUBLIC,NEWCASTLE,PRAGUE,2488,2488,0,2421,2421,0,2.767451
23/08/2018 13:42,201806,EASTERN EUROPE-EU,ESTONIA,GATWICK,TALLIN,4086,4075,11,2692,2692,0,51.783061
23/08/2018 13:42,201806,EASTERN EUROPE-EU,ESTONIA,HEATHROW,TALLIN,2758,2758,0,2325,2325,0,18.623656
23/08/2018 13:42,201806,EASTERN EUROPE-EU,ESTONIA,STANSTED,TALLIN,6157,6157,0,6109,6109,0,0.785726
23/08/2018 13:42,201806,EASTERN EUROPE-EU,HUNGARY,GATWICK,BUDAPEST,13211,13211,0,18270,18270,0,-27.690203
23/08/2018 13:42,201806,EASTERN EUROPE-EU,HUNGARY,HEATHROW,BUDAPEST,34769,34769,0,33585,33585,0,3.525383
23/08/2018 13:42,201806,EASTERN EUROPE-EU,HUNGARY,LUTON,BUDAPEST,49754,49754,0,53392,53392,0,-6.813755
23/08/2018 13:42,201806,EASTERN EUROPE-EU,HUNGARY,LUTON,DEBRECEN,14280,14280,0,12682,12682,0,12.600536
23/08/2018 13:42,201806,EASTERN EUROPE-EU,HUNGARY,SOUTHEND,BUDAPEST,2336,2336,0,1472,1472,0,58.695652
23/08/2018 13:42,201806,EASTERN EUROPE-EU,HUNGARY,STANSTED,BUDAPEST,37019,37019,0,32599,32599,0,13.558698
23/08/2018 13:42,201806,EASTERN EUROPE-EU,HUNGARY,BIRMINGHAM,BUDAPEST,4276,4276,0,4231,4231,0,1.063578
23/08/2018 13:42,201806,EASTERN EUROPE-EU,HUNGARY,BRISTOL,BUDAPEST,4723,4723,0,4765,4765,0,-0.881427
23/08/2018 13:42,201806,EASTERN EUROPE-EU,HUNGARY,EAST MIDLANDS INTERNATIONAL,BUDAPEST,7191,7191,0,7081,7081,0,1.553453
23/08/2018 13:42,201806,EASTERN EUROPE-EU,HUNGARY,EDINBURGH,BUDAPEST,10040,10040,0,5108,5108,0,96.554424
23/08/2018 13:42,201806,EASTERN EUROPE-EU,HUNGARY,GLASGOW,BUDAPEST,3021,2991,30,4368,4368,0,-30.837912
23/08/2018 13:42,201806,EASTERN EUROPE-EU,HUNGARY,LEEDS BRADFORD,BUDAPEST,2551,2551,0,2514,2514,0,1.471758
23/08/2018 13:42,201806,EASTERN EUROPE-EU,HUNGARY,LIVERPOOL (JOHN LENNON),BUDAPEST,4219,4219,0,4124,4124,0,2.303589
23/08/2018 13:42,201806,EASTERN EUROPE-EU,HUNGARY,MANCHESTER,BUDAPEST,12211,12211,0,12492,12492,0,-2.24944
23/08/2018 13:42,201806,EASTERN EUROPE-EU,LATVIA,GATWICK,RIGA,14321,14321,0,13096,13096,0,9.354001
23/08/2018 13:42,201806,EASTERN EUROPE-EU,LATVIA,LUTON,RIGA,17999,17999,0,16679,16679,0,7.914144
23/08/2018 13:42,201806,EASTERN EUROPE-EU,LATVIA,STANSTED,RIGA,21611,21611,0,21517,21517,0,0.436864
23/08/2018 13:42,201806,EASTERN EUROPE-EU,LATVIA,ABERDEEN,RIGA,1790,1790,0,2077,2077,0,-13.818007
23/08/2018 13:42,201806,EASTERN EUROPE-EU,LATVIA,DONCASTER SHEFFIELD,RIGA,4010,4010,0,3439,3439,0,16.603664
23/08/2018 13:42,201806,EASTERN EUROPE-EU,LATVIA,EAST MIDLANDS INTERNATIONAL,RIGA,4616,4616,0,4614,4614,0,0.043346
23/08/2018 13:42,201806,EASTERN EUROPE-EU,LATVIA,GLASGOW,RIGA,2846,2846,0,2919,2919,0,-2.500856
23/08/2018 13:42,201806,EASTERN EUROPE-EU,LATVIA,LEEDS BRADFORD,RIGA,2787,2787,0,2848,2848,0,-2.141854
23/08/2018 13:42,201806,EASTERN EUROPE-EU,LATVIA,LIVERPOOL (JOHN LENNON),RIGA,0,0,0,2705,2705,0,-100
23/08/2018 13:42,201806,EASTERN EUROPE-EU,LATVIA,MANCHESTER,RIGA,4605,4605,0,4620,4620,0,-0.324675
23/08/2018 13:42,201806,EASTERN EUROPE-EU,LITHUANIA,LUTON,KAUNAS,20809,20809,0,20635,20635,0,0.843228
23/08/2018 13:42,201806,EASTERN EUROPE-EU,LITHUANIA,LUTON,PALANGA,6755,6755,0,5355,5355,0,26.143791
23/08/2018 13:42,201806,EASTERN EUROPE-EU,LITHUANIA,LUTON,VILNIUS,31049,31049,0,26490,26490,0,17.210268
23/08/2018 13:42,201806,EASTERN EUROPE-EU,LITHUANIA,STANSTED,KAUNAS,7861,7861,0,6162,6162,0,27.572217
23/08/2018 13:42,201806,EASTERN EUROPE-EU,LITHUANIA,STANSTED,PALANGA,3248,3248,0,2900,2900,0,12
23/08/2018 13:42,201806,EASTERN EUROPE-EU,LITHUANIA,STANSTED,VILNIUS,10649,10649,0,10632,10632,0,0.159895
23/08/2018 13:42,201806,EASTERN EUROPE-EU,LITHUANIA,BELFAST INTERNATIONAL,VILNIUS,2801,2801,0,2983,2983,0,-6.10124
23/08/2018 13:42,201806,EASTERN EUROPE-EU,LITHUANIA,BIRMINGHAM,VILNIUS,3126,3126,0,2851,2851,0,9.645738
23/08/2018 13:42,201806,EASTERN EUROPE-EU,LITHUANIA,BRISTOL,KAUNAS,4727,4727,0,4430,4430,0,6.704289
23/08/2018 13:42,201806,EASTERN EUROPE-EU,LITHUANIA,DONCASTER SHEFFIELD,VILNIUS,3955,3955,0,4382,4382,0,-9.744409
23/08/2018 13:42,201806,EASTERN EUROPE-EU,LITHUANIA,EDINBURGH,KAUNAS,3224,3224,0,2904,2904,0,11.019284
23/08/2018 13:42,201806,EASTERN EUROPE-EU,LITHUANIA,GLASGOW,PALANGA,2825,2825,0,2845,2845,0,-0.702988
23/08/2018 13:42,201806,EASTERN EUROPE-EU,LITHUANIA,LEEDS BRADFORD,VILNIUS,3136,3136,0,3175,3175,0,-1.228346
23/08/2018 13:42,201806,EASTERN EUROPE-EU,LITHUANIA,LIVERPOOL (JOHN LENNON),VILNIUS,3185,3185,0,2843,2843,0,12.029546
23/08/2018 13:42,201806,EASTERN EUROPE-EU,POLAND,GATWICK,KRAKOW,12157,12157,0,12183,12183,0,-0.213412
23/08/2018 13:42,201806,EASTERN EUROPE-EU,POLAND,HEATHROW,KRAKOW,8963,8963,0,8462,8462,0,5.920586
23/08/2018 13:42,201806,EASTERN EUROPE-EU,POLAND,HEATHROW,WARSAW (CHOPIN),44827,44827,0,39372,39372,0,13.855024
23/08/2018 13:42,201806,EASTERN EUROPE-EU,POLAND,LUTON,BYDGOSZCZ,5940,5940,0,0,0,0,0
23/08/2018 13:42,201806,EASTERN EUROPE-EU,POLAND,LUTON,GDANSK,27915,27915,0,28480,28480,0,-1.983848
23/08/2018 13:42,201806,EASTERN EUROPE-EU,POLAND,LUTON,KATOWICE,29585,29585,0,29310,29310,0,0.938246
23/08/2018 13:42,201806,EASTERN EUROPE-EU,POLAND,LUTON,LUBLIN (PORT LOTNICZY),11596,11596,0,10183,10183,0,13.876068
23/08/2018 13:42,201806,EASTERN EUROPE-EU,POLAND,LUTON,POZNAN,14179,14179,0,16286,16286,0,-12.937492
23/08/2018 13:42,201806,EASTERN EUROPE-EU,POLAND,LUTON,RZESZOW,4765,4765,0,4730,4730,0,0.739958
23/08/2018 13:42,201806,EASTERN EUROPE-EU,POLAND,LUTON,SZCZECIN (GOLENOW),0,0,0,4125,4125,0,-100
23/08/2018 13:42,201806,EASTERN EUROPE-EU,POLAND,LUTON,SZYMANY (MAZURY),4193,4193,0,4535,4535,0,-7.541345
23/08/2018 13:42,201806,EASTERN EUROPE-EU,POLAND,LUTON,WARSAW (CHOPIN),42558,42558,0,40015,40015,0,6.355117
23/08/2018 13:42,201806,EASTERN EUROPE-EU,POLAND,LUTON,WROCLAW,13368,13368,0,10078,10078,0,32.645366
23/08/2018 13:42,201806,EASTERN EUROPE-EU,POLAND,STANSTED,BYDGOSZCZ,10516,10516,0,10689,10689,0,-1.618486
23/08/2018 13:42,201806,EASTERN EUROPE-EU,POLAND,STANSTED,GDANSK,17966,17966,0,18374,18374,0,-2.220529
23/08/2018 13:42,201806,EASTERN EUROPE-EU,POLAND,STANSTED,KATOWICE,10772,10772,0,10825,10825,0,-0.489607
23/08/2018 13:42,201806,EASTERN EUROPE-EU,POLAND,STANSTED,KRAKOW,29637,29637,0,29776,29442,334,-0.466819
23/08/2018 13:42,201806,EASTERN EUROPE-EU,POLAND,STANSTED,LODZ LUBLINEK,9375,9375,0,8942,8942,0,4.842317
23/08/2018 13:42,201806,EASTERN EUROPE-EU,POLAND,STANSTED,LUBLIN (PORT LOTNICZY),6026,6026,0,6112,6112,0,-1.407068
23/08/2018 13:42,201806,EASTERN EUROPE-EU,POLAND,STANSTED,POZNAN,13533,13533,0,10484,10484,0,29.082411
23/08/2018 13:42,201806,EASTERN EUROPE-EU,POLAND,STANSTED,RZESZOW,13638,13638,0,13562,13562,0,0.560389
23/08/2018 13:42,201806,EASTERN EUROPE-EU,POLAND,STANSTED,SZCZECIN (GOLENOW),10634,10634,0,10101,10101,0,5.276705
23/08/2018 13:42,201806,EASTERN EUROPE-EU,POLAND,STANSTED,SZYMANY (MAZURY),4499,4499,0,4344,4344,0,3.56814
23/08/2018 13:42,201806,EASTERN EUROPE-EU,POLAND,STANSTED,WARSAW (MODLIN MASOVIA),38251,38251,0,37289,37289,0,2.579849
23/08/2018 13:42,201806,EASTERN EUROPE-EU,POLAND,STANSTED,WROCLAW,18034,18034,0,19946,19946,0,-9.585882
23/08/2018 13:42,201806,EASTERN EUROPE-EU,POLAND,ABERDEEN,GDANSK,3233,3233,0,3327,3327,0,-2.825368
23/08/2018 13:42,201806,EASTERN EUROPE-EU,POLAND,ABERDEEN,WARSAW (CHOPIN),0,0,0,2986,2986,0,-100
23/08/2018 13:42,201806,EASTERN EUROPE-EU,POLAND,BELFAST INTERNATIONAL,GDANSK,3137,3137,0,2589,2589,0,21.166474
23/08/2018 13:42,201806,EASTERN EUROPE-EU,POLAND,BELFAST INTERNATIONAL,KATOWICE,0,0,0,2418,2418,0,-100
23/08/2018 13:42,201806,EASTERN EUROPE-EU,POLAND,BELFAST INTERNATIONAL,KRAKOW,7683,7683,0,8159,8159,0,-5.834048
23/08/2018 13:42,201806,EASTERN EUROPE-EU,POLAND,BELFAST INTERNATIONAL,WARSAW (MODLIN MASOVIA),3078,3078,0,2555,2555,0,20.469667
23/08/2018 13:42,201806,EASTERN EUROPE-EU,POLAND,BELFAST INTERNATIONAL,WROCLAW,2779,2779,0,2838,2838,0,-2.078929
23/08/2018 13:42,201806,EASTERN EUROPE-EU,POLAND,BIRMINGHAM,BYDGOSZCZ,4632,4632,0,4615,4615,0,0.368364
23/08/2018 13:42,201806,EASTERN EUROPE-EU,POLAND,BIRMINGHAM,GDANSK,2808,2808,0,2840,2840,0,-1.126761
23/08/2018 13:42,201806,EASTERN EUROPE-EU,POLAND,BIRMINGHAM,KATOWICE,3184,3184,0,3226,3226,0,-1.301922
23/08/2018 13:42,201806,EASTERN EUROPE-EU,POLAND,BIRMINGHAM,KRAKOW,6282,5900,382,2817,2773,44,123.003195
23/08/2018 13:42,201806,EASTERN EUROPE-EU,POLAND,BIRMINGHAM,POZNAN,2903,2903,0,2591,2591,0,12.041683
23/08/2018 13:42,201806,EASTERN EUROPE-EU,POLAND,BIRMINGHAM,WARSAW (CHOPIN),4464,4464,0,4020,4020,0,11.044776
23/08/2018 13:42,201806,EASTERN EUROPE-EU,POLAND,BIRMINGHAM,WARSAW (MODLIN MASOVIA),4201,4201,0,4522,4522,0,-7.098629
23/08/2018 13:42,201806,EASTERN EUROPE-EU,POLAND,BIRMINGHAM,WROCLAW,2620,2620,0,2814,2814,0,-6.894101
23/08/2018 13:42,201806,EASTERN EUROPE-EU,POLAND,BOURNEMOUTH,KRAKOW,3217,3217,0,3146,3146,0,2.256834
23/08/2018 13:42,201806,EASTERN EUROPE-EU,POLAND,BRISTOL,GDANSK,3717,3717,0,3333,3333,0,11.521152
23/08/2018 13:42,201806,EASTERN EUROPE-EU,POLAND,BRISTOL,KATOWICE,3772,3772,0,3395,3395,0,11.104566
23/08/2018 13:42,201806,EASTERN EUROPE-EU,POLAND,BRISTOL,KRAKOW,10213,10213,0,10326,10326,0,-1.094325
23/08/2018 13:42,201806,EASTERN EUROPE-EU,POLAND,BRISTOL,POZNAN,2909,2909,0,2966,2966,0,-1.92178
23/08/2018 13:42,201806,EASTERN EUROPE-EU,POLAND,BRISTOL,RZESZOW,2924,2924,0,3391,3391,0,-13.771749
23/08/2018 13:42,201806,EASTERN EUROPE-EU,POLAND,BRISTOL,WARSAW (CHOPIN),0,0,0,2959,2959,0,-100
23/08/2018 13:42,201806,EASTERN EUROPE-EU,POLAND,BRISTOL,WARSAW (MODLIN MASOVIA),6236,6236,0,6296,6296,0,-0.952986
23/08/2018 13:42,201806,EASTERN EUROPE-EU,POLAND,BRISTOL,WROCLAW,2947,2947,0,2962,2962,0,-0.506415
23/08/2018 13:42,201806,EASTERN EUROPE-EU,POLAND,DONCASTER SHEFFIELD,GDANSK,6207,6207,0,6978,6978,0,-11.049011
23/08/2018 13:42,201806,EASTERN EUROPE-EU,POLAND,DONCASTER SHEFFIELD,KATOWICE,7504,7504,0,7798,7798,0,-3.770197
23/08/2018 13:42,201806,EASTERN EUROPE-EU,POLAND,DONCASTER SHEFFIELD,LUBLIN (PORT LOTNICZY),2056,2056,0,3386,3386,0,-39.279386
23/08/2018 13:42,201806,EASTERN EUROPE-EU,POLAND,DONCASTER SHEFFIELD,POZNAN,4549,4549,0,6474,6474,0,-29.734322
23/08/2018 13:42,201806,EASTERN EUROPE-EU,POLAND,DONCASTER SHEFFIELD,WARSAW (CHOPIN),6419,6419,0,6442,6442,0,-0.357032
23/08/2018 13:42,201806,EASTERN EUROPE-EU,POLAND,DONCASTER SHEFFIELD,WROCLAW,3125,3125,0,4148,4148,0,-24.662488
23/08/2018 13:42,201806,EASTERN EUROPE-EU,POLAND,EAST MIDLANDS INTERNATIONAL,KRAKOW,4651,4651,0,4683,4683,0,-0.683323
23/08/2018 13:42,201806,EASTERN EUROPE-EU,POLAND,EAST MIDLANDS INTERNATIONAL,LODZ LUBLINEK,3204,3204,0,2843,2843,0,12.697854
23/08/2018 13:42,201806,EASTERN EUROPE-EU,POLAND,EAST MIDLANDS INTERNATIONAL,RZESZOW,4651,4651,0,4708,4708,0,-1.210705
23/08/2018 13:42,201806,EASTERN EUROPE-EU,POLAND,EAST MIDLANDS INTERNATIONAL,WARSAW (MODLIN MASOVIA),4574,4574,0,4622,4622,0,-1.038511
23/08/2018 13:42,201806,EASTERN EUROPE-EU,POLAND,EAST MIDLANDS INTERNATIONAL,WROCLAW,7779,7779,0,7849,7849,0,-0.891833
23/08/2018 13:42,201806,EASTERN EUROPE-EU,POLAND,EDINBURGH,GDANSK,4677,4677,0,4730,4730,0,-1.120507
23/08/2018 13:42,201806,EASTERN EUROPE-EU,POLAND,EDINBURGH,KATOWICE,3218,3218,0,0,0,0,0
23/08/2018 13:42,201806,EASTERN EUROPE-EU,POLAND,EDINBURGH,KRAKOW,11760,11760,0,12454,12454,0,-5.572507
23/08/2018 13:42,201806,EASTERN EUROPE-EU,POLAND,EDINBURGH,POZNAN,3213,3213,0,3288,3288,0,-2.281022
23/08/2018 13:42,201806,EASTERN EUROPE-EU,POLAND,EDINBURGH,SZCZECIN (GOLENOW),2805,2805,0,0,0,0,0
23/08/2018 13:42,201806,EASTERN EUROPE-EU,POLAND,EDINBURGH,WARSAW (MODLIN MASOVIA),4332,4332,0,4758,4758,0,-8.953342
23/08/2018 13:42,201806,EASTERN EUROPE-EU,POLAND,EDINBURGH,WROCLAW,2850,2850,0,0,0,0,0
23/08/2018 13:42,201806,EASTERN EUROPE-EU,POLAND,GLASGOW,BYDGOSZCZ,3230,3230,0,3226,3226,0,0.123993
23/08/2018 13:42,201806,EASTERN EUROPE-EU,POLAND,GLASGOW,GDANSK,0,0,0,2605,2605,0,-100
23/08/2018 13:42,201806,EASTERN EUROPE-EU,POLAND,GLASGOW,KATOWICE,3783,3783,0,3408,3408,0,11.003521
23/08/2018 13:42,201806,EASTERN EUROPE-EU,POLAND,GLASGOW,KRAKOW,2790,2790,0,0,0,0,0
23/08/2018 13:42,201806,EASTERN EUROPE-EU,POLAND,GLASGOW,LUBLIN (PORT LOTNICZY),0,0,0,1670,1670,0,-100
23/08/2018 13:42,201806,EASTERN EUROPE-EU,POLAND,GLASGOW,WARSAW (CHOPIN),0,0,0,2892,2892,0,-100
23/08/2018 13:42,201806,EASTERN EUROPE-EU,POLAND,GLASGOW,WARSAW (MODLIN MASOVIA),4673,4673,0,4747,4747,0,-1.558879
23/08/2018 13:42,201806,EASTERN EUROPE-EU,POLAND,GLASGOW,WROCLAW,3165,3165,0,3302,3302,0,-4.149001
23/08/2018 13:42,201806,EASTERN EUROPE-EU,POLAND,LEEDS BRADFORD,GDANSK,5940,5940,0,5639,5639,0,5.337826
23/08/2018 13:42,201806,EASTERN EUROPE-EU,POLAND,LEEDS BRADFORD,KRAKOW,6116,6116,0,6091,6091,0,0.410442
23/08/2018 13:42,201806,EASTERN EUROPE-EU,POLAND,LEEDS BRADFORD,WARSAW (MODLIN MASOVIA),2762,2762,0,3148,3148,0,-12.261753
23/08/2018 13:42,201806,EASTERN EUROPE-EU,POLAND,LEEDS BRADFORD,WROCLAW,2818,2818,0,0,0,0,0
23/08/2018 13:42,201806,EASTERN EUROPE-EU,POLAND,LIVERPOOL (JOHN LENNON),GDANSK,4652,4652,0,5567,5567,0,-16.436142
23/08/2018 13:42,201806,EASTERN EUROPE-EU,POLAND,LIVERPOOL (JOHN LENNON),KATOWICE,3651,3651,0,3195,3195,0,14.2723
23/08/2018 13:42,201806,EASTERN EUROPE-EU,POLAND,LIVERPOOL (JOHN LENNON),KRAKOW,8498,8498,0,8517,8517,0,-0.223083
23/08/2018 13:42,201806,EASTERN EUROPE-EU,POLAND,LIVERPOOL (JOHN LENNON),LUBLIN (PORT LOTNICZY),1605,1605,0,2484,2484,0,-35.386473
23/08/2018 13:42,201806,EASTERN EUROPE-EU,POLAND,LIVERPOOL (JOHN LENNON),POZNAN,3165,3165,0,2790,2790,0,13.44086
23/08/2018 13:42,201806,EASTERN EUROPE-EU,POLAND,LIVERPOOL (JOHN LENNON),SZCZECIN (GOLENOW),2799,2799,0,3118,3118,0,-10.230917
23/08/2018 13:42,201806,EASTERN EUROPE-EU,POLAND,LIVERPOOL (JOHN LENNON),WARSAW (CHOPIN),4273,4273,0,4149,4149,0,2.988672
23/08/2018 13:42,201806,EASTERN EUROPE-EU,POLAND,LIVERPOOL (JOHN LENNON),WARSAW (MODLIN MASOVIA),5929,5929,0,5837,5837,0,1.576152
23/08/2018 13:42,201806,EASTERN EUROPE-EU,POLAND,LIVERPOOL (JOHN LENNON),WROCLAW,4237,4237,0,4602,4602,0,-7.931334
23/08/2018 13:42,201806,EASTERN EUROPE-EU,POLAND,MANCHESTER,GDANSK,4574,4574,0,4586,4586,0,-0.261666
23/08/2018 13:42,201806,EASTERN EUROPE-EU,POLAND,MANCHESTER,KRAKOW,13790,13790,0,13964,13664,300,-1.246061
23/08/2018 13:42,201806,EASTERN EUROPE-EU,POLAND,MANCHESTER,RZESZOW,2507,2507,0,2886,2886,0,-13.132363
23/08/2018 13:42,201806,EASTERN EUROPE-EU,POLAND,MANCHESTER,WARSAW (MODLIN MASOVIA),4559,4559,0,4423,4423,0,3.074836
23/08/2018 13:42,201806,EASTERN EUROPE-EU,POLAND,MANCHESTER,WROCLAW,4565,4565,0,4576,4576,0,-0.240385
23/08/2018 13:42,201806,EASTERN EUROPE-EU,POLAND,NEWCASTLE,GDANSK,2692,2692,0,2966,2966,0,-9.238031
23/08/2018 13:42,201806,EASTERN EUROPE-EU,POLAND,NEWCASTLE,KRAKOW,2506,2506,0,2471,2471,0,1.416431
23/08/2018 13:42,201806,EASTERN EUROPE-EU,POLAND,NEWCASTLE,WARSAW (MODLIN MASOVIA),3021,3021,0,2946,2946,0,2.545825
23/08/2018 13:42,201806,EASTERN EUROPE-EU,POLAND,NEWCASTLE,WROCLAW,2419,2419,0,2992,2992,0,-19.15107
23/08/2018 13:42,201806,EASTERN EUROPE-EU,POLAND,PRESTWICK,RZESZOW,3166,3166,0,0,0,0,0
23/08/2018 13:42,201806,EASTERN EUROPE-EU,ROMANIA,GATWICK,BUCHAREST (OTOPENI),12954,12954,0,10314,10314,0,25.596277
23/08/2018 13:42,201806,EASTERN EUROPE-EU,ROMANIA,HEATHROW,BUCHAREST (OTOPENI),24084,24084,0,23004,23004,0,4.694836
23/08/2018 13:42,201806,EASTERN EUROPE-EU,ROMANIA,LUTON,BACAU,8886,8886,0,7834,7834,0,13.428644
23/08/2018 13:42,201806,EASTERN EUROPE-EU,ROMANIA,LUTON,BUCHAREST (OTOPENI),54093,54093,0,51023,51023,0,6.016894
23/08/2018 13:42,201806,EASTERN EUROPE-EU,ROMANIA,LUTON,CLUJ NAPOCA,27761,27761,0,30387,30387,0,-8.641853
23/08/2018 13:42,201806,EASTERN EUROPE-EU,ROMANIA,LUTON,CONSTANTA,5755,5755,0,2654,2654,0,116.842502
23/08/2018 13:42,201806,EASTERN EUROPE-EU,ROMANIA,LUTON,CRAIOVA,10256,10256,0,10078,10078,0,1.766223
23/08/2018 13:42,201806,EASTERN EUROPE-EU,ROMANIA,LUTON,IASI,16868,16868,0,15345,15345,0,9.925057
23/08/2018 13:42,201806,EASTERN EUROPE-EU,ROMANIA,LUTON,SATU MARE,3222,3222,0,2589,2589,0,24.449594
23/08/2018 13:42,201806,EASTERN EUROPE-EU,ROMANIA,LUTON,SIBIU,7924,7924,0,6972,6972,0,13.654618
23/08/2018 13:42,201806,EASTERN EUROPE-EU,ROMANIA,LUTON,SUCEAVA,9771,9771,0,6126,6126,0,59.50049
23/08/2018 13:42,201806,EASTERN EUROPE-EU,ROMANIA,LUTON,TIMISOARA,10356,10356,0,9705,9705,0,6.707883
23/08/2018 13:42,201806,EASTERN EUROPE-EU,ROMANIA,STANSTED,BUCHAREST (OTOPENI),20846,20846,0,21337,21337,0,-2.301167
23/08/2018 13:42,201806,EASTERN EUROPE-EU,ROMANIA,STANSTED,TIMISOARA,0,0,0,10373,10373,0,-100
23/08/2018 13:42,201806,EASTERN EUROPE-EU,ROMANIA,BIRMINGHAM,BUCHAREST (OTOPENI),8357,8357,0,4224,4224,0,97.845644
23/08/2018 13:42,201806,EASTERN EUROPE-EU,ROMANIA,BIRMINGHAM,CLUJ NAPOCA,191,191,0,0,0,0,0
23/08/2018 13:42,201806,EASTERN EUROPE-EU,ROMANIA,BRISTOL,BUCHAREST (OTOPENI),3275,3275,0,2889,2889,0,13.361025
23/08/2018 13:42,201806,EASTERN EUROPE-EU,ROMANIA,DONCASTER SHEFFIELD,BUCHAREST (OTOPENI),5977,5977,0,4398,4398,0,35.902683
23/08/2018 13:42,201806,EASTERN EUROPE-EU,ROMANIA,DONCASTER SHEFFIELD,CLUJ NAPOCA,3173,3173,0,2624,2624,0,20.922256
23/08/2018 13:42,201806,EASTERN EUROPE-EU,ROMANIA,GLASGOW,BUCHAREST (OTOPENI),4157,4157,0,6624,6624,0,-37.243357
23/08/2018 13:42,201806,EASTERN EUROPE-EU,ROMANIA,GLASGOW,IASI,0,0,0,588,588,0,-100
23/08/2018 13:42,201806,EASTERN EUROPE-EU,ROMANIA,LIVERPOOL (JOHN LENNON),BACAU,2579,2579,0,2026,2026,0,27.295163
23/08/2018 13:42,201806,EASTERN EUROPE-EU,ROMANIA,LIVERPOOL (JOHN LENNON),BUCHAREST (OTOPENI),4794,4794,0,5230,5230,0,-8.33652
23/08/2018 13:42,201806,EASTERN EUROPE-EU,ROMANIA,LIVERPOOL (JOHN LENNON),CLUJ NAPOCA,2317,2317,0,1761,1761,0,31.57297
23/08/2018 13:42,201806,EASTERN EUROPE-EU,ROMANIA,LIVERPOOL (JOHN LENNON),CRAIOVA,0,0,0,3411,3411,0,-100
23/08/2018 13:42,201806,EASTERN EUROPE-EU,SLOVAK REPUBLIC,LUTON,BRATISLAVA,10916,10916,0,0,0,0,0
23/08/2018 13:42,201806,EASTERN EUROPE-EU,SLOVAK REPUBLIC,LUTON,KOSICE,12159,12159,0,11575,11575,0,5.045356
23/08/2018 13:42,201806,EASTERN EUROPE-EU,SLOVAK REPUBLIC,LUTON,TATRY-POPRAD,5763,5763,0,4425,4425,0,30.237288
23/08/2018 13:42,201806,EASTERN EUROPE-EU,SLOVAK REPUBLIC,STANSTED,BRATISLAVA,18022,18022,0,15602,15602,0,15.510832
23/08/2018 13:42,201806,EASTERN EUROPE-EU,SLOVAK REPUBLIC,BIRMINGHAM,BRATISLAVA,4641,4641,0,4709,4709,0,-1.444043
23/08/2018 13:42,201806,EASTERN EUROPE-EU,SLOVAK REPUBLIC,BRISTOL,KOSICE,0,0,0,2014,2014,0,-100
23/08/2018 13:42,201806,EASTERN EUROPE-EU,SLOVAK REPUBLIC,DONCASTER SHEFFIELD,KOSICE,0,0,0,3876,3876,0,-100
23/08/2018 13:42,201806,EASTERN EUROPE-EU,SLOVAK REPUBLIC,EDINBURGH,BRATISLAVA,2907,2907,0,3296,3296,0,-11.802184
23/08/2018 13:42,201806,EASTERN EUROPE-EU,SLOVAK REPUBLIC,LEEDS BRADFORD,BRATISLAVA,3167,3167,0,3209,3209,0,-1.308819
23/08/2018 13:42,201806,EASTERN EUROPE-EU,SLOVAK REPUBLIC,MANCHESTER,BRATISLAVA,4621,4621,0,4656,4656,0,-0.751718
23/08/2018 13:42,201806,EASTERN EUROPE -OTHER,ALBANIA,GATWICK,TIRANA,7465,7265,200,6379,6297,82,17.024612
23/08/2018 13:42,201806,EASTERN EUROPE -OTHER,ALBANIA,LUTON,TIRANA,4746,4746,0,0,0,0,0
23/08/2018 13:42,201806,EASTERN EUROPE -OTHER,AZERBAIJAN,HEATHROW,BAKU (HEYDER ALIYEV INT'L),2900,2900,0,4402,4402,0,-34.120854
23/08/2018 13:42,201806,EASTERN EUROPE -OTHER,AZERBAIJAN,LUTON,BAKU (HEYDER ALIYEV INT'L),0,0,0,1011,0,1011,-100
23/08/2018 13:42,201806,EASTERN EUROPE -OTHER,AZERBAIJAN,BELFAST INTERNATIONAL,BAKU (HEYDER ALIYEV INT'L),0,0,0,39,0,39,-100
23/08/2018 13:42,201806,EASTERN EUROPE -OTHER,BELARUS,GATWICK,MINSK INT'L ,3255,3255,0,2781,2781,0,17.044229
23/08/2018 13:42,201806,EASTERN EUROPE -OTHER,BELARUS,MANCHESTER,MINSK INT'L ,834,834,0,505,505,0,65.148515
23/08/2018 13:42,201806,EASTERN EUROPE -OTHER,GEORGIA,GATWICK,TBILISI,1255,1255,0,439,439,0,185.876993
23/08/2018 13:42,201806,EASTERN EUROPE -OTHER,GEORGIA,LUTON,KUTAISI,2313,2313,0,929,929,0,148.977395
23/08/2018 13:42,201806,EASTERN EUROPE -OTHER,GEORGIA,EDINBURGH,TBILISI,95,0,95,0,0,0,0
23/08/2018 13:42,201806,EASTERN EUROPE -OTHER,KAZAKHSTAN,HEATHROW,ASTANA,4728,4728,0,4005,4005,0,18.052434
23/08/2018 13:42,201806,EASTERN EUROPE -OTHER,REPUBLIC OF MOLDOVA,LUTON,CHISINAU (KISHINEV),10858,10858,0,7268,7268,0,49.394606
23/08/2018 13:42,201806,EASTERN EUROPE -OTHER,REPUBLIC OF MOLDOVA,STANSTED,CHISINAU (KISHINEV),6401,6401,0,5586,5586,0,14.590047
23/08/2018 13:42,201806,EASTERN EUROPE -OTHER,RUSSIA,GATWICK,MOSCOW (SHEREMETYEVO),0,0,0,7262,7262,0,-100
23/08/2018 13:42,201806,EASTERN EUROPE -OTHER,RUSSIA,GATWICK,ST PETERSBURG,6179,6179,0,0,0,0,0
23/08/2018 13:42,201806,EASTERN EUROPE -OTHER,RUSSIA,HEATHROW,MOSCOW (DOMODEDOVO),27267,27267,0,24225,24225,0,12.557276
23/08/2018 13:42,201806,EASTERN EUROPE -OTHER,RUSSIA,HEATHROW,MOSCOW (SHEREMETYEVO),51177,51177,0,37668,37668,0,35.863332
23/08/2018 13:42,201806,EASTERN EUROPE -OTHER,RUSSIA,HEATHROW,ST PETERSBURG,7042,7042,0,8387,8387,0,-16.036724
23/08/2018 13:42,201806,EASTERN EUROPE -OTHER,RUSSIA,LUTON,MOSCOW (VNUKOVO),0,0,0,160,0,160,-100
23/08/2018 13:42,201806,EASTERN EUROPE -OTHER,RUSSIA,BIRMINGHAM,ST PETERSBURG,62,0,62,0,0,0,0
23/08/2018 13:42,201806,EASTERN EUROPE -OTHER,TURKMENISTAN,HEATHROW,ASHKHABAD,951,951,0,790,790,0,20.379747
23/08/2018 13:42,201806,EASTERN EUROPE -OTHER,TURKMENISTAN,BIRMINGHAM,ASHKHABAD,1570,1570,0,1286,1286,0,22.083981
23/08/2018 13:42,201806,EASTERN EUROPE -OTHER,UKRAINE,GATWICK,KIEV (BORISPOL),17401,17401,0,15122,15122,0,15.070758
23/08/2018 13:42,201806,EASTERN EUROPE -OTHER,UKRAINE,HEATHROW,KIEV (BORISPOL),8232,8232,0,8352,8352,0,-1.436782
23/08/2018 13:42,201806,EASTERN EUROPE -OTHER,UKRAINE,LUTON,KIEV (ZHULYANY),4270,4270,0,2781,2781,0,53.541891
23/08/2018 13:42,201806,EASTERN EUROPE -OTHER,UKRAINE,LUTON,LVOV,4247,4247,0,0,0,0,0
23/08/2018 13:42,201806,EASTERN EUROPE -OTHER,UZBEKISTAN,HEATHROW,TASHKENT,1519,1519,0,1407,1407,0,7.960199
23/08/2018 13:42,201806,NEAR EAST,ISRAEL,HEATHROW,TEL AVIV,59371,59371,0,55343,55343,0,7.278247
23/08/2018 13:42,201806,NEAR EAST,ISRAEL,LUTON,TEL AVIV,42176,42176,0,36561,36561,0,15.357895
23/08/2018 13:42,201806,NEAR EAST,ISRAEL,STANSTED,TEL AVIV,480,480,0,2285,2285,0,-78.993435
23/08/2018 13:42,201806,NEAR EAST,ISRAEL,EDINBURGH,TEL AVIV,674,0,674,0,0,0,0
23/08/2018 13:42,201806,NEAR EAST,ISRAEL,MANCHESTER,TEL AVIV,3027,3027,0,7485,7485,0,-59.559118
23/08/2018 13:42,201806,NEAR EAST,JORDAN,HEATHROW,AMMAN,19604,19604,0,16828,16828,0,16.496316
23/08/2018 13:42,201806,NEAR EAST,LEBANON,HEATHROW,BEIRUT,27057,27057,0,24618,24618,0,9.907385
23/08/2018 13:42,201806,NEAR EAST,LEBANON,BIRMINGHAM,BEIRUT,130,0,130,112,0,112,16.071429
23/08/2018 13:42,201806,NEAR EAST,LEBANON,LEEDS BRADFORD,BEIRUT,0,0,0,189,0,189,-100
23/08/2018 13:42,201806,NORTH AFRICA,ALGERIA,GATWICK,ALGIERS,5119,5119,0,3370,3370,0,51.89911
23/08/2018 13:42,201806,NORTH AFRICA,ALGERIA,HEATHROW,ALGIERS,5422,5422,0,4381,4381,0,23.761698
23/08/2018 13:42,201806,NORTH AFRICA,EGYPT,GATWICK,HURGHADA,16373,16373,0,14035,14033,2,16.658354
23/08/2018 13:42,201806,NORTH AFRICA,EGYPT,GATWICK,MARSA ALAM,1400,1400,0,1479,1479,0,-5.341447
23/08/2018 13:42,201806,NORTH AFRICA,EGYPT,HEATHROW,CAIRO,34249,34249,0,27072,27072,0,26.510786
23/08/2018 13:42,201806,NORTH AFRICA,EGYPT,HEATHROW,LUXOR,132,132,0,114,114,0,15.789474
23/08/2018 13:42,201806,NORTH AFRICA,EGYPT,BIRMINGHAM,HURGHADA,8733,8733,0,1636,0,1636,433.801956
23/08/2018 13:42,201806,NORTH AFRICA,EGYPT,BIRMINGHAM,MARSA ALAM,1649,1649,0,0,0,0,0
23/08/2018 13:42,201806,NORTH AFRICA,EGYPT,BRISTOL,HURGHADA,2894,2894,0,0,0,0,0
23/08/2018 13:42,201806,NORTH AFRICA,EGYPT,MANCHESTER,HURGHADA,12638,12638,0,8210,8210,0,53.934227
23/08/2018 13:42,201806,NORTH AFRICA,EGYPT,NEWCASTLE,HURGHADA,1542,1542,0,1449,1449,0,6.418219
23/08/2018 13:42,201806,NORTH AFRICA,MOROCCO,GATWICK,AGADIR (AL MASSIRA),7361,7361,0,7839,7839,0,-6.097717
23/08/2018 13:42,201806,NORTH AFRICA,MOROCCO,GATWICK,CASABLANCA MOHAMED V,4489,4489,0,2297,2297,0,95.42882
23/08/2018 13:42,201806,NORTH AFRICA,MOROCCO,GATWICK,FEZ,1213,1213,0,156,156,0,677.564103
23/08/2018 13:42,201806,NORTH AFRICA,MOROCCO,GATWICK,MARRAKESH,26838,26838,0,23558,23558,0,13.923083
23/08/2018 13:42,201806,NORTH AFRICA,MOROCCO,GATWICK,RABAT,0,0,0,463,463,0,-100
23/08/2018 13:42,201806,NORTH AFRICA,MOROCCO,GATWICK,TANGIERS (IBN BATUTA),2005,2005,0,1420,1420,0,41.197183
23/08/2018 13:42,201806,NORTH AFRICA,MOROCCO,HEATHROW,CASABLANCA MOHAMED V,5906,5906,0,5589,5589,0,5.671855
23/08/2018 13:42,201806,NORTH AFRICA,MOROCCO,HEATHROW,RABAT,917,917,0,510,510,0,79.803922
23/08/2018 13:42,201806,NORTH AFRICA,MOROCCO,LUTON,ESSAOUIRA,2212,2212,0,2353,2353,0,-5.99235
23/08/2018 13:42,201806,NORTH AFRICA,MOROCCO,LUTON,MARRAKESH,5963,5963,0,5921,5921,0,0.70934
23/08/2018 13:42,201806,NORTH AFRICA,MOROCCO,STANSTED,AGADIR (AL MASSIRA),3164,3164,0,2749,2749,0,15.096399
23/08/2018 13:42,201806,NORTH AFRICA,MOROCCO,STANSTED,FEZ,2725,2725,0,2674,2674,0,1.907255
23/08/2018 13:42,201806,NORTH AFRICA,MOROCCO,STANSTED,MARRAKESH,10633,10633,0,10573,10573,0,0.567483
23/08/2018 13:42,201806,NORTH AFRICA,MOROCCO,STANSTED,RABAT,4537,4537,0,4297,4297,0,5.585292
23/08/2018 13:42,201806,NORTH AFRICA,MOROCCO,BIRMINGHAM,MARRAKESH,2175,2175,0,1617,1617,0,34.508349
23/08/2018 13:42,201806,NORTH AFRICA,MOROCCO,BRISTOL,MARRAKESH,0,0,0,1195,1195,0,-100
23/08/2018 13:42,201806,NORTH AFRICA,MOROCCO,LIVERPOOL (JOHN LENNON),MARRAKESH,3140,3140,0,3114,3114,0,0.834939
23/08/2018 13:42,201806,NORTH AFRICA,MOROCCO,MANCHESTER,AGADIR (AL MASSIRA),7223,7223,0,3303,3303,0,118.679988
23/08/2018 13:42,201806,NORTH AFRICA,MOROCCO,MANCHESTER,CASABLANCA MOHAMED V,2338,2338,0,1453,1453,0,60.908465
23/08/2018 13:42,201806,NORTH AFRICA,MOROCCO,MANCHESTER,MARRAKESH,6541,6541,0,5839,5839,0,12.022607
23/08/2018 13:42,201806,NORTH AFRICA,TUNISIA,GATWICK,ENFIDHA - HAMMAMET INTL,9349,7511,1838,0,0,0,0
23/08/2018 13:42,201806,NORTH AFRICA,TUNISIA,GATWICK,TUNIS,2343,2343,0,1783,1783,0,31.40774
23/08/2018 13:42,201806,NORTH AFRICA,TUNISIA,HEATHROW,TUNIS,3568,3568,0,2670,2670,0,33.632959
23/08/2018 13:42,201806,NORTH AFRICA,TUNISIA,STANSTED,ENFIDHA - HAMMAMET INTL,1384,1384,0,0,0,0,0
23/08/2018 13:42,201806,NORTH AFRICA,TUNISIA,BIRMINGHAM,ENFIDHA - HAMMAMET INTL,3528,1733,1795,0,0,0,0
23/08/2018 13:42,201806,NORTH AFRICA,TUNISIA,BRISTOL,ENFIDHA - HAMMAMET INTL,1585,0,1585,0,0,0,0
23/08/2018 13:42,201806,NORTH AFRICA,TUNISIA,GLASGOW,ENFIDHA - HAMMAMET INTL,1697,1697,0,0,0,0,0
23/08/2018 13:42,201806,NORTH AFRICA,TUNISIA,MANCHESTER,ENFIDHA - HAMMAMET INTL,5306,3843,1463,0,0,0,0
23/08/2018 13:42,201806,NORTH AFRICA,TUNISIA,NEWCASTLE,ENFIDHA - HAMMAMET INTL,1699,1699,0,0,0,0,0
23/08/2018 13:42,201806,EAST AFRICA,ETHIOPIA,HEATHROW,ADDIS ABABA,18053,18053,0,13346,13346,0,35.268994
23/08/2018 13:42,201806,EAST AFRICA,KENYA,HEATHROW,NAIROBI,30806,30806,0,29602,29602,0,4.067293
23/08/2018 13:42,201806,EAST AFRICA,RWANDA,GATWICK,KIGALI,867,867,0,1680,1680,0,-48.392857
23/08/2018 13:42,201806,WEST AFRICA,GAMBIA,GATWICK,BANJUL,1122,0,1122,943,0,943,18.981972
23/08/2018 13:42,201806,WEST AFRICA,GHANA,GATWICK,ACCRA,0,0,0,140,0,140,-100
23/08/2018 13:42,201806,WEST AFRICA,GHANA,HEATHROW,ACCRA,17132,17132,0,17218,17218,0,-0.499477
23/08/2018 13:42,201806,WEST AFRICA,NIGERIA,GATWICK,LAGOS,0,0,0,2730,2730,0,-100
23/08/2018 13:42,201806,WEST AFRICA,NIGERIA,HEATHROW,ABUJA,8923,8923,0,7509,7509,0,18.830736
23/08/2018 13:42,201806,WEST AFRICA,NIGERIA,HEATHROW,LAGOS,31029,31029,0,23144,23144,0,34.069305
23/08/2018 13:42,201806,WEST AFRICA,NIGERIA,SOUTHEND,IBADAN,0,0,0,144,144,0,-100
23/08/2018 13:42,201806,CENTRAL AFRICA,ANGOLA,HEATHROW,LUANDA,202,202,0,712,712,0,-71.629213
23/08/2018 13:42,201806,SOUTHERN AFRICA,REPUBLIC OF SOUTH AFRICA,HEATHROW,CAPE TOWN,18750,18750,0,17489,17489,0,7.210246
23/08/2018 13:42,201806,SOUTHERN AFRICA,REPUBLIC OF SOUTH AFRICA,HEATHROW,JOHANNESBURG,66886,66886,0,70592,70592,0,-5.249887
23/08/2018 13:42,201806,MIDDLE EAST,BAHRAIN,HEATHROW,BAHRAIN,25648,25648,0,21120,21120,0,21.439394
23/08/2018 13:42,201806,MIDDLE EAST,IRAN,HEATHROW,TEHRAN IMAM KHOMEINI,12205,12205,0,9750,9750,0,25.179487
23/08/2018 13:42,201806,MIDDLE EAST,IRAQ,GATWICK,BAGHDAD (GECA),260,260,0,287,257,30,-9.407666
23/08/2018 13:42,201806,MIDDLE EAST,IRAQ,GATWICK,SULAYMANIYAH INT,599,599,0,443,443,0,35.214447
23/08/2018 13:42,201806,MIDDLE EAST,IRAQ,MANCHESTER,BAGHDAD (GECA),294,294,0,421,421,0,-30.166271
23/08/2018 13:42,201806,MIDDLE EAST,KUWAIT,HEATHROW,KUWAIT,23853,23853,0,22270,22270,0,7.108217
23/08/2018 13:42,201806,MIDDLE EAST,OMAN,HEATHROW,MUSCAT,25712,25712,0,19891,19891,0,29.264491
23/08/2018 13:42,201806,MIDDLE EAST,OMAN,MANCHESTER,MUSCAT,9688,9688,0,6497,6497,0,49.114976
23/08/2018 13:42,201806,MIDDLE EAST,QATAR,GATWICK,DOHA HAMAD,21902,21902,0,0,0,0,0
23/08/2018 13:42,201806,MIDDLE EAST,QATAR,HEATHROW,DOHA HAMAD,76723,76723,0,84057,84057,0,-8.725032
23/08/2018 13:42,201806,MIDDLE EAST,QATAR,BIRMINGHAM,DOHA HAMAD,7186,7186,0,7725,7725,0,-6.977346
23/08/2018 13:42,201806,MIDDLE EAST,QATAR,CARDIFF WALES,DOHA HAMAD,4491,4491,0,0,0,0,0
23/08/2018 13:42,201806,MIDDLE EAST,QATAR,EDINBURGH,DOHA HAMAD,11280,11280,0,10442,10442,0,8.025283
23/08/2018 13:42,201806,MIDDLE EAST,QATAR,MANCHESTER,DOHA HAMAD,21722,21722,0,19863,19863,0,9.35911
23/08/2018 13:42,201806,MIDDLE EAST,SAUDI ARABIA,HEATHROW,JEDDAH,18201,18201,0,16849,16849,0,8.024215
23/08/2018 13:42,201806,MIDDLE EAST,SAUDI ARABIA,HEATHROW,RIYADH,19473,19473,0,15948,15948,0,22.103085
23/08/2018 13:42,201806,MIDDLE EAST,SAUDI ARABIA,MANCHESTER,JEDDAH,6397,6397,0,6546,6546,0,-2.276199
23/08/2018 13:42,201806,MIDDLE EAST,SAUDI ARABIA,MANCHESTER,RIYADH,0,0,0,977,977,0,-100
23/08/2018 13:42,201806,MIDDLE EAST,UNITED ARAB EMIRATES,GATWICK,DUBAI,80520,80520,0,68386,68386,0,17.743398
23/08/2018 13:42,201806,MIDDLE EAST,UNITED ARAB EMIRATES,HEATHROW,ABU DHABI INTERNATIONAL,74860,74860,0,71500,71500,0,4.699301
23/08/2018 13:42,201806,MIDDLE EAST,UNITED ARAB EMIRATES,HEATHROW,DUBAI,186960,186960,0,191605,191605,0,-2.424258
23/08/2018 13:42,201806,MIDDLE EAST,UNITED ARAB EMIRATES,STANSTED,DUBAI,12116,12116,0,0,0,0,0
23/08/2018 13:42,201806,MIDDLE EAST,UNITED ARAB EMIRATES,BIRMINGHAM,DUBAI,47301,47301,0,42621,42621,0,10.980503
23/08/2018 13:42,201806,MIDDLE EAST,UNITED ARAB EMIRATES,EDINBURGH,ABU DHABI INTERNATIONAL,9885,9885,0,9158,9158,0,7.938415
23/08/2018 13:42,201806,MIDDLE EAST,UNITED ARAB EMIRATES,GLASGOW,DUBAI,35651,35651,0,34416,34416,0,3.588447
23/08/2018 13:42,201806,MIDDLE EAST,UNITED ARAB EMIRATES,MANCHESTER,ABU DHABI INTERNATIONAL,29201,29201,0,26987,26987,0,8.20395
23/08/2018 13:42,201806,MIDDLE EAST,UNITED ARAB EMIRATES,MANCHESTER,DUBAI,72178,72178,0,62307,62307,0,15.842522
23/08/2018 13:42,201806,MIDDLE EAST,UNITED ARAB EMIRATES,NEWCASTLE,DUBAI,17482,17482,0,15845,15845,0,10.331335
23/08/2018 13:42,201806,INDIAN SUB-CONTINENT,BANGLADESH,HEATHROW,DHAKHA,4367,4367,0,3422,3422,0,27.61543
23/08/2018 13:42,201806,INDIAN SUB-CONTINENT,BANGLADESH,HEATHROW,SYLHET,3387,3387,0,2012,2012,0,68.33996
23/08/2018 13:42,201806,INDIAN SUB-CONTINENT,INDIA,HEATHROW,AHMEDABAD,5161,5161,0,5688,5688,0,-9.26512
23/08/2018 13:42,201806,INDIAN SUB-CONTINENT,INDIA,HEATHROW,AMRITSAR,249,249,0,116,116,0,114.655172
23/08/2018 13:42,201806,INDIAN SUB-CONTINENT,INDIA,HEATHROW,BANGALORE (BENGALURU),14921,14921,0,16038,16038,0,-6.964709
23/08/2018 13:42,201806,INDIAN SUB-CONTINENT,INDIA,HEATHROW,CHENNAI,12158,12158,0,11772,11772,0,3.278967
23/08/2018 13:42,201806,INDIAN SUB-CONTINENT,INDIA,HEATHROW,DELHI,87783,87783,0,85496,85496,0,2.674979
23/08/2018 13:42,201806,INDIAN SUB-CONTINENT,INDIA,HEATHROW,HYDERABAD ( RAJIV GHANDI ),11579,11579,0,12107,12107,0,-4.361113
23/08/2018 13:42,201806,INDIAN SUB-CONTINENT,INDIA,HEATHROW,MUMBAI,94593,94593,0,79034,79034,0,19.686464
23/08/2018 13:42,201806,INDIAN SUB-CONTINENT,INDIA,BIRMINGHAM,AMRITSAR,5824,5824,0,6067,6067,0,-4.005274
23/08/2018 13:42,201806,INDIAN SUB-CONTINENT,INDIA,BIRMINGHAM,DELHI,5992,5992,0,6461,6461,0,-7.258938
23/08/2018 13:42,201806,INDIAN SUB-CONTINENT,PAKISTAN,GATWICK,ISLAMABAD,70,0,70,0,0,0,0
23/08/2018 13:42,201806,INDIAN SUB-CONTINENT,PAKISTAN,HEATHROW,ISLAMABAD,9996,9996,0,5840,5840,0,71.164384
23/08/2018 13:42,201806,INDIAN SUB-CONTINENT,PAKISTAN,HEATHROW,KARACHI,3652,3652,0,2233,2233,0,63.546798
23/08/2018 13:42,201806,INDIAN SUB-CONTINENT,PAKISTAN,HEATHROW,LAHORE,7100,7100,0,4460,4460,0,59.192825
23/08/2018 13:42,201806,INDIAN SUB-CONTINENT,PAKISTAN,BIRMINGHAM,ISLAMABAD,6202,6202,0,3429,3429,0,80.869058
23/08/2018 13:42,201806,INDIAN SUB-CONTINENT,PAKISTAN,MANCHESTER,ISLAMABAD,10664,10664,0,8223,8223,0,29.68503
23/08/2018 13:42,201806,INDIAN SUB-CONTINENT,PAKISTAN,MANCHESTER,KARACHI,0,0,0,162,162,0,-100
23/08/2018 13:42,201806,INDIAN SUB-CONTINENT,PAKISTAN,MANCHESTER,LAHORE,4104,4104,0,2110,2110,0,94.50237
23/08/2018 13:42,201806,INDIAN SUB-CONTINENT,SRI LANKA,HEATHROW,COLOMBO,16488,16488,0,16028,16028,0,2.869978
23/08/2018 13:42,201806,FAR EAST,BRUNEI,HEATHROW,BANDAR SERI BEGAWAN,6683,6683,0,7568,7568,0,-11.693975
23/08/2018 13:42,201806,FAR EAST,CHINA,GATWICK,CHONGQING JIANGBEI INTERNATIONAL,1734,1734,0,2981,2981,0,-41.8316
23/08/2018 13:42,201806,FAR EAST,CHINA,GATWICK,TIANJIN,2003,2003,0,771,771,0,159.792477
23/08/2018 13:42,201806,FAR EAST,CHINA,HEATHROW,BEIJING,49159,49159,0,42381,41939,442,15.993016
23/08/2018 13:42,201806,FAR EAST,CHINA,HEATHROW,CHANGSHA HUANGHUA INTERNATIONAL AIRPORT,4347,4347,0,0,0,0,0
23/08/2018 13:42,201806,FAR EAST,CHINA,HEATHROW,GUANGZHOU BAIYUN INTERNATIONAL,12654,12654,0,24275,24275,0,-47.872297
23/08/2018 13:42,201806,FAR EAST,CHINA,HEATHROW,QINGDAO,2154,2154,0,0,0,0,0
23/08/2018 13:42,201806,FAR EAST,CHINA,HEATHROW,SHANGHAI (PU DONG),46991,46991,0,45523,45523,0,3.224744
23/08/2018 13:42,201806,FAR EAST,CHINA,HEATHROW,TIANJIN,448,448,0,0,0,0,0
23/08/2018 13:42,201806,FAR EAST,CHINA,HEATHROW,WUHAN TIANHE INTERNATIONAL,4626,4626,0,0,0,0,0
23/08/2018 13:42,201806,FAR EAST,CHINA,HEATHROW,XIAN XIANYANG,3456,3456,0,0,0,0,0
23/08/2018 13:42,201806,FAR EAST,CHINA,EDINBURGH,BEIJING,2793,2793,0,0,0,0,0
23/08/2018 13:42,201806,FAR EAST,CHINA,MANCHESTER,BEIJING,7061,7061,0,7190,7190,0,-1.794159
23/08/2018 13:42,201806,FAR EAST,HONG KONG,GATWICK,HONG KONG (CHEK LAP KOK),14524,14524,0,14727,14727,0,-1.378421
23/08/2018 13:42,201806,FAR EAST,HONG KONG,HEATHROW,HONG KONG (CHEK LAP KOK),133421,133421,0,135756,135756,0,-1.719998
23/08/2018 13:42,201806,FAR EAST,HONG KONG,MANCHESTER,HONG KONG (CHEK LAP KOK),15841,15841,0,11403,11403,0,38.919583
23/08/2018 13:42,201806,FAR EAST,INDONESIA,HEATHROW,JAKARTA (SOEKARNO-HATTA INTNL),5356,5356,0,1768,1768,0,202.941176
23/08/2018 13:42,201806,FAR EAST,JAPAN,HEATHROW,TOKYO (HANEDA),50972,50972,0,38844,38844,0,31.222325
23/08/2018 13:42,201806,FAR EAST,JAPAN,HEATHROW,TOKYO (NARITA),4428,4428,0,11255,11255,0,-60.657486
23/08/2018 13:42,201806,FAR EAST,MALAYSIA,HEATHROW,KUALA LUMPUR (SEPANG),42498,42498,0,55078,55078,0,-22.840336
23/08/2018 13:42,201806,FAR EAST,PHILIPPINES,HEATHROW,MANILA,16749,16749,0,12164,12164,0,37.693193
23/08/2018 13:42,201806,FAR EAST,REPUBLIC OF KOREA,HEATHROW,SEOUL (INCHEON),46985,46985,0,43920,43920,0,6.978597
23/08/2018 13:42,201806,FAR EAST,REPUBLIC OF KOREA,GLASGOW,SEOUL (INCHEON),320,0,320,0,0,0,0
23/08/2018 13:42,201806,FAR EAST,SINGAPORE,GATWICK,SINGAPORE,8923,8923,0,0,0,0,0
23/08/2018 13:42,201806,FAR EAST,SINGAPORE,HEATHROW,SINGAPORE,127080,127080,0,108046,108046,0,17.616571
23/08/2018 13:42,201806,FAR EAST,SINGAPORE,MANCHESTER,SINGAPORE,5255,5255,0,6632,6632,0,-20.762967
23/08/2018 13:42,201806,FAR EAST,TAIWAN,GATWICK,TAIPEI,11195,11195,0,0,0,0,0
23/08/2018 13:42,201806,FAR EAST,TAIWAN,HEATHROW,TAIPEI,3426,3426,0,3933,3933,0,-12.890923
23/08/2018 13:42,201806,FAR EAST,THAILAND,HEATHROW,BANGKOK SUVARNABHUMI ,66350,66350,0,66954,66954,0,-0.902112
23/08/2018 13:42,201806,FAR EAST,VIETNAM,HEATHROW,HANOI,6176,6176,0,6485,6485,0,-4.764842
23/08/2018 13:42,201806,FAR EAST,VIETNAM,HEATHROW,HO CHI MINH CITY,4728,4728,0,4279,4279,0,10.493106
23/08/2018 13:42,201806,AUSTRALASIA,AUSTRALIA,HEATHROW,MELBOURNE,1780,1780,0,12938,12938,0,-86.242078
23/08/2018 13:42,201806,AUSTRALASIA,AUSTRALIA,HEATHROW,PERTH (AUSTRALIA),11856,11856,0,0,0,0,0
23/08/2018 13:42,201806,AUSTRALASIA,AUSTRALIA,HEATHROW,SYDNEY,15101,15101,0,25763,25763,0,-41.384932
23/08/2018 13:42,201806,AUSTRALASIA,NEW ZEALAND,HEATHROW,AUCKLAND INTERNATIONAL,1503,1503,0,1694,1694,0,-11.275089
23/08/2018 13:42,201806,CANADA,CANADA,GATWICK,CALGARY,18779,18779,0,16724,16724,0,12.28773
23/08/2018 13:42,201806,CANADA,CANADA,GATWICK,EDMONTON,1265,1265,0,987,987,0,28.16616
23/08/2018 13:42,201806,CANADA,CANADA,GATWICK,GANDER,342,342,0,0,0,0,0
23/08/2018 13:42,201806,CANADA,CANADA,GATWICK,HALIFAX INT,8268,8268,0,0,0,0,0
23/08/2018 13:42,201806,CANADA,CANADA,GATWICK,MONTREAL (DORVAL),4967,4967,0,4013,4013,0,23.772739
23/08/2018 13:42,201806,CANADA,CANADA,GATWICK,OTTAWA INTERNATIONAL,0,0,0,6923,6923,0,-100
23/08/2018 13:42,201806,CANADA,CANADA,GATWICK,ST JOHNS,164,164,0,0,0,0,0
23/08/2018 13:42,201806,CANADA,CANADA,GATWICK,TORONTO,43899,43899,0,46335,46335,0,-5.257365
23/08/2018 13:42,201806,CANADA,CANADA,GATWICK,VANCOUVER,27164,27164,0,29929,29929,0,-9.238531
23/08/2018 13:42,201806,CANADA,CANADA,GATWICK,WINNIPEG,780,780,0,469,469,0,66.311301
23/08/2018 13:42,201806,CANADA,CANADA,HEATHROW,CALGARY,27386,27386,0,28548,28548,0,-4.070338
23/08/2018 13:42,201806,CANADA,CANADA,HEATHROW,HALIFAX INT,7509,7509,0,7783,7783,0,-3.520493
23/08/2018 13:42,201806,CANADA,CANADA,HEATHROW,MONTREAL (DORVAL),26907,26907,0,30041,30041,0,-10.432409
23/08/2018 13:42,201806,CANADA,CANADA,HEATHROW,OTTAWA INTERNATIONAL,10407,10407,0,10062,10062,0,3.428742
23/08/2018 13:42,201806,CANADA,CANADA,HEATHROW,ST JOHNS,4806,4806,0,3681,3681,0,30.562347
23/08/2018 13:42,201806,CANADA,CANADA,HEATHROW,TORONTO,102933,102933,0,94674,94674,0,8.72362
23/08/2018 13:42,201806,CANADA,CANADA,HEATHROW,VANCOUVER,56157,56157,0,46835,46835,0,19.903918
23/08/2018 13:42,201806,CANADA,CANADA,STANSTED,TORONTO,3690,3690,0,0,0,0,0
23/08/2018 13:42,201806,CANADA,CANADA,BIRMINGHAM,TORONTO,0,0,0,2494,2494,0,-100
23/08/2018 13:42,201806,CANADA,CANADA,EDINBURGH,TORONTO,4750,4750,0,3862,3862,0,22.993268
23/08/2018 13:42,201806,CANADA,CANADA,GLASGOW,TORONTO,18674,18674,0,19438,19438,0,-3.930446
23/08/2018 13:42,201806,CANADA,CANADA,GLASGOW,VANCOUVER,2028,2028,0,2069,2069,0,-1.981634
23/08/2018 13:42,201806,CANADA,CANADA,MANCHESTER,IQALUIT,1,1,0,0,0,0,0
23/08/2018 13:42,201806,CANADA,CANADA,MANCHESTER,TORONTO,17630,17630,0,15380,15380,0,14.629389
23/08/2018 13:42,201806,CANADA,CANADA,MANCHESTER,VANCOUVER,6814,6814,0,6097,6097,0,11.759882
23/08/2018 13:42,201806,UNITED STATES OF AMERICA,USA,GATWICK,AUSTIN (BERGSTROM),8059,8059,0,0,0,0,0
23/08/2018 13:42,201806,UNITED STATES OF AMERICA,USA,GATWICK,BOSTON,18270,18270,0,11441,11441,0,59.688838
23/08/2018 13:42,201806,UNITED STATES OF AMERICA,USA,GATWICK,CHICAGO (O'HARE),18949,18949,0,1,0,1,1894800
23/08/2018 13:42,201806,UNITED STATES OF AMERICA,USA,GATWICK,DALLAS/FORT WORTH,0,0,0,13,0,13,-100
23/08/2018 13:42,201806,UNITED STATES OF AMERICA,USA,GATWICK,DENVER INTERNATIONAL,8492,8492,0,0,0,0,0
23/08/2018 13:42,201806,UNITED STATES OF AMERICA,USA,GATWICK,FORT LAUDERDALE,13284,13284,0,5546,5546,0,139.523981
23/08/2018 13:42,201806,UNITED STATES OF AMERICA,USA,GATWICK,LAS VEGAS,29252,29252,0,22779,22779,0,28.416524
23/08/2018 13:42,201806,UNITED STATES OF AMERICA,USA,GATWICK,LOS ANGELES INTERNATIONAL,29543,29543,0,19695,19695,0,50.002539
23/08/2018 13:42,201806,UNITED STATES OF AMERICA,USA,GATWICK,NEW YORK (JF KENNEDY),50750,50750,0,32535,32535,0,55.985861
23/08/2018 13:42,201806,UNITED STATES OF AMERICA,USA,GATWICK,OAKLAND,21754,21754,0,21672,21672,0,0.378368
23/08/2018 13:42,201806,UNITED STATES OF AMERICA,USA,GATWICK,ORLANDO,83222,83222,0,78096,78083,13,6.563716
23/08/2018 13:42,201806,UNITED STATES OF AMERICA,USA,GATWICK,SANFORD,4865,0,4865,5208,0,5208,-6.586022
23/08/2018 13:42,201806,UNITED STATES OF AMERICA,USA,GATWICK,SEATTLE (TACOMA),10786,10786,0,0,0,0,0
23/08/2018 13:42,201806,UNITED STATES OF AMERICA,USA,GATWICK,TAMPA,12579,12579,0,11350,11350,0,10.828194
23/08/2018 13:42,201806,UNITED STATES OF AMERICA,USA,HEATHROW,ATLANTA,57454,57454,0,66516,66516,0,-13.62379
23/08/2018 13:42,201806,UNITED STATES OF AMERICA,USA,HEATHROW,AUSTIN (BERGSTROM),17830,17830,0,11282,11282,0,58.039355
23/08/2018 13:42,201806,UNITED STATES OF AMERICA,USA,HEATHROW,BALTIMORE,11831,11831,0,11517,11517,0,2.726404
23/08/2018 13:42,201806,UNITED STATES OF AMERICA,USA,HEATHROW,BOSTON,86935,86935,0,79935,79935,0,8.757115
23/08/2018 13:42,201806,UNITED STATES OF AMERICA,USA,HEATHROW,CHARLOTTE,31194,31194,0,28582,28582,0,9.138619
23/08/2018 13:42,201806,UNITED STATES OF AMERICA,USA,HEATHROW,CHICAGO (O'HARE),119479,119479,0,108612,108612,0,10.00534
23/08/2018 13:42,201806,UNITED STATES OF AMERICA,USA,HEATHROW,DALLAS/FORT WORTH,70414,70414,0,67189,67189,0,4.799893
23/08/2018 13:42,201806,UNITED STATES OF AMERICA,USA,HEATHROW,DENVER INTERNATIONAL,31850,31850,0,18883,18883,0,68.670232
23/08/2018 13:42,201806,UNITED STATES OF AMERICA,USA,HEATHROW,DETROIT,18362,18362,0,16855,16855,0,8.940967
23/08/2018 13:42,201806,UNITED STATES OF AMERICA,USA,HEATHROW,HOUSTON,51294,51294,0,48942,48942,0,4.805688
23/08/2018 13:42,201806,UNITED STATES OF AMERICA,USA,HEATHROW,LAS VEGAS,26221,26221,0,27392,27392,0,-4.274971
23/08/2018 13:42,201806,UNITED STATES OF AMERICA,USA,HEATHROW,LOS ANGELES INTERNATIONAL,155691,155691,0,149594,149594,0,4.075698
23/08/2018 13:42,201806,UNITED STATES OF AMERICA,USA,HEATHROW,MIAMI INTERNATIONAL,79931,79931,0,77880,77880,0,2.633539
23/08/2018 13:42,201806,UNITED STATES OF AMERICA,USA,HEATHROW,MINNEAPOLIS-ST PAUL,12140,12140,0,12065,12065,0,0.621633
23/08/2018 13:42,201806,UNITED STATES OF AMERICA,USA,HEATHROW,NASHVILLE METROPOLITAN,8777,8777,0,0,0,0,0
23/08/2018 13:42,201806,UNITED STATES OF AMERICA,USA,HEATHROW,NEW ORLEANS,8048,8048,0,5863,5863,0,37.26761
23/08/2018 13:42,201806,UNITED STATES OF AMERICA,USA,HEATHROW,NEW YORK (JF KENNEDY),282529,282529,0,260323,260323,0,8.530172
23/08/2018 13:42,201806,UNITED STATES OF AMERICA,USA,HEATHROW,NEW YORK (NEWARK),100969,100969,0,91236,91236,0,10.667938
23/08/2018 13:42,201806,UNITED STATES OF AMERICA,USA,HEATHROW,PHILADELPHIA INTERNATIONAL,48147,48147,0,48966,48966,0,-1.672589
23/08/2018 13:42,201806,UNITED STATES OF AMERICA,USA,HEATHROW,PHOENIX,26887,26887,0,24407,24407,0,10.161019
23/08/2018 13:42,201806,UNITED STATES OF AMERICA,USA,HEATHROW,PORTLAND (OREGON),6430,6430,0,5445,5445,0,18.089991
23/08/2018 13:42,201806,UNITED STATES OF AMERICA,USA,HEATHROW,RALEIGH,13638,13638,0,12300,12300,0,10.878049
23/08/2018 13:42,201806,UNITED STATES OF AMERICA,USA,HEATHROW,SALT LAKE CITY,12004,12004,0,11434,11434,0,4.985132
23/08/2018 13:42,201806,UNITED STATES OF AMERICA,USA,HEATHROW,SAN DIEGO,16212,16212,0,15392,15392,0,5.327443
23/08/2018 13:42,201806,UNITED STATES OF AMERICA,USA,HEATHROW,SAN FRANCISCO,105659,105659,0,95748,95748,0,10.35113
23/08/2018 13:42,201806,UNITED STATES OF AMERICA,USA,HEATHROW,SAN JOSE,6953,6953,0,11027,11027,0,-36.945679
23/08/2018 13:42,201806,UNITED STATES OF AMERICA,USA,HEATHROW,SEATTLE (TACOMA),38312,38312,0,37179,37179,0,3.047419
23/08/2018 13:42,201806,UNITED STATES OF AMERICA,USA,HEATHROW,WASHINGTON (DULLES),82528,82528,0,83407,83407,0,-1.053868
23/08/2018 13:42,201806,UNITED STATES OF AMERICA,USA,LONDON CITY,NEW YORK (JF KENNEDY),905,905,0,1197,1197,0,-24.394319
23/08/2018 13:42,201806,UNITED STATES OF AMERICA,USA,STANSTED,BOSTON,5291,5291,0,0,0,0,0
23/08/2018 13:42,201806,UNITED STATES OF AMERICA,USA,STANSTED,NEW YORK (NEWARK),9847,9847,0,0,0,0,0
23/08/2018 13:42,201806,UNITED STATES OF AMERICA,USA,STANSTED,ORLANDO,0,0,0,315,315,0,-100
23/08/2018 13:42,201806,UNITED STATES OF AMERICA,USA,BELFAST INTERNATIONAL,NEWBURGH/USA,2879,2879,0,0,0,0,0
23/08/2018 13:42,201806,UNITED STATES OF AMERICA,USA,BELFAST INTERNATIONAL,ORLANDO,3516,3516,0,2071,1641,430,69.773056
23/08/2018 13:42,201806,UNITED STATES OF AMERICA,USA,BELFAST INTERNATIONAL,PROVIDENCE,2251,2251,0,0,0,0,0
23/08/2018 13:42,201806,UNITED STATES OF AMERICA,USA,BIRMINGHAM,NEW YORK (NEWARK),4336,4336,0,8219,8219,0,-47.24419
23/08/2018 13:42,201806,UNITED STATES OF AMERICA,USA,BIRMINGHAM,ORLANDO,0,0,0,315,315,0,-100
23/08/2018 13:42,201806,UNITED STATES OF AMERICA,USA,BIRMINGHAM,SANFORD,2488,0,2488,2463,0,2463,1.015022
23/08/2018 13:42,201806,UNITED STATES OF AMERICA,USA,BRISTOL,SANFORD,2079,0,2079,1971,0,1971,5.479452
23/08/2018 13:42,201806,UNITED STATES OF AMERICA,USA,CARDIFF WALES,ORLANDO,0,0,0,313,0,313,-100
23/08/2018 13:42,201806,UNITED STATES OF AMERICA,USA,EAST MIDLANDS INTERNATIONAL,SANFORD,1660,0,1660,1877,0,1877,-11.561002
23/08/2018 13:42,201806,UNITED STATES OF AMERICA,USA,EDINBURGH,CHICAGO (O'HARE),9336,9336,0,8578,8578,0,8.836559
23/08/2018 13:42,201806,UNITED STATES OF AMERICA,USA,EDINBURGH,NEW YORK (JF KENNEDY),18422,18422,0,16882,16882,0,9.122142
23/08/2018 13:42,201806,UNITED STATES OF AMERICA,USA,EDINBURGH,NEW YORK (NEWARK),9328,9328,0,15337,15337,0,-39.179761
23/08/2018 13:42,201806,UNITED STATES OF AMERICA,USA,EDINBURGH,NEWBURGH/USA,5283,5283,0,3972,3972,0,33.006042
23/08/2018 13:42,201806,UNITED STATES OF AMERICA,USA,EDINBURGH,PROVIDENCE,4175,4175,0,1749,1749,0,138.707833
23/08/2018 13:42,201806,UNITED STATES OF AMERICA,USA,EDINBURGH,SANFORD,504,0,504,269,0,269,87.360595
23/08/2018 13:42,201806,UNITED STATES OF AMERICA,USA,EDINBURGH,WASHINGTON (DULLES),8571,8571,0,0,0,0,0
23/08/2018 13:42,201806,UNITED STATES OF AMERICA,USA,EDINBURGH,WINDSOR LOCKS BRADLEY INTL,0,0,0,1436,1436,0,-100
23/08/2018 13:42,201806,UNITED STATES OF AMERICA,USA,GLASGOW,LAS VEGAS,2832,2832,0,6115,6115,0,-53.687653
23/08/2018 13:42,201806,UNITED STATES OF AMERICA,USA,GLASGOW,NEW YORK (JF KENNEDY),9011,9011,0,8504,8504,0,5.9619
23/08/2018 13:42,201806,UNITED STATES OF AMERICA,USA,GLASGOW,NEW YORK (NEWARK),9578,9135,443,7603,7603,0,25.976588
23/08/2018 13:42,201806,UNITED STATES OF AMERICA,USA,GLASGOW,ORLANDO,17103,17103,0,15597,15597,0,9.655703
23/08/2018 13:42,201806,UNITED STATES OF AMERICA,USA,GLASGOW,PHILADELPHIA INTERNATIONAL,8912,8912,0,8221,8221,0,8.405303
23/08/2018 13:42,201806,UNITED STATES OF AMERICA,USA,GLASGOW,SANFORD,4167,0,4167,3553,0,3553,17.281171
23/08/2018 13:42,201806,UNITED STATES OF AMERICA,USA,MANCHESTER,ATLANTA,10763,10763,0,12478,12478,0,-13.74419
23/08/2018 13:42,201806,UNITED STATES OF AMERICA,USA,MANCHESTER,BOSTON,10324,10324,0,10875,10875,0,-5.066667
23/08/2018 13:42,201806,UNITED STATES OF AMERICA,USA,MANCHESTER,CHICAGO (O'HARE),8702,8702,0,7891,7891,0,10.277531
23/08/2018 13:42,201806,UNITED STATES OF AMERICA,USA,MANCHESTER,HOUSTON,4864,4864,0,6199,6199,0,-21.535732
23/08/2018 13:42,201806,UNITED STATES OF AMERICA,USA,MANCHESTER,LAS VEGAS,19647,19647,0,17076,17076,0,15.056219
23/08/2018 13:42,201806,UNITED STATES OF AMERICA,USA,MANCHESTER,LOS ANGELES INTERNATIONAL,7349,7349,0,7102,7102,0,3.477894
23/08/2018 13:42,201806,UNITED STATES OF AMERICA,USA,MANCHESTER,MIAMI INTERNATIONAL,0,0,0,4519,4519,0,-100
23/08/2018 13:42,201806,UNITED STATES OF AMERICA,USA,MANCHESTER,NEW YORK (JF KENNEDY),38064,38064,0,38119,38119,0,-0.144285
23/08/2018 13:42,201806,UNITED STATES OF AMERICA,USA,MANCHESTER,NEW YORK (NEWARK),9113,9113,0,8109,8109,0,12.381305
23/08/2018 13:42,201806,UNITED STATES OF AMERICA,USA,MANCHESTER,ORLANDO,50906,50906,0,46569,46569,0,9.313062
23/08/2018 13:42,201806,UNITED STATES OF AMERICA,USA,MANCHESTER,PHILADELPHIA INTERNATIONAL,10654,10654,0,10991,10991,0,-3.066145
23/08/2018 13:42,201806,UNITED STATES OF AMERICA,USA,MANCHESTER,SAN FRANCISCO,12758,12758,0,9438,9438,0,35.176944
23/08/2018 13:42,201806,UNITED STATES OF AMERICA,USA,MANCHESTER,SANFORD,4830,0,4830,6567,0,6567,-26.450434
23/08/2018 13:42,201806,UNITED STATES OF AMERICA,USA,MANCHESTER,SEATTLE (TACOMA),4604,4604,0,0,0,0,0
23/08/2018 13:42,201806,UNITED STATES OF AMERICA,USA,NEWCASTLE,SANFORD,3177,3177,0,3919,3919,0,-18.933401
23/08/2018 13:42,201806,CENTRAL AMERICA,COSTA RICA,GATWICK,LIBERIA,2206,0,2206,2381,0,2381,-7.349853
23/08/2018 13:42,201806,CENTRAL AMERICA,COSTA RICA,GATWICK,SAN JOSE COST RICA,3842,3842,0,3716,3716,0,3.390743
23/08/2018 13:42,201806,CENTRAL AMERICA,CUBA,GATWICK,CUNAGUA (CAYO COCO),2438,2438,0,2485,2485,0,-1.891348
23/08/2018 13:42,201806,CENTRAL AMERICA,CUBA,GATWICK,HAVANA,4290,4290,0,4832,4832,0,-11.216887
23/08/2018 13:42,201806,CENTRAL AMERICA,CUBA,GATWICK,HOLGUIN (FRANK PAIS),2307,2307,0,2436,2436,0,-5.295567
23/08/2018 13:42,201806,CENTRAL AMERICA,CUBA,GATWICK,VARADERO,2644,0,2644,5400,2044,3356,-51.037037
23/08/2018 13:42,201806,CENTRAL AMERICA,CUBA,GLASGOW,CUNAGUA (CAYO COCO),320,320,0,308,308,0,3.896104
23/08/2018 13:42,201806,CENTRAL AMERICA,CUBA,MANCHESTER,CUNAGUA (CAYO COCO),2084,2084,0,4996,4996,0,-58.286629
23/08/2018 13:42,201806,CENTRAL AMERICA,CUBA,MANCHESTER,HOLGUIN (FRANK PAIS),5052,5052,0,5935,5935,0,-14.877843
23/08/2018 13:42,201806,CENTRAL AMERICA,CUBA,MANCHESTER,SANTA CLARA,2792,2792,0,2370,0,2370,17.805907
23/08/2018 13:42,201806,CENTRAL AMERICA,CUBA,MANCHESTER,VARADERO,3047,3047,0,2759,2759,0,10.438565
23/08/2018 13:42,201806,CENTRAL AMERICA,DOMINICAN REPUBLIC,GATWICK,PUERTO PLATA,0,0,0,2398,0,2398,-100
23/08/2018 13:42,201806,CENTRAL AMERICA,DOMINICAN REPUBLIC,GATWICK,PUNTA CANA,14876,6823,8053,14735,6206,8529,0.956905
23/08/2018 13:42,201806,CENTRAL AMERICA,DOMINICAN REPUBLIC,BIRMINGHAM,PUNTA CANA,4958,0,4958,4688,0,4688,5.759386
23/08/2018 13:42,201806,CENTRAL AMERICA,DOMINICAN REPUBLIC,BRISTOL,PUNTA CANA,2482,0,2482,0,0,0,0
23/08/2018 13:42,201806,CENTRAL AMERICA,DOMINICAN REPUBLIC,MANCHESTER,PUERTO PLATA,2296,0,2296,2383,0,2383,-3.65086
23/08/2018 13:42,201806,CENTRAL AMERICA,DOMINICAN REPUBLIC,MANCHESTER,PUNTA CANA,13683,7947,5736,10791,2710,8081,26.800111
23/08/2018 13:42,201806,CENTRAL AMERICA,MEXICO,GATWICK,CANCUN,34948,34948,0,35142,35142,0,-0.552046
23/08/2018 13:42,201806,CENTRAL AMERICA,MEXICO,GATWICK,PUERTO VALLARTA,2844,0,2844,2365,0,2365,20.2537
23/08/2018 13:42,201806,CENTRAL AMERICA,MEXICO,HEATHROW,MEXICO CITY,22633,22633,0,23359,23359,0,-3.10801
23/08/2018 13:42,201806,CENTRAL AMERICA,MEXICO,STANSTED,CANCUN,0,0,0,807,807,0,-100
23/08/2018 13:42,201806,CENTRAL AMERICA,MEXICO,BELFAST INTERNATIONAL,CANCUN,0,0,0,345,0,345,-100
23/08/2018 13:42,201806,CENTRAL AMERICA,MEXICO,BIRMINGHAM,CANCUN,3508,3508,0,5014,5014,0,-30.035899
23/08/2018 13:42,201806,CENTRAL AMERICA,MEXICO,BRISTOL,CANCUN,1948,1948,0,1690,1690,0,15.266272
23/08/2018 13:42,201806,CENTRAL AMERICA,MEXICO,EAST MIDLANDS INTERNATIONAL,CANCUN,2041,2041,0,2000,2000,0,2.05
23/08/2018 13:42,201806,CENTRAL AMERICA,MEXICO,EDINBURGH,CANCUN,580,580,0,278,278,0,108.633094
23/08/2018 13:42,201806,CENTRAL AMERICA,MEXICO,GLASGOW,CANCUN,9886,5717,4169,6916,3465,3451,42.943898
23/08/2018 13:42,201806,CENTRAL AMERICA,MEXICO,MANCHESTER,CANCUN,31967,31967,0,22005,22005,0,45.271529
23/08/2018 13:42,201806,CENTRAL AMERICA,MEXICO,MANCHESTER,PUERTO VALLARTA,2650,0,2650,2628,0,2628,0.837139
23/08/2018 13:42,201806,CENTRAL AMERICA,MEXICO,NEWCASTLE,CANCUN,3185,3185,0,3996,3996,0,-20.295295
23/08/2018 13:42,201806,SOUTH AMERICA,ARGENTINA,GATWICK,BUENOS AIRES,10238,10238,0,0,0,0,0
23/08/2018 13:42,201806,SOUTH AMERICA,ARGENTINA,HEATHROW,BUENOS AIRES,14983,14983,0,15063,15063,0,-0.531103
23/08/2018 13:42,201806,SOUTH AMERICA,BRAZIL,HEATHROW,RIO DE JANEIRO (GALEAO),11271,11271,0,8395,8395,0,34.258487
23/08/2018 13:42,201806,SOUTH AMERICA,BRAZIL,HEATHROW,SAO PAULO (GUARULHOS),41257,41257,0,33662,33662,0,22.562533
23/08/2018 13:42,201806,SOUTH AMERICA,CHILE,HEATHROW,SANTIAGO DE CHILE,6080,6080,0,6358,6358,0,-4.372444
23/08/2018 13:42,201806,SOUTH AMERICA,COLOMBIA,HEATHROW,BOGOTA,13372,13372,0,13589,13589,0,-1.59688
23/08/2018 13:42,201806,SOUTH AMERICA,PERU,GATWICK,LIMA,6753,6753,0,5212,5212,0,29.566385
23/08/2018 13:42,201806,CARIBBEAN AREA,ANTIGUA AND BARBUDA,GATWICK,ANTIGUA,11746,11746,0,11769,11769,0,-0.195429
23/08/2018 13:42,201806,CARIBBEAN AREA,BAHAMAS,HEATHROW,NASSAU,4356,4356,0,4283,4283,0,1.704413
23/08/2018 13:42,201806,CARIBBEAN AREA,BARBADOS,GATWICK,BRIDGETOWN,26337,26337,0,25250,25250,0,4.30495
23/08/2018 13:42,201806,CARIBBEAN AREA,BARBADOS,MANCHESTER,BRIDGETOWN,4344,4344,0,4290,4290,0,1.258741
23/08/2018 13:42,201806,CARIBBEAN AREA,BERMUDA,GATWICK,BERMUDA,9492,9492,0,11595,11595,0,-18.137128
23/08/2018 13:42,201806,CARIBBEAN AREA,CAYMAN ISLANDS,HEATHROW,GRAND CAYMAN,3126,3126,0,2547,2547,0,22.732627
23/08/2018 13:42,201806,CARIBBEAN AREA,GRENADA,GATWICK,GRENADA,1804,1804,0,1884,1884,0,-4.246285
23/08/2018 13:42,201806,CARIBBEAN AREA,ISLE OF CURACAO NETH.ANTILLES,GATWICK,ARUBA,2386,0,2386,2300,0,2300,3.73913
23/08/2018 13:42,201806,CARIBBEAN AREA,ISLE OF CURACAO NETH.ANTILLES,MANCHESTER,ARUBA,0,0,0,2370,0,2370,-100
23/08/2018 13:42,201806,CARIBBEAN AREA,JAMAICA,GATWICK,KINGSTON,7709,7709,0,8935,8935,0,-13.721321
23/08/2018 13:42,201806,CARIBBEAN AREA,JAMAICA,GATWICK,MONTEGO BAY,15842,6951,8891,15889,7307,8582,-0.295802
23/08/2018 13:42,201806,CARIBBEAN AREA,JAMAICA,STANSTED,MONTEGO BAY,0,0,0,1078,0,1078,-100
23/08/2018 13:42,201806,CARIBBEAN AREA,JAMAICA,BIRMINGHAM,MONTEGO BAY,4353,0,4353,2375,0,2375,83.284211
23/08/2018 13:42,201806,CARIBBEAN AREA,JAMAICA,GLASGOW,MONTEGO BAY,270,0,270,565,0,565,-52.212389
23/08/2018 13:42,201806,CARIBBEAN AREA,JAMAICA,MANCHESTER,MONTEGO BAY,5769,0,5769,5051,0,5051,14.215007
23/08/2018 13:42,201806,CARIBBEAN AREA,SAINT KITTS AND NEVIS,GATWICK,ST KITTS,1612,1612,0,1314,1314,0,22.678843
23/08/2018 13:42,201806,CARIBBEAN AREA,ST LUCIA,GATWICK,ST LUCIA (HEWANORRA),15323,13031,2292,14976,12073,2903,2.317041
23/08/2018 13:42,201806,CARIBBEAN AREA,TRINIDAD AND TOBAGO,GATWICK,PORT OF SPAIN,5122,5122,0,5643,5643,0,-9.232678
23/08/2018 13:42,201806,CARIBBEAN AREA,TRINIDAD AND TOBAGO,GATWICK,TOBAGO,2625,2625,0,2444,2444,0,7.405892
23/08/2018 13:42,201806,CARIBBEAN AREA,TURKS AND CAICOS ISLANDS,GATWICK,PROVIDENCIALES,929,929,0,788,788,0,17.893401
23/08/2018 13:42,201806,INDIAN OCEAN ISLANDS,MAURITIUS,GATWICK,MAURITIUS,8534,8534,0,8116,8116,0,5.15032
23/08/2018 13:42,201806,INDIAN OCEAN ISLANDS,MAURITIUS,HEATHROW,MAURITIUS,6662,6662,0,5989,5989,0,11.237268
23/08/2018 13:42,201806,INDIAN OCEAN ISLANDS,SEYCHELLES,HEATHROW,SEYCHELLES,2851,2851,0,0,0,0,0
23/08/2018 13:42,201806,ATLANTIC OCEAN ISLANDS,CAPE VERDE ISLANDS,GATWICK,BOA VISTA (RABIL),6002,6002,0,5589,5589,0,7.389515
23/08/2018 13:42,201806,ATLANTIC OCEAN ISLANDS,CAPE VERDE ISLANDS,GATWICK,ILHA DO SAL C.VERDE,5422,5422,0,5678,5678,0,-4.50863
23/08/2018 13:42,201806,ATLANTIC OCEAN ISLANDS,CAPE VERDE ISLANDS,BIRMINGHAM,BOA VISTA (RABIL),1695,1695,0,1712,1712,0,-0.992991
23/08/2018 13:42,201806,ATLANTIC OCEAN ISLANDS,CAPE VERDE ISLANDS,BIRMINGHAM,ILHA DO SAL C.VERDE,1705,1705,0,1738,1738,0,-1.898734
23/08/2018 13:42,201806,ATLANTIC OCEAN ISLANDS,CAPE VERDE ISLANDS,BRISTOL,ILHA DO SAL C.VERDE,2248,2248,0,1931,1931,0,16.416365
23/08/2018 13:42,201806,ATLANTIC OCEAN ISLANDS,CAPE VERDE ISLANDS,GLASGOW,ILHA DO SAL C.VERDE,1834,0,1834,2015,1037,978,-8.98263
23/08/2018 13:42,201806,ATLANTIC OCEAN ISLANDS,CAPE VERDE ISLANDS,MANCHESTER,BOA VISTA (RABIL),5141,5141,0,5606,5606,0,-8.294684
23/08/2018 13:42,201806,ATLANTIC OCEAN ISLANDS,CAPE VERDE ISLANDS,MANCHESTER,ILHA DO SAL C.VERDE,3433,3433,0,5596,5596,0,-38.652609
23/08/2018 13:42,201806,OIL RIGS,OIL RIGS,ABERDEEN,OIL RIGS,30882,0,30882,32566,0,32566,-5.171037
23/08/2018 13:42,201806,OIL RIGS,OIL RIGS,BLACKPOOL,OIL RIGS,1698,0,1698,2076,0,2076,-18.208092
23/08/2018 13:42,201806,OIL RIGS,OIL RIGS,HUMBERSIDE,OIL RIGS,2174,0,2174,1834,0,1834,18.538713
23/08/2018 13:42,201806,OIL RIGS,OIL RIGS,NORWICH,OIL RIGS,8960,0,8960,10758,4,10754,-16.713144
23/08/2018 13:42,201806,OIL RIGS,OIL RIGS,SCATSTA,OIL RIGS,7796,0,7796,6826,0,6826,14.210372
23/08/2018 13:42,201806,OIL RIGS,OIL RIGS,SUMBURGH,OIL RIGS,12,0,12,0,0,0,0

